n 20
m 5
cap 20
Processing
18 10 91 76 3
81 85 100 32 34
83 84 65 25 72
43 49 87 44 51
62 13 63 84 65
56 88 4 53 76
29 6 38 45 22
92 35 47 77 95
20 90 91 18 38
78 47 59 5 77
12 25 57 49 82
64 64 56 60 32
53 81 42 46 28
89 5 22 3 7
64 51 31 95 64
86 84 41 96 13
97 16 59 1 9
31 57 99 68 86
39 70 86 29 31
48 30 8 72 84
Size
5 10 4 8 8
7 2 4 1 1
9 5 7 8 7
3 2 5 4 5
9 5 4 3 9
4 6 2 6 5
3 5 9 1 1
6 2 4 1 4
6 1 5 10 4
6 10 6 10 9
4 9 3 8 10
2 2 8 2 7
8 4 7 9 7
3 6 6 9 5
3 9 4 4 8
4 8 2 8 4
7 8 9 5 9
3 1 2 2 3
6 2 8 9 3
7 5 10 2 9
