n 20
m 5
cap 30
Processing
25 94 68 52 71
6 15 17 46 52
55 38 88 81 73
34 38 84 89 62
100 82 44 15 80
83 47 13 58 17
99 81 29 91 52
73 1 22 7 9
45 30 50 63 37
29 22 8 61 46
66 82 58 12 39
64 94 76 6 46
9 18 35 48 34
84 22 51 49 96
79 89 100 29 27
15 33 35 10 38
38 39 41 45 40
86 73 86 27 32
6 20 88 29 63
6 50 29 7 60
Size
5 5 1 6 7
3 3 6 6 2
7 2 9 4 1
3 10 8 3 4
1 5 3 3 9
6 4 4 7 4
2 2 5 1 6
1 1 5 10 7
8 4 7 10 8
9 3 8 2 7
4 9 7 3 4
8 4 9 2 6
4 8 5 3 2
3 9 9 2 7
10 8 6 2 1
1 5 8 9 3
10 4 7 6 8
4 8 6 3 3
9 6 7 2 9
2 3 7 9 5
