n 20
m 5
cap 30
Processing
94 20 9 17 77
28 14 29 10 3
23 43 65 41 26
72 94 78 29 28
99 39 87 45 13
97 62 7 36 64
75 12 93 54 50
26 29 67 80 9
38 72 77 48 30
59 86 3 10 63
94 29 16 22 57
23 96 78 95 17
4 53 10 88 43
56 21 86 28 18
55 33 27 97 16
35 52 92 74 20
17 83 56 24 88
45 10 98 79 43
45 28 61 53 38
41 60 62 40 18
Size
8 5 7 10 8
2 2 9 7 1
7 6 6 5 7
8 3 4 7 9
10 7 10 10 6
7 9 10 6 6
3 5 4 8 5
1 1 10 2 4
6 9 8 4 6
7 6 10 6 10
7 9 10 7 10
7 4 7 9 8
2 8 2 5 9
10 7 3 7 5
8 8 6 9 5
1 1 8 9 1
6 10 3 9 10
3 4 3 4 5
5 6 6 6 5
5 2 4 1 10
