n 20
m 5
cap 30
Processing
89 63 12 6 19
10 97 90 16 58
1 32 34 50 5
81 52 8 48 82
4 53 34 89 56
36 9 88 26 29
1 23 70 14 58
68 84 93 46 17
75 66 43 15 74
83 82 48 8 67
87 59 73 43 72
66 52 40 47 12
87 55 32 61 90
11 48 5 34 52
29 57 72 68 90
36 41 86 15 66
65 40 72 33 19
76 3 67 25 78
55 45 60 38 3
38 49 88 78 12
Size
10 5 9 7 2
6 6 2 9 6
2 9 6 9 3
2 3 1 4 5
8 7 7 9 3
2 9 4 8 4
1 3 9 2 9
4 10 4 6 10
1 10 7 2 1
6 10 6 4 6
6 9 3 1 2
5 7 8 5 5
6 9 8 8 3
10 6 2 6 2
4 3 2 3 10
7 7 7 9 6
7 10 7 9 4
8 5 4 8 4
7 1 8 5 1
2 8 7 10 1
