n 20
m 5
cap 30
Processing
6 13 80 80 64
91 53 77 91 47
62 57 79 66 6
69 5 84 96 3
97 14 99 85 29
94 98 88 71 3
73 8 26 96 12
21 57 46 57 38
79 1 18 87 95
77 95 80 97 38
28 100 52 48 61
56 12 59 77 21
4 25 89 49 69
40 87 76 33 57
40 30 22 25 94
94 52 2 44 17
42 5 77 46 24
24 25 69 33 30
43 94 3 69 16
90 32 70 26 30
Size
2 2 5 4 4
8 6 2 1 1
8 7 4 1 8
1 1 7 5 4
10 7 4 9 8
2 1 9 3 5
3 1 8 7 9
6 6 10 1 8
5 1 2 2 4
5 10 8 3 6
9 6 1 3 4
10 4 10 7 10
9 2 7 4 9
1 10 2 6 5
7 2 8 8 10
9 1 10 4 10
7 3 4 10 8
5 4 10 9 10
2 3 7 3 3
8 8 10 7 2
