n 20
m 5
cap 30
Processing
53 40 16 4 36
26 43 23 91 53
71 36 95 88 20
95 9 19 5 48
47 25 31 54 37
69 85 86 91 18
46 95 26 56 93
36 32 31 43 66
45 77 5 39 54
19 73 30 36 56
85 7 48 64 77
77 92 24 2 13
15 70 68 5 89
100 23 77 35 63
100 40 36 88 70
92 73 100 36 95
38 80 3 5 57
14 19 72 63 46
5 31 74 73 31
99 92 5 61 71
Size
1 6 5 8 5
9 7 4 10 6
2 10 5 7 3
3 4 6 1 10
8 7 4 8 9
3 9 4 6 9
4 10 5 9 5
6 10 4 7 4
3 6 7 2 10
7 6 10 10 3
8 5 8 3 1
2 1 9 2 9
2 10 10 2 9
7 9 2 4 8
2 3 6 7 1
6 2 5 10 6
10 6 3 1 6
10 8 5 10 2
1 10 5 9 5
10 1 3 4 9
