n 20
m 5
cap 30
Processing
12 10 74 62 25
80 67 40 90 44
42 75 83 99 68
64 65 56 37 91
91 46 32 8 11
24 51 44 56 12
47 68 95 9 59
100 10 61 31 2
58 79 84 20 18
22 57 98 60 18
14 10 2 97 59
23 35 1 93 35
27 65 20 41 97
69 79 79 87 36
84 40 65 42 20
84 1 51 59 93
59 72 88 76 93
21 88 10 3 45
35 54 30 29 52
82 45 100 42 39
Size
4 9 6 4 2
7 1 1 5 2
1 6 4 6 8
1 3 1 4 4
6 6 1 6 8
6 3 8 6 5
4 4 2 9 9
10 4 10 7 5
9 5 2 2 3
6 10 7 5 8
9 7 2 1 9
4 4 5 9 1
3 7 10 10 2
4 3 6 6 4
5 1 5 10 5
1 7 10 6 6
8 8 9 2 1
1 10 7 9 6
3 6 4 4 6
9 5 1 4 8
