n 20
m 5
cap 30
Processing
84 28 18 80 58
68 20 67 65 19
67 58 65 8 84
58 34 79 1 8
53 2 2 49 59
99 91 100 66 53
38 59 79 78 53
73 35 78 21 54
100 22 47 83 12
36 24 67 16 5
55 11 51 49 27
39 56 95 57 44
88 62 97 97 80
57 92 80 95 93
74 2 9 77 93
65 48 61 62 84
31 14 13 14 24
10 55 42 85 13
2 41 66 87 62
54 50 18 38 28
Size
8 7 3 1 6
2 4 10 8 8
4 2 3 7 8
5 2 10 6 6
4 9 5 10 5
7 4 3 8 1
1 5 2 1 1
4 8 8 1 2
1 9 6 4 2
9 3 2 2 10
6 9 1 8 2
5 6 1 7 8
7 7 8 10 3
1 8 3 6 9
6 10 6 5 1
3 6 6 5 10
9 9 8 7 5
8 8 4 10 6
8 8 8 8 7
5 5 2 3 10
