n 20
m 5
cap 30
Processing
86 62 54 20 96
21 77 89 16 13
97 90 35 76 60
98 85 35 20 17
81 11 29 57 1
50 26 58 42 14
35 66 24 76 1
56 86 26 41 32
81 49 18 10 14
70 78 90 13 38
70 68 97 22 5
10 35 3 100 16
45 38 8 91 1
49 99 79 73 16
28 21 91 21 58
1 26 38 47 87
95 99 42 77 94
1 36 45 68 3
53 28 4 60 18
1 19 33 50 15
Size
9 1 2 2 6
9 2 4 4 4
2 4 1 7 1
10 7 4 7 9
1 9 4 4 9
4 1 7 5 6
2 10 2 6 10
1 8 5 6 6
9 8 5 10 2
3 7 7 9 9
9 2 4 6 2
1 9 10 1 4
2 8 3 6 8
6 9 5 1 1
6 2 3 10 2
8 8 1 10 1
9 8 2 2 2
5 2 10 8 7
6 5 3 2 10
9 7 9 2 7
