n 20
m 5
cap 30
Processing
35 93 55 84 74
20 84 92 2 77
15 85 78 87 8
9 78 20 7 30
82 43 55 43 98
2 11 13 58 80
90 49 16 94 7
91 45 2 5 94
79 18 12 87 68
86 26 71 36 32
32 53 75 41 19
2 86 76 69 74
89 60 85 33 9
1 75 50 78 6
14 26 16 58 63
42 85 16 91 92
23 38 70 39 61
50 6 52 55 69
2 40 1 74 81
80 51 67 4 88
Size
5 4 1 6 7
10 9 8 2 7
3 10 4 7 3
3 9 6 1 7
5 8 9 3 3
6 8 8 6 8
7 1 7 5 2
1 3 4 1 1
8 1 3 1 1
9 8 8 3 8
4 10 1 4 4
1 7 2 6 4
2 5 3 3 9
1 2 5 10 7
3 3 1 3 10
1 4 3 4 6
6 6 8 3 10
8 2 10 10 9
8 2 10 5 5
6 1 6 9 5
