n 20
m 5
cap 30
Processing
70 99 81 14 97
82 98 48 62 46
62 7 82 21 64
9 78 10 1 17
9 54 27 99 6
47 21 6 100 22
47 28 21 31 17
86 51 15 93 97
12 92 53 29 68
19 1 92 31 70
1 35 81 31 64
9 9 34 4 3
25 72 74 56 33
38 99 98 97 95
29 26 31 95 14
73 49 13 21 73
33 66 8 65 74
55 86 38 27 18
45 67 92 99 81
17 41 48 54 22
Size
10 7 10 3 6
2 9 4 4 2
2 9 8 6 2
5 4 4 6 8
6 2 1 8 8
4 2 7 7 1
7 5 8 1 6
3 3 1 10 3
5 1 6 9 9
9 10 6 1 7
9 10 9 6 4
8 2 10 3 5
7 6 5 2 4
9 2 8 5 5
7 6 3 2 7
8 1 3 10 3
10 6 9 8 1
2 9 6 3 8
5 10 5 10 3
4 8 4 7 9
