n 20
m 5
cap 50
Processing
84 97 74 95 58
31 32 74 99 67
32 84 48 8 34
79 7 13 59 4
68 1 42 63 2
76 96 5 20 79
27 63 72 18 17
65 55 78 82 8
41 75 77 27 12
47 43 53 56 12
52 20 39 48 13
76 99 59 46 54
47 81 61 93 79
18 33 50 47 77
34 18 98 34 62
83 42 99 8 5
18 24 25 54 90
55 60 64 73 85
32 12 13 23 47
6 8 37 9 35
Size
9 7 2 2 8
4 8 1 8 10
9 9 10 10 4
10 7 5 8 3
5 1 7 9 10
8 3 9 5 7
7 5 1 2 9
6 6 2 2 9
6 7 6 4 1
8 7 1 3 6
10 7 6 5 9
5 1 6 1 10
2 7 10 6 1
4 3 9 10 5
5 3 3 5 3
4 1 7 9 2
9 1 9 8 8
8 2 10 8 5
5 10 8 10 1
8 5 6 3 10
