n 20
m 5
cap 50
Processing
95 53 61 53 94
9 52 22 74 77
43 81 91 9 1
42 96 93 98 89
15 17 66 63 87
64 32 80 29 91
47 16 73 3 72
74 38 7 24 90
77 70 62 27 100
57 59 50 83 94
25 100 80 20 19
77 23 68 54 57
23 8 25 36 16
57 37 69 87 78
57 54 29 94 56
16 45 4 100 30
70 4 83 13 16
66 39 79 20 53
56 94 5 100 45
36 47 83 73 62
Size
10 2 3 1 4
1 7 5 8 6
7 7 9 2 10
2 5 8 7 2
9 1 1 7 6
8 5 1 5 3
3 4 3 6 4
5 7 10 3 5
8 8 3 2 3
4 1 6 10 6
6 1 8 10 8
1 8 5 5 2
1 3 1 7 7
6 3 3 2 8
10 5 7 7 9
2 1 5 6 2
7 9 8 9 6
8 7 6 3 7
4 8 2 1 6
3 10 10 6 4
