n 20
m 5
cap 50
Processing
8 30 71 41 47
9 77 93 92 86
75 57 76 81 22
72 87 44 37 77
75 70 53 30 34
55 8 21 5 41
47 31 9 60 56
55 39 78 84 6
45 90 10 17 68
19 38 53 90 94
87 55 97 24 67
43 100 48 65 36
73 82 22 34 55
75 15 97 70 90
19 98 33 99 10
14 2 17 10 96
72 51 10 77 18
30 21 69 35 4
34 85 89 56 54
39 36 18 47 68
Size
9 5 7 2 4
9 4 8 1 1
10 3 6 8 4
8 1 1 7 10
3 2 10 10 4
8 9 4 4 6
5 8 2 10 5
8 3 4 5 1
9 9 9 4 2
7 3 5 1 3
9 5 1 5 4
4 3 2 2 4
7 2 6 1 10
1 2 8 5 7
4 2 5 1 2
10 6 8 4 3
10 9 10 4 8
2 8 7 6 3
3 2 4 1 10
5 4 9 7 7
