n 20
m 5
cap 50
Processing
88 15 95 31 97
21 70 85 70 10
50 74 64 6 60
76 40 74 59 9
88 100 63 100 77
79 8 65 48 13
82 95 40 14 40
19 52 65 53 37
52 58 86 74 39
21 92 64 40 66
43 97 15 12 90
56 9 36 6 18
8 31 47 22 80
94 28 39 33 11
57 47 45 71 52
15 68 87 46 2
29 10 17 20 90
87 39 40 57 100
39 40 62 5 48
64 2 89 34 100
Size
5 2 10 9 4
8 10 7 9 10
6 5 2 2 3
6 1 6 9 8
6 6 8 1 6
4 7 7 3 9
2 2 6 1 8
8 5 2 9 9
6 1 7 5 6
3 4 5 2 8
2 1 4 6 10
8 1 6 5 8
10 8 6 10 4
7 9 8 4 2
7 2 8 1 1
2 6 9 3 8
1 2 3 5 6
2 4 10 1 10
3 9 6 6 3
1 2 3 9 6
