n 20
m 5
cap 50
Processing
73 23 38 9 21
71 13 84 10 28
80 64 63 75 41
21 90 55 14 40
63 36 71 72 88
66 49 6 67 83
35 46 63 86 21
39 97 81 57 99
84 15 29 42 12
10 5 32 24 15
28 8 37 62 13
10 74 16 96 53
67 47 91 42 45
52 77 98 21 83
26 98 5 70 22
36 58 92 22 59
28 40 88 22 99
6 49 29 62 24
26 71 6 19 73
99 47 44 83 12
Size
5 10 9 1 7
3 6 3 3 10
2 6 3 7 2
3 10 9 7 3
4 2 10 10 6
1 4 5 10 6
2 5 10 1 6
6 7 5 6 7
2 9 8 4 3
8 3 9 6 3
3 5 8 7 8
10 9 6 8 10
2 7 8 5 9
1 10 10 7 1
8 5 8 8 6
10 10 9 9 9
9 3 10 7 8
4 2 4 1 4
4 5 4 9 7
2 7 9 8 6
