n 20
m 5
cap 50
Processing
90 60 8 31 58
78 75 79 70 27
93 27 76 9 69
38 47 42 63 79
70 96 37 85 72
83 12 57 34 2
20 64 80 81 5
66 39 75 39 29
24 41 6 52 84
18 73 37 71 23
89 75 80 32 89
61 78 90 18 99
34 54 56 69 58
12 61 70 22 22
58 30 3 95 97
60 81 19 46 87
3 54 79 43 71
2 79 77 84 40
81 88 64 97 32
6 91 86 34 75
Size
6 1 4 2 10
4 6 9 7 8
1 10 7 6 6
1 10 2 4 3
2 4 8 6 5
7 4 1 8 6
5 10 3 7 9
8 7 6 8 6
3 4 8 9 5
2 3 8 4 9
7 3 9 1 2
1 1 3 1 2
5 3 8 5 8
8 10 4 2 7
5 5 7 5 1
3 5 5 9 9
4 1 8 7 6
3 10 5 8 6
6 2 7 10 4
3 3 1 8 8
