n 20
m 5
cap 50
Processing
4 15 64 2 84
92 41 17 60 9
44 76 62 24 29
59 36 39 16 44
86 94 80 16 27
13 89 19 19 52
6 39 72 46 49
96 7 91 97 96
10 35 93 36 75
84 35 91 48 34
96 40 56 28 42
77 21 3 47 13
32 86 22 20 4
14 33 91 30 82
26 87 12 11 16
8 34 24 13 66
10 41 51 13 61
56 35 51 100 48
49 15 35 93 29
20 51 21 68 46
Size
7 5 3 6 8
10 4 1 3 7
4 9 1 4 7
10 5 1 2 10
9 6 9 5 1
5 9 2 7 1
6 9 7 7 8
8 5 10 9 10
4 8 4 7 5
8 2 4 10 10
3 9 3 1 2
6 2 6 5 5
10 10 8 5 6
10 10 9 1 2
4 5 2 3 1
4 7 3 2 10
7 5 8 9 8
7 1 2 2 6
4 9 9 7 1
8 6 10 7 4
