n 20
m 5
cap 50
Processing
14 82 64 85 66
96 69 24 46 21
22 52 31 22 65
75 71 38 10 38
3 59 22 10 11
67 35 59 46 12
32 82 67 78 40
5 50 3 2 18
63 62 98 84 6
88 69 61 76 37
4 22 54 13 35
20 47 1 7 17
68 85 10 28 51
39 31 82 91 91
84 89 45 36 12
52 8 74 15 94
41 88 60 24 42
84 60 1 84 93
81 63 42 92 70
56 10 69 48 46
Size
2 8 3 5 1
8 6 1 1 5
9 3 2 10 3
5 4 8 8 7
1 4 10 7 7
8 6 10 6 3
2 3 1 2 6
10 6 1 9 7
3 4 8 6 3
10 2 8 3 8
9 6 10 4 10
7 2 6 1 9
4 10 5 4 2
8 6 6 7 6
10 4 4 10 5
1 6 1 2 2
9 8 10 8 2
3 5 6 3 6
7 7 3 5 8
9 10 4 2 6
