n 20
m 5
cap 50
Processing
54 30 99 34 44
19 100 16 77 61
72 90 21 15 65
57 91 91 44 54
80 40 32 25 42
19 9 34 34 41
93 13 66 73 35
27 68 17 86 60
76 68 96 84 81
22 91 49 78 28
38 19 16 98 63
56 85 9 1 74
80 95 41 96 20
67 33 30 93 77
48 62 54 18 23
68 95 41 56 16
45 100 84 50 49
33 30 22 83 48
81 78 33 22 56
35 78 71 3 55
Size
5 10 6 3 6
9 1 3 7 5
1 6 2 3 4
8 7 7 9 8
6 3 6 3 10
4 2 1 7 1
2 9 4 10 3
1 6 7 8 5
4 10 3 1 1
2 6 10 8 3
7 4 9 2 6
10 2 10 3 2
2 1 2 9 7
5 8 1 6 4
8 1 6 8 3
2 9 1 10 9
7 2 2 5 6
2 1 4 1 4
9 2 9 1 2
7 3 6 2 10
