n 20
m 5
cap 50
Processing
97 46 76 2 37
40 31 10 48 61
32 39 22 51 23
31 40 92 12 76
37 84 59 52 16
2 1 8 50 51
11 90 84 31 58
82 70 59 18 83
14 21 37 50 5
7 29 66 43 67
44 17 49 38 68
38 18 74 95 98
93 30 42 20 54
46 53 99 52 35
47 80 100 91 99
4 81 86 25 27
27 85 37 52 38
94 91 79 8 21
64 45 87 92 54
93 38 27 6 3
Size
8 7 1 6 1
1 1 1 5 4
7 5 9 6 5
2 9 8 8 1
9 8 3 9 8
7 5 7 9 8
10 5 7 7 1
9 7 7 7 4
2 2 1 8 10
9 6 6 5 5
4 4 2 7 8
6 2 7 1 10
8 9 6 7 8
7 6 2 4 6
9 10 7 6 1
4 4 3 1 6
1 8 7 8 6
8 1 6 6 1
1 5 2 7 6
10 8 7 4 5
