n 20
m 10
cap 10
Processing
72 65 97 13 23 10 86 54 16 77
78 50 77 54 41 4 91 71 77 70
7 90 1 34 75 22 97 27 71 16
91 34 26 51 44 61 86 72 53 18
3 27 56 72 36 1 84 20 78 59
45 71 38 59 53 28 35 82 72 43
3 98 15 43 41 65 47 70 72 16
12 65 21 9 31 75 4 37 58 2
45 96 73 52 60 42 83 24 52 3
28 36 81 31 23 24 8 59 3 66
94 48 4 27 29 8 25 89 91 21
72 41 23 77 91 70 50 92 78 34
93 78 52 19 41 37 21 74 38 9
14 98 21 30 54 35 38 25 46 88
71 12 70 12 9 82 42 43 1 86
38 18 31 48 38 52 51 30 97 49
32 15 4 26 83 94 99 89 8 54
85 81 97 53 36 1 47 15 51 47
41 64 62 64 31 89 75 42 36 97
61 67 24 62 99 99 100 14 80 75
Size
5 5 4 9 10 6 3 8 10 10
3 4 5 6 2 10 10 6 3 7
4 3 1 9 4 4 1 4 10 1
9 9 4 7 9 9 1 3 3 10
10 2 10 4 2 1 4 1 10 3
1 8 5 10 1 3 3 8 9 10
6 7 10 4 7 3 3 10 8 6
9 2 9 4 5 8 1 8 4 6
10 2 6 1 9 8 2 9 5 8
10 10 4 5 9 1 7 4 9 6
5 5 6 2 1 9 2 3 7 5
1 3 4 2 5 6 6 2 2 2
5 9 9 1 9 4 5 5 9 7
5 4 6 8 9 2 4 5 10 2
9 6 10 9 6 5 3 5 2 6
5 7 6 3 8 8 5 4 6 2
1 3 6 10 3 5 4 8 10 2
4 8 8 5 3 6 3 9 2 4
3 6 10 1 7 1 2 8 2 4
9 4 2 9 4 4 2 5 10 4
