n 20
m 10
cap 10
Processing
62 31 45 15 100 23 96 39 67 87
12 67 83 74 92 90 76 30 54 68
30 4 21 56 41 23 19 38 16 79
23 50 43 12 19 92 41 87 70 16
36 83 62 53 44 93 66 11 35 89
9 11 71 81 90 21 49 85 97 66
39 53 37 1 57 30 38 49 92 21
57 26 86 53 89 31 43 33 4 87
45 82 29 53 21 86 23 5 78 37
76 51 3 47 91 44 77 80 91 34
8 64 11 36 91 68 88 43 93 19
68 58 19 66 3 65 91 87 42 43
18 75 92 89 28 96 33 30 79 95
99 34 5 22 21 38 50 97 29 53
34 67 43 64 43 97 35 65 47 66
69 77 32 90 7 1 85 83 96 85
93 62 39 23 82 34 38 49 62 74
14 51 79 38 15 16 56 78 63 56
87 71 18 32 95 24 45 14 84 74
58 52 24 89 55 20 36 52 10 40
Size
7 2 5 3 10 7 10 10 10 10
4 4 10 9 3 10 1 8 7 2
9 9 2 6 1 8 5 2 4 3
7 5 2 5 6 3 1 4 3 1
4 9 4 5 6 5 10 9 1 3
7 2 9 4 5 3 1 9 5 6
7 10 4 3 8 10 8 8 5 9
10 6 10 4 10 3 3 5 4 9
10 1 1 10 6 7 9 2 6 3
8 7 8 5 6 2 3 10 3 7
9 2 2 9 8 3 10 5 2 10
6 1 6 6 9 3 2 4 2 7
2 9 10 6 4 4 1 6 2 1
3 3 8 2 1 4 7 1 10 5
9 5 5 7 10 8 3 3 7 4
2 6 3 3 7 8 5 1 7 6
5 9 7 5 9 5 9 2 5 5
1 2 7 5 3 3 10 2 5 7
1 4 9 4 2 6 10 8 6 5
7 2 5 8 3 2 6 8 8 5
