n 20
m 10
cap 10
Processing
3 95 81 73 23 17 98 59 83 39
40 63 61 69 65 92 86 37 52 70
74 100 12 77 14 50 47 86 41 14
98 25 33 83 23 86 22 58 49 15
48 68 10 45 55 46 92 91 73 13
82 5 29 42 47 48 74 32 60 11
11 85 98 33 10 22 78 55 99 99
97 50 5 78 6 92 97 88 85 45
77 15 77 100 32 97 73 69 10 7
23 70 21 18 40 43 83 7 70 5
28 56 57 23 9 47 98 71 79 13
52 18 73 78 41 77 48 13 92 71
54 67 95 52 12 51 61 30 6 96
91 38 83 51 75 45 50 48 8 28
2 57 17 73 74 16 6 50 34 77
65 30 90 1 34 87 71 49 24 23
76 47 17 42 16 99 57 6 12 16
33 99 21 43 48 96 9 36 94 71
91 2 72 51 64 11 41 83 84 41
78 68 2 57 54 50 16 36 64 9
Size
1 4 2 4 8 5 6 7 7 6
2 3 9 5 3 8 3 3 6 8
3 9 6 4 1 10 3 8 9 2
7 8 2 10 8 7 6 7 7 6
10 1 7 2 7 2 10 10 3 1
3 8 1 3 10 10 4 5 5 7
10 7 3 8 1 10 3 9 1 3
10 2 2 1 3 5 7 5 5 3
8 2 2 3 4 5 10 8 10 10
3 3 2 5 3 3 4 3 6 3
5 4 1 10 2 10 6 9 5 9
7 7 6 4 1 3 3 9 1 5
9 7 7 4 5 9 6 10 1 3
2 5 7 3 1 3 10 6 10 5
5 3 10 7 7 7 1 3 3 9
1 6 6 4 9 8 3 7 9 2
8 1 2 5 2 8 4 8 7 7
1 6 8 6 6 8 4 4 3 7
9 8 5 1 4 1 1 10 1 3
7 3 2 7 5 4 5 1 9 7
