n 20
m 10
cap 10
Processing
13 26 48 20 35 80 47 28 65 76
4 68 12 17 67 87 6 55 98 47
34 72 23 58 10 13 22 88 68 80
28 100 3 97 42 85 40 58 14 76
2 23 75 26 63 72 50 93 44 8
79 31 32 39 86 62 14 56 86 100
79 30 19 30 25 86 63 59 17 42
70 18 75 39 31 64 54 73 86 40
52 97 20 4 47 53 83 86 9 72
87 8 19 1 84 53 18 12 25 10
55 6 20 42 44 23 47 83 21 19
98 73 72 96 3 32 44 63 100 65
4 42 75 89 97 44 73 9 28 28
33 90 52 93 95 3 7 8 88 25
23 38 75 20 51 87 60 3 24 63
23 5 48 21 44 8 21 17 98 54
39 27 3 96 66 5 64 97 59 61
83 100 81 99 66 96 1 70 23 63
52 48 18 68 47 56 31 45 59 44
20 77 82 81 59 49 65 1 31 59
Size
3 9 2 6 5 10 3 10 4 8
2 8 5 9 7 9 9 2 7 8
9 3 2 4 9 3 4 4 1 5
6 5 9 4 10 9 1 10 8 1
10 10 3 6 2 8 9 7 7 3
2 8 5 5 4 5 7 5 10 10
10 2 10 4 10 4 1 7 10 4
8 6 3 8 4 3 5 7 3 3
8 1 1 7 7 7 4 9 4 10
7 7 4 5 4 4 6 5 2 10
6 7 6 9 7 2 8 9 5 1
7 4 3 8 7 6 8 7 2 9
4 3 9 5 6 2 6 5 6 4
5 6 10 7 3 7 2 4 5 8
7 1 6 7 9 9 4 5 2 10
3 3 2 1 7 4 7 8 7 2
7 5 9 3 5 6 2 6 4 7
5 4 7 9 7 3 1 8 1 3
2 2 5 6 10 4 4 4 6 8
4 2 6 8 3 1 9 8 2 2
