n 20
m 10
cap 10
Processing
65 62 13 4 13 39 62 70 23 93
27 24 79 47 6 41 4 100 53 59
55 9 8 96 19 29 1 92 73 55
53 89 97 11 90 67 26 28 1 16
24 51 59 1 86 15 62 8 57 39
83 59 19 52 62 52 76 15 94 74
17 52 53 6 65 86 5 84 40 53
14 89 50 83 42 82 83 16 62 89
54 38 87 78 72 66 15 68 23 81
64 61 84 9 86 81 40 9 92 88
30 35 69 12 30 34 61 67 77 79
48 77 25 10 67 89 81 95 83 5
92 29 31 11 28 14 60 70 4 78
69 5 46 58 100 83 34 32 25 99
41 19 23 76 14 84 75 13 29 89
8 65 33 91 10 85 6 84 38 40
72 64 85 50 43 52 50 75 67 58
43 95 5 49 73 89 40 65 40 22
78 94 43 21 18 40 27 100 7 88
23 80 32 66 35 97 88 21 66 75
Size
8 10 7 5 10 3 8 2 6 4
2 9 2 6 7 5 3 4 2 1
3 4 2 6 2 5 7 7 6 4
2 1 6 3 9 4 1 1 5 3
8 6 4 5 8 7 4 8 5 2
3 9 8 9 1 8 10 2 4 1
1 4 6 1 2 4 6 3 6 6
9 8 9 10 10 2 5 2 9 9
2 10 5 8 7 10 5 6 1 5
1 10 5 3 9 2 3 6 6 5
10 5 8 9 6 6 1 3 2 1
8 3 6 3 4 8 2 7 9 6
3 6 1 6 1 7 4 8 9 3
3 9 3 6 10 4 2 5 1 3
4 6 10 3 2 8 8 3 4 7
10 10 4 10 1 3 6 3 5 10
3 6 6 8 4 1 4 10 6 7
10 7 7 3 9 2 9 2 7 5
1 10 6 3 9 1 5 7 8 10
7 4 5 9 1 7 3 1 8 4
