n 20
m 10
cap 10
Processing
86 83 94 7 61 78 78 44 52 84
17 99 5 71 4 16 66 46 60 96
76 72 58 88 95 28 43 24 88 79
65 47 56 21 79 72 30 46 37 70
8 49 100 84 64 14 46 24 44 1
73 92 21 50 21 58 36 38 18 1
21 70 5 69 65 3 30 58 28 47
85 12 58 60 11 74 75 76 44 69
77 63 78 27 90 47 98 65 36 12
17 60 25 57 52 42 1 80 22 95
38 40 7 95 93 91 13 68 41 90
6 76 23 1 28 98 77 74 29 80
94 37 36 6 27 35 98 23 26 78
49 72 47 34 99 33 41 1 5 70
54 94 96 65 33 26 70 80 83 97
91 56 59 7 30 27 13 18 89 97
47 7 6 4 26 21 25 31 56 6
42 36 31 71 63 84 81 39 1 12
64 43 92 100 21 83 82 53 75 47
57 64 42 84 8 73 32 72 19 54
Size
4 2 2 8 8 1 5 9 6 4
3 10 4 2 5 7 1 5 8 3
4 3 2 5 8 9 2 3 3 5
7 1 2 5 10 6 8 4 4 7
1 8 5 10 9 1 4 1 7 8
7 1 4 2 4 9 3 7 2 3
1 10 10 6 6 5 10 1 7 5
6 9 4 1 9 1 5 2 3 4
6 1 2 3 1 4 8 8 8 4
4 9 4 4 2 5 2 10 7 2
3 5 7 1 9 4 1 9 3 1
5 10 9 1 1 7 3 10 7 10
1 3 3 6 9 3 3 7 5 9
9 5 6 3 9 4 7 10 8 2
7 9 1 2 2 2 5 5 8 9
6 3 1 1 2 6 1 1 9 9
5 7 5 6 3 5 1 9 10 5
3 5 5 6 2 4 8 4 1 5
2 1 1 3 1 10 4 7 6 8
5 10 8 5 5 7 7 7 8 7
