n 20
m 10
cap 10
Processing
59 7 15 35 36 70 60 3 41 30
48 84 46 4 10 15 89 37 7 100
6 65 13 51 63 28 21 61 78 18
28 50 10 56 75 69 38 22 32 10
40 55 12 84 94 39 66 2 75 33
30 43 90 21 21 27 51 40 49 80
68 11 7 3 83 84 65 73 23 29
35 88 27 20 48 48 90 21 23 95
21 59 63 36 88 6 69 86 97 21
97 1 41 8 72 93 81 76 50 7
11 68 20 91 45 42 89 10 41 5
26 85 63 72 53 56 85 34 54 53
29 99 83 93 25 65 36 40 23 32
45 78 40 11 86 13 77 54 64 47
70 31 2 26 24 43 80 50 55 19
65 86 4 58 33 40 25 8 85 40
22 25 33 31 2 91 81 40 3 94
96 97 36 8 26 28 90 78 6 93
41 16 64 14 26 59 52 9 21 30
15 94 4 74 5 67 26 94 86 95
Size
1 7 2 4 1 9 1 7 6 1
8 7 7 10 4 9 7 7 3 4
3 4 7 9 1 8 4 10 4 2
5 6 3 4 10 6 3 5 6 8
1 9 3 5 7 6 5 2 1 3
6 9 3 2 8 7 9 9 8 4
4 2 5 7 1 9 2 4 4 4
8 10 3 4 6 5 7 2 2 2
6 1 1 1 2 5 1 1 4 4
4 1 7 4 5 2 9 1 1 1
2 5 10 3 4 3 6 1 8 1
1 2 1 9 6 4 9 7 1 9
9 1 3 2 7 1 6 6 8 3
1 9 7 4 6 2 5 1 1 6
10 4 7 1 1 8 6 5 5 6
10 8 2 6 9 10 1 7 8 6
3 5 3 9 10 1 5 4 4 7
5 9 8 4 5 1 9 9 3 3
7 5 6 10 4 2 6 10 6 3
2 1 7 7 10 10 3 1 10 5
