n 20
m 10
cap 10
Processing
63 21 44 96 81 93 94 91 53 77
39 78 56 32 67 92 96 74 77 61
91 60 69 58 70 30 1 84 70 40
79 15 46 95 74 83 34 96 48 96
54 31 23 79 71 19 6 93 52 77
43 20 72 80 55 30 51 76 58 89
31 40 83 47 79 99 84 48 34 11
52 71 92 69 100 76 20 98 74 36
28 48 56 38 89 16 46 18 8 50
8 57 50 96 14 94 1 65 89 8
82 15 96 22 66 24 49 35 6 94
7 85 45 9 94 1 57 19 37 37
94 51 44 50 49 28 16 9 52 13
45 49 34 25 69 39 30 78 80 91
4 49 24 97 19 2 11 95 86 71
98 75 57 54 27 74 29 64 41 74
70 61 67 92 11 33 48 38 89 8
22 69 56 85 81 17 88 42 73 52
60 62 19 64 37 86 22 88 25 59
88 80 81 86 93 19 29 82 71 20
Size
7 7 4 9 3 2 7 2 2 6
1 8 7 5 7 9 6 8 3 10
4 6 9 10 7 1 10 3 7 7
9 3 7 5 10 9 6 7 4 3
1 2 5 9 4 9 7 4 9 10
3 6 9 6 1 8 5 1 5 2
4 3 10 1 9 4 3 6 2 3
7 8 8 7 9 6 3 6 6 10
1 7 4 6 1 3 7 2 3 7
9 8 8 1 5 10 2 5 9 3
6 10 3 8 6 9 8 1 3 6
10 2 8 7 5 10 8 2 9 6
9 6 2 4 6 5 2 2 7 2
3 7 10 1 4 7 7 4 4 6
8 10 8 5 8 7 8 8 8 8
6 4 9 9 6 6 8 4 8 2
4 5 10 4 2 2 5 8 8 10
1 7 4 5 8 5 6 7 7 1
3 8 4 10 9 6 10 1 1 5
6 7 10 10 8 9 3 10 5 1
