n 20
m 10
cap 10
Processing
32 92 40 87 30 53 25 85 85 28
75 70 69 34 51 58 56 40 81 97
21 95 56 15 40 73 24 72 5 6
93 28 70 47 13 29 83 8 55 65
10 49 100 16 1 86 19 89 38 7
13 65 19 78 19 11 36 35 13 69
6 43 60 35 17 85 82 98 17 17
63 48 2 85 78 58 60 59 95 52
71 91 71 15 82 76 5 53 68 99
78 17 100 70 89 65 56 7 49 29
90 86 16 42 36 81 74 5 23 15
24 49 72 7 37 92 51 34 16 52
40 41 21 14 25 43 5 74 51 37
55 13 85 49 89 29 59 21 71 1
96 76 78 2 79 53 9 24 54 64
50 18 11 31 53 87 60 67 25 35
89 1 45 13 75 62 99 19 49 65
71 91 32 63 81 11 92 2 42 16
63 5 59 86 40 77 73 44 21 86
89 15 81 19 22 91 34 54 71 81
Size
6 8 3 7 10 10 6 3 3 8
6 9 4 2 1 1 9 10 8 8
10 10 1 6 9 2 7 6 4 2
6 6 6 9 5 4 3 10 4 9
8 3 8 8 1 9 3 4 8 2
2 8 5 10 3 10 8 4 1 4
8 1 6 5 4 8 4 3 1 9
8 1 8 3 7 8 8 1 5 1
3 3 3 7 2 9 8 9 8 4
1 10 7 4 7 4 1 3 10 9
2 9 1 7 9 8 7 4 2 7
1 2 1 5 1 7 3 1 10 7
7 2 7 6 8 1 4 9 8 3
5 6 2 5 4 4 6 10 7 9
10 5 6 9 3 2 4 6 9 1
2 2 1 6 3 1 9 2 3 9
8 6 9 8 9 1 10 6 8 6
10 9 6 3 6 8 2 10 8 7
5 7 1 4 7 3 7 6 1 4
7 7 6 1 4 3 5 4 8 3
