n 20
m 10
cap 10
Processing
100 77 53 87 33 18 64 21 52 67
23 91 35 69 29 77 3 52 8 44
16 91 10 40 67 76 61 11 42 85
23 25 64 48 38 75 59 68 38 47
69 39 84 54 9 32 77 61 35 35
84 48 81 97 58 92 78 64 1 56
49 91 55 53 40 3 89 6 22 45
85 59 37 6 94 86 71 53 11 96
36 83 1 100 42 89 99 80 59 68
49 18 88 35 82 74 95 18 20 69
98 91 27 76 65 33 41 24 96 79
45 69 84 52 94 29 99 17 48 1
91 71 58 15 53 25 24 42 37 93
77 21 19 86 59 99 94 12 1 21
90 25 31 1 32 14 22 19 25 73
74 19 6 60 43 24 98 93 46 27
49 83 52 26 35 53 18 23 35 28
89 63 85 9 14 54 85 3 63 89
4 94 28 73 86 53 62 53 18 5
91 57 24 86 45 43 70 45 55 58
Size
9 7 7 7 10 2 6 8 2 7
1 10 9 2 1 4 2 10 10 6
6 5 9 10 10 4 7 5 6 2
10 5 10 1 2 4 5 7 10 8
7 2 6 3 1 8 6 6 9 10
3 1 7 6 8 7 9 10 9 5
3 2 10 1 7 6 5 9 3 9
5 6 3 9 1 10 7 2 1 10
1 1 1 6 2 2 1 3 8 3
5 10 4 6 5 5 10 7 8 5
5 1 8 6 8 4 2 8 9 2
1 7 2 4 6 9 1 2 7 6
1 4 9 2 2 6 2 6 1 7
2 1 4 9 6 6 7 6 4 6
2 4 6 4 5 10 6 5 9 1
8 8 10 1 9 5 5 4 10 8
4 9 2 2 3 3 5 6 7 3
1 5 10 6 2 3 6 6 10 2
1 1 4 8 2 7 10 7 7 5
6 5 6 6 7 10 6 2 6 8
