n 20
m 10
cap 20
Processing
11 83 32 46 39 23 44 29 70 53
15 11 13 23 33 56 24 23 91 14
44 29 86 79 37 3 22 50 14 81
3 93 44 75 12 61 69 94 19 79
72 88 22 27 79 81 26 23 9 19
18 29 98 64 68 33 57 54 12 92
98 15 20 69 77 73 6 66 15 57
64 46 87 93 1 87 90 33 63 79
28 31 25 58 64 82 64 91 76 11
11 49 2 47 63 16 72 33 87 8
20 54 100 62 61 64 75 43 13 39
68 3 40 84 37 94 13 6 45 3
3 41 8 56 13 17 48 65 83 71
25 15 69 23 56 11 72 48 94 18
19 14 35 98 89 94 96 81 3 97
4 34 74 60 29 6 79 38 28 19
17 59 73 6 73 54 49 26 9 61
75 61 86 11 2 60 94 97 19 42
8 74 28 56 87 29 93 74 70 21
8 15 99 80 6 51 53 24 6 54
Size
2 10 9 6 5 3 1 8 4 10
9 6 2 6 3 3 9 8 2 6
8 1 8 2 1 3 10 2 9 10
5 2 1 8 5 6 2 4 3 9
3 4 3 1 8 4 6 9 2 6
1 5 2 1 4 4 5 8 1 10
4 6 6 6 10 3 8 10 7 6
9 4 10 7 4 2 3 2 4 7
8 9 8 3 7 3 9 5 2 2
2 10 9 10 7 7 10 3 1 4
2 4 7 9 1 3 5 10 9 4
7 9 4 6 6 6 6 3 8 4
1 1 8 3 8 2 6 4 4 1
5 3 7 5 3 10 1 1 9 8
1 2 6 8 1 10 7 10 7 3
3 5 6 5 10 7 9 1 1 5
9 6 8 4 4 1 2 4 4 5
3 6 6 10 10 8 10 7 7 9
5 4 5 1 7 5 10 5 3 6
4 8 9 7 9 3 3 4 8 8
