n 20
m 10
cap 20
Processing
88 46 64 13 88 87 20 40 99 56
66 48 66 24 31 81 100 41 11 40
96 11 36 58 92 4 29 7 43 49
72 21 8 88 63 72 56 64 71 12
33 33 67 4 98 76 25 94 89 2
14 52 81 82 23 57 37 3 31 85
65 34 37 29 14 16 73 11 64 59
98 51 80 86 18 65 11 53 36 8
96 76 60 26 22 1 97 27 84 56
64 19 65 60 73 53 74 22 65 88
31 83 12 16 32 63 14 8 54 93
31 63 99 63 10 38 26 29 58 89
84 44 85 71 79 92 35 93 49 73
38 7 2 96 59 51 27 87 93 58
26 51 87 77 41 36 22 67 38 48
71 83 56 43 97 63 66 54 87 32
44 34 37 28 16 12 61 74 36 4
71 17 78 1 63 21 64 5 80 42
22 47 16 61 100 62 50 66 66 95
69 29 33 59 84 5 63 67 66 51
Size
8 7 2 9 3 2 2 9 10 10
5 6 8 8 8 8 1 8 6 2
9 9 9 10 6 1 8 8 3 7
8 3 3 4 2 7 7 1 2 8
4 3 1 8 2 2 5 5 5 3
3 2 9 10 9 8 9 9 9 3
7 10 3 3 2 1 3 3 7 3
1 8 1 4 2 9 5 4 8 7
4 1 2 4 9 5 4 3 3 4
5 1 4 10 6 4 2 7 4 3
4 10 1 1 4 2 5 9 6 3
6 4 4 7 6 7 10 6 7 10
2 8 10 6 5 1 10 8 9 1
5 3 1 2 1 4 9 6 6 10
6 9 5 10 2 5 3 8 9 5
1 2 6 5 9 7 9 7 9 10
7 6 2 7 10 10 5 8 3 8
6 1 1 7 10 9 5 6 9 1
9 8 1 2 1 6 4 2 1 5
6 3 2 9 2 1 2 9 1 4
