n 20
m 10
cap 20
Processing
51 43 44 81 6 85 96 85 84 26
21 78 64 40 87 33 35 4 73 17
99 86 15 38 38 54 47 3 93 14
9 40 78 31 89 54 76 26 89 60
52 94 5 39 7 79 20 35 100 68
93 21 52 25 55 100 33 19 33 80
38 36 47 2 77 19 35 43 19 25
20 67 35 46 37 70 70 99 79 54
45 70 23 34 12 95 3 11 39 91
5 53 77 26 3 51 14 37 86 31
60 12 3 16 16 96 60 76 46 70
62 31 67 11 84 38 23 74 60 31
99 4 11 29 39 47 2 47 37 74
29 27 73 73 42 73 33 4 66 81
65 93 73 66 39 81 97 20 32 51
35 91 79 87 51 50 90 81 73 68
34 90 94 11 71 22 27 44 10 10
65 60 79 66 96 34 12 43 65 25
16 45 91 58 29 24 22 28 9 92
88 77 94 96 34 31 27 86 5 36
Size
4 3 8 2 2 10 9 3 6 9
8 10 5 10 7 2 3 3 10 7
4 3 3 5 5 10 10 9 5 2
4 8 2 1 8 9 2 2 8 5
2 8 4 7 7 3 6 5 1 9
10 4 5 1 10 4 7 1 7 5
6 10 2 9 1 4 6 1 8 9
10 3 7 7 1 4 5 1 2 8
7 8 4 2 3 10 7 5 7 7
8 3 8 9 8 6 8 8 3 7
5 4 4 1 3 6 10 10 5 3
8 10 6 9 4 5 2 7 10 1
2 9 3 3 10 10 1 1 5 1
6 2 6 3 6 1 9 4 9 5
7 1 1 1 4 4 1 7 1 2
3 8 8 6 6 7 8 3 8 7
4 6 1 5 6 5 1 2 5 2
6 10 3 1 10 4 1 8 2 3
7 7 4 5 6 4 3 1 7 1
4 10 8 2 2 7 5 10 7 6
