n 20
m 10
cap 20
Processing
49 15 47 89 32 75 58 23 32 77
7 69 53 88 47 68 40 44 7 9
23 98 86 62 38 100 11 13 24 34
3 17 59 80 96 13 94 32 29 61
61 69 92 13 51 6 80 94 78 40
41 8 33 33 80 35 23 26 42 8
42 71 57 47 22 73 25 39 20 84
73 87 37 14 4 58 79 73 11 11
16 32 45 55 20 49 57 81 91 88
74 50 23 11 62 13 21 20 56 24
55 56 97 4 37 93 4 32 46 59
58 46 55 27 40 52 8 28 78 86
74 66 22 99 46 55 8 26 67 81
3 48 64 100 99 43 15 76 57 31
11 48 53 51 12 92 76 12 6 52
81 52 81 63 85 49 93 32 73 16
48 44 94 92 70 83 24 63 90 38
65 25 96 48 66 3 37 4 3 37
51 57 50 78 9 91 80 56 48 34
33 29 100 6 37 49 92 3 21 100
Size
8 1 1 5 2 9 6 9 10 9
5 2 10 7 4 4 6 7 2 3
10 1 6 10 1 3 5 2 9 10
8 1 10 7 4 6 10 1 10 3
9 4 9 8 1 7 6 6 8 4
10 5 2 8 1 1 8 5 3 6
7 10 7 10 8 2 6 10 1 2
9 7 4 7 4 2 7 6 5 8
5 1 9 10 7 10 4 3 9 6
10 8 5 3 8 1 5 4 10 1
10 8 5 7 10 9 5 10 9 3
7 7 10 4 2 5 2 7 6 6
8 4 10 8 2 6 2 5 5 4
8 10 2 5 5 2 3 3 5 9
6 7 2 6 2 5 10 4 2 7
6 6 1 1 1 10 5 9 7 10
5 9 9 9 8 4 9 4 1 2
5 6 7 3 2 2 4 8 6 6
9 6 10 5 6 5 5 7 4 7
9 8 3 9 10 1 1 5 8 5
