n 20
m 10
cap 20
Processing
58 98 70 31 99 16 80 84 5 56
15 91 34 73 72 5 15 6 6 82
57 12 21 11 52 91 55 8 44 33
79 64 55 3 21 37 56 69 31 85
33 73 34 93 97 35 97 59 77 34
67 48 70 75 99 11 37 33 7 65
37 23 45 52 10 56 13 14 91 47
31 72 22 23 36 9 28 52 50 71
42 66 39 22 27 19 92 30 87 78
74 47 68 89 87 21 78 83 8 60
26 72 41 17 81 64 68 43 9 70
64 82 96 40 65 9 63 54 89 87
90 26 59 92 72 80 24 50 75 100
99 34 67 87 41 49 91 51 52 86
23 39 36 19 84 18 83 54 80 29
23 71 96 2 72 54 95 53 93 69
1 53 88 65 99 79 51 54 61 48
95 85 68 64 55 28 78 38 86 71
43 80 96 12 42 83 22 100 16 39
20 48 60 12 42 56 64 96 33 50
Size
2 1 4 8 8 6 3 9 8 3
8 6 6 1 9 6 3 10 9 3
8 8 5 10 4 4 3 1 10 7
4 8 1 6 5 9 1 6 1 3
10 6 6 8 5 9 2 9 6 10
7 7 5 4 10 7 8 10 7 5
10 7 7 5 5 9 7 7 7 8
8 7 2 9 10 5 2 5 6 2
9 2 7 6 1 2 3 2 10 10
3 4 8 2 10 6 9 5 9 6
2 2 7 6 3 3 2 5 7 10
7 3 9 10 6 4 8 1 10 4
2 10 1 6 8 3 4 2 4 3
5 5 3 2 3 9 1 4 1 8
3 4 8 10 5 8 1 7 3 3
4 7 5 10 10 2 7 9 4 9
3 6 6 7 9 8 7 5 3 10
5 3 7 6 4 2 7 10 6 5
5 2 1 4 2 7 9 7 6 1
5 4 8 5 1 9 6 6 7 8
