n 20
m 10
cap 20
Processing
82 68 52 81 71 93 78 86 51 58
12 61 11 43 76 67 58 17 93 51
39 97 77 30 51 98 14 56 15 73
66 22 40 46 87 1 18 20 81 1
59 83 28 100 79 85 42 32 36 95
2 31 61 74 65 94 99 21 11 23
79 45 47 54 79 57 12 11 91 13
66 3 8 33 100 97 56 18 1 67
67 18 60 71 4 27 59 100 38 26
46 3 18 87 52 15 89 6 48 17
24 63 98 15 44 88 84 60 74 42
42 62 66 92 64 42 8 79 40 38
34 43 74 23 91 6 78 63 11 71
37 89 17 35 25 53 82 80 90 53
64 8 76 91 88 39 47 77 97 48
68 82 37 8 7 34 97 16 85 41
2 87 23 86 72 67 55 55 9 21
89 27 55 65 10 82 90 55 93 62
19 34 44 25 93 65 26 23 89 5
97 36 63 61 67 43 3 87 69 45
Size
4 4 3 9 3 3 7 10 4 2
4 10 4 10 5 8 9 5 7 3
9 1 3 8 7 8 10 10 2 5
9 4 7 7 7 6 6 8 9 3
6 5 10 6 6 9 4 9 10 5
8 8 4 7 2 4 7 8 4 9
10 1 10 5 7 7 6 8 9 7
8 3 6 6 2 4 9 8 1 10
2 3 10 2 2 5 1 6 10 1
4 3 6 3 2 7 6 6 3 8
10 3 5 10 6 8 5 9 5 10
8 10 7 7 5 4 5 7 1 6
8 10 6 4 6 1 7 8 4 9
2 6 5 6 5 7 4 6 2 1
2 4 2 4 1 4 2 7 4 6
3 9 4 3 8 5 9 2 6 7
7 3 6 6 4 2 1 2 2 10
10 8 8 9 3 6 2 4 6 3
4 9 3 4 7 2 5 9 1 7
6 4 4 8 6 1 2 2 7 2
