n 20
m 10
cap 20
Processing
35 60 29 93 74 20 8 28 3 52
73 73 24 34 73 36 91 35 9 96
23 97 13 75 68 26 17 5 84 34
65 8 79 41 33 83 2 87 8 30
54 22 3 52 86 78 29 19 79 14
37 13 51 29 86 46 28 78 82 57
7 88 61 9 66 22 20 99 59 75
57 49 40 100 96 58 62 95 46 74
49 1 10 65 76 86 58 37 43 95
11 57 2 33 65 25 90 100 80 94
75 74 41 93 84 71 67 55 29 72
37 14 67 70 79 70 80 72 50 31
45 1 65 32 78 27 44 99 96 64
22 63 3 70 84 10 24 30 14 39
64 60 92 7 60 70 3 74 81 14
55 81 91 30 81 14 61 42 37 48
83 42 67 97 79 50 59 96 34 9
39 68 29 6 12 82 13 42 80 77
33 82 62 95 26 77 38 79 79 71
51 73 71 100 83 34 15 42 68 36
Size
2 6 2 9 8 8 4 4 4 3
7 9 4 5 8 5 8 4 6 2
2 10 2 2 3 7 6 6 2 10
3 10 9 7 2 4 5 9 4 5
5 9 8 10 7 1 4 2 9 6
8 5 5 5 8 4 4 1 10 10
6 10 2 9 1 6 3 10 1 8
4 9 10 7 2 6 8 6 5 8
4 5 2 10 6 5 4 6 5 4
9 10 2 1 8 2 8 8 2 5
5 2 4 6 8 2 10 10 6 10
8 6 5 6 9 5 3 5 10 10
4 7 9 4 9 9 6 5 1 8
10 10 1 1 2 6 9 2 5 4
2 8 7 8 3 5 1 6 4 3
6 1 1 1 1 5 2 6 7 2
7 6 7 2 8 9 2 1 3 2
3 9 10 4 5 10 4 8 4 9
3 8 4 2 8 6 9 5 4 7
3 1 6 2 9 2 10 4 8 2
