n 20
m 10
cap 20
Processing
54 16 70 47 34 55 51 10 66 57
7 84 85 38 5 73 18 98 81 34
18 48 73 16 90 75 54 1 30 61
4 11 18 33 14 29 15 66 52 18
73 27 70 99 2 50 36 19 50 3
49 31 89 27 31 80 75 38 87 86
82 27 8 13 27 42 37 31 83 38
98 37 91 92 95 73 15 77 40 39
75 76 84 17 19 37 47 30 16 35
38 93 5 24 90 39 93 17 45 55
56 77 41 74 83 49 9 7 95 30
88 96 56 88 21 21 97 34 47 13
75 9 5 28 34 68 75 87 7 86
77 9 65 66 88 9 92 35 52 61
10 37 4 80 77 59 94 63 72 35
55 87 53 51 66 71 12 42 15 18
29 53 8 83 18 29 95 30 22 37
42 43 46 12 70 22 93 39 96 75
41 24 49 84 45 80 45 38 29 58
18 86 98 31 13 49 82 80 47 27
Size
9 4 9 9 7 10 4 5 4 1
7 2 5 6 1 9 6 9 9 9
9 3 6 1 7 5 1 7 3 8
1 3 2 5 10 4 10 6 2 7
6 5 8 8 9 4 9 1 6 8
8 6 8 3 9 10 3 6 8 4
10 10 7 3 6 1 2 5 5 6
1 4 3 9 5 9 9 7 7 10
6 9 1 2 8 5 2 6 7 9
2 8 8 3 2 5 7 8 2 5
8 9 8 5 5 3 8 4 10 8
3 10 7 1 10 8 1 7 2 8
1 9 7 8 6 2 7 2 10 6
7 8 6 1 5 4 8 6 2 6
7 6 4 9 1 6 9 5 4 10
4 6 1 8 2 2 3 4 1 5
1 6 8 4 6 2 9 10 3 3
9 3 1 3 8 3 5 3 6 7
10 10 7 4 8 1 2 10 8 8
10 6 9 6 3 4 10 10 1 2
