n 20
m 10
cap 20
Processing
69 61 6 7 85 63 3 97 16 76
55 3 62 87 62 53 37 50 16 21
26 5 87 2 3 16 57 47 99 76
42 30 69 82 15 60 44 78 42 76
42 14 97 68 86 91 84 48 49 85
62 76 76 77 5 83 37 32 16 95
10 82 40 76 2 4 63 77 90 79
100 40 93 75 56 36 94 59 65 5
75 73 23 67 43 4 56 92 47 21
31 3 69 89 100 87 89 63 21 51
74 76 56 44 96 81 100 77 43 66
44 93 51 97 90 20 96 12 50 55
17 7 82 75 17 6 72 18 33 56
36 23 58 68 77 79 64 85 69 67
62 52 66 21 53 80 41 92 81 19
35 28 12 6 41 12 31 92 85 53
71 96 64 37 37 41 20 67 36 25
41 55 15 42 77 72 78 40 42 46
91 87 80 24 67 23 40 46 85 28
78 14 36 4 15 32 72 57 8 22
Size
7 4 3 9 8 8 5 7 9 9
3 8 10 4 6 1 8 4 2 9
2 5 5 10 1 10 2 6 10 7
4 4 3 9 10 1 1 8 1 10
1 1 9 8 6 2 8 2 2 8
3 8 10 7 3 9 7 10 10 1
3 4 3 9 6 3 6 4 7 7
4 9 10 4 4 1 10 1 10 4
5 3 5 5 5 5 5 8 9 4
4 10 6 6 4 10 1 9 10 4
2 7 6 10 7 10 4 9 3 6
4 4 6 3 1 7 2 3 3 2
4 9 7 7 9 6 10 4 10 10
4 5 3 6 5 10 1 4 1 6
3 1 8 10 9 1 5 2 5 7
7 7 7 8 10 3 8 10 5 1
2 7 1 2 4 5 3 10 6 8
10 8 8 10 7 1 6 3 8 6
1 6 6 10 10 1 3 4 1 8
5 2 4 2 2 2 8 3 4 10
