n 20
m 10
cap 20
Processing
84 50 72 58 33 97 28 46 93 8
77 47 1 48 56 70 3 44 22 18
18 21 28 70 45 54 50 57 25 74
74 81 1 52 51 68 50 62 90 61
66 36 56 40 80 82 32 39 88 79
22 48 10 73 50 22 15 90 67 13
52 47 58 62 5 9 71 34 29 19
36 56 67 25 63 67 90 79 57 79
4 51 37 4 80 80 20 35 51 100
44 10 46 5 85 28 51 8 61 39
72 43 80 70 41 28 61 54 60 58
46 55 35 92 21 83 15 99 88 36
46 15 97 97 44 72 76 93 42 64
41 76 13 13 53 28 90 39 87 78
94 99 76 41 26 15 23 80 82 31
53 4 41 3 92 69 99 35 25 76
68 59 55 82 51 8 94 53 11 90
92 45 44 15 41 41 17 2 8 79
46 76 23 32 74 11 43 10 84 25
74 30 48 97 27 13 90 33 87 63
Size
10 5 8 9 10 2 4 6 5 5
4 10 8 1 9 3 6 7 6 5
5 9 4 8 5 10 2 7 4 8
5 2 7 1 1 8 1 10 10 9
10 3 4 7 4 8 8 5 4 2
5 3 9 6 5 1 2 6 8 4
6 6 6 4 8 2 1 5 4 4
3 9 4 10 3 10 1 1 10 2
4 2 5 9 3 2 6 6 7 4
10 9 2 5 9 9 2 2 8 9
1 3 4 9 10 6 8 7 9 9
5 1 4 2 4 7 10 1 7 7
3 1 2 5 3 2 1 7 3 5
6 2 8 1 5 8 8 8 10 10
8 9 4 7 9 7 4 2 3 5
4 10 8 9 2 5 1 1 6 8
7 4 5 7 1 7 2 6 3 2
3 7 3 4 7 5 9 4 5 6
4 5 5 2 7 6 7 8 9 3
6 6 3 5 3 4 7 4 2 9
