n 20
m 10
cap 30
Processing
69 59 12 42 78 96 76 71 91 86
17 98 69 96 28 45 75 33 38 68
68 32 81 22 53 46 7 23 51 59
81 78 29 12 35 78 15 8 93 32
38 70 23 99 12 89 57 69 81 77
50 83 32 54 98 51 26 51 87 7
71 36 65 32 36 85 34 54 92 96
64 56 63 15 69 88 39 38 80 100
89 38 85 69 90 7 26 95 70 17
4 20 23 52 49 71 20 27 28 51
29 71 57 2 75 48 22 80 65 27
58 78 98 50 58 79 32 65 87 61
96 90 31 100 64 41 90 23 67 76
75 28 41 11 82 79 13 45 78 95
48 23 51 31 44 28 23 83 47 5
53 20 93 31 38 78 22 58 68 25
74 12 34 65 43 82 57 27 84 11
45 71 55 2 100 36 90 93 57 23
3 19 9 7 35 40 55 50 86 54
84 96 93 49 44 68 84 8 67 8
Size
5 7 9 9 2 8 7 7 3 3
10 4 8 2 7 3 1 1 2 1
6 8 6 1 8 1 1 1 8 7
3 8 3 4 7 3 2 10 5 6
7 5 5 7 8 8 5 6 1 3
6 4 2 1 2 9 2 2 2 7
8 1 10 4 3 1 6 2 8 6
1 7 3 1 1 1 5 2 4 2
9 3 10 9 10 8 10 10 8 6
3 2 6 2 2 5 5 8 9 3
4 10 9 7 5 6 3 8 7 2
9 6 3 10 10 4 3 2 10 1
4 10 4 2 5 7 6 9 9 7
3 4 5 6 8 10 6 5 4 6
5 2 3 8 7 8 4 7 3 4
8 3 2 5 4 6 5 2 10 4
9 6 8 5 2 1 4 8 1 5
5 4 4 4 4 2 10 10 6 10
2 6 5 1 2 7 8 10 5 1
10 5 10 1 1 1 5 2 6 7
