n 20
m 10
cap 30
Processing
12 82 50 23 35 48 89 19 60 16
100 18 38 95 3 100 3 57 56 39
57 10 61 6 69 34 57 9 30 74
2 32 38 23 23 2 29 54 99 80
75 98 90 91 83 78 79 12 14 100
82 41 34 79 55 42 49 3 2 80
3 38 28 35 67 34 61 63 2 33
73 45 79 11 77 37 51 66 22 30
21 94 2 37 62 62 22 96 24 3
11 65 99 73 38 52 65 1 95 48
62 50 78 100 52 34 65 36 11 17
30 17 65 43 1 86 75 35 94 89
81 80 66 22 1 37 84 10 97 63
47 29 9 28 44 91 38 49 23 65
20 70 41 12 79 25 2 83 49 86
17 75 9 79 48 46 33 29 70 88
25 55 77 80 83 19 82 7 87 7
79 100 7 76 69 76 32 100 92 61
62 64 62 35 93 87 20 50 86 7
45 7 19 64 63 15 71 18 39 94
Size
2 6 7 8 9 8 10 9 10 10
3 7 7 6 6 7 8 2 9 7
1 8 4 8 8 4 6 5 6 1
10 7 3 8 3 6 9 9 7 3
1 1 10 7 6 8 4 4 6 5
5 5 1 3 3 3 8 7 9 6
5 2 6 4 6 3 10 9 9 3
3 7 8 6 8 10 8 1 2 9
4 2 2 5 5 4 3 9 7 5
2 9 3 10 5 7 9 3 9 2
3 6 10 5 7 3 3 2 7 9
8 4 7 2 4 10 2 10 8 2
1 6 8 7 3 9 5 10 1 6
3 2 7 8 5 8 3 10 1 1
6 1 10 5 10 1 8 6 7 6
2 8 2 5 1 7 9 1 10 10
1 7 2 8 4 6 9 8 3 6
4 6 10 10 1 9 2 3 2 4
5 10 9 7 9 6 1 9 5 4
6 10 6 6 8 2 7 6 5 6
