n 20
m 10
cap 30
Processing
90 63 47 86 57 73 47 59 85 75
40 58 60 52 34 43 17 55 20 25
78 63 74 88 30 14 40 82 85 35
2 96 80 8 53 56 15 58 69 29
37 64 28 98 70 71 82 47 64 35
8 6 90 29 86 90 41 65 96 52
39 59 65 16 97 9 68 29 83 45
39 90 52 85 24 5 2 98 80 71
71 1 58 30 15 11 57 66 75 97
21 86 89 7 3 42 66 81 48 69
44 29 90 4 47 39 90 82 64 17
86 45 61 35 35 49 29 59 46 16
83 46 83 77 53 47 22 36 54 68
14 70 71 10 35 73 24 26 92 74
94 25 13 98 54 80 64 93 51 72
74 83 57 49 36 42 13 2 44 8
62 33 99 39 50 40 38 31 42 5
12 71 19 18 64 54 54 94 83 4
15 26 66 9 73 15 42 11 80 23
85 68 70 74 61 18 70 56 4 39
Size
1 8 8 5 5 3 4 2 9 10
4 1 5 1 8 8 2 5 9 10
1 6 4 6 7 2 6 2 7 9
1 6 1 4 3 7 10 4 10 9
7 4 5 10 2 1 1 8 8 1
2 3 9 7 1 8 3 5 3 8
8 7 7 1 6 8 9 2 8 9
10 2 6 9 6 3 6 9 8 3
1 9 6 4 2 5 9 8 7 6
4 1 8 9 5 6 9 7 9 6
5 8 4 10 4 3 1 4 7 2
4 1 5 6 6 5 3 6 5 9
10 3 4 5 1 2 2 4 2 8
9 3 5 3 2 3 10 6 8 2
2 3 1 9 6 2 6 7 9 3
3 3 2 9 4 6 4 2 1 3
4 4 6 7 4 10 5 1 5 8
9 3 7 3 5 5 7 2 2 6
6 1 2 2 7 1 6 2 4 2
8 8 5 2 8 3 6 4 10 9
