n 20
m 10
cap 30
Processing
72 23 25 59 11 4 51 63 43 9
11 1 9 12 67 89 16 7 56 13
92 61 3 10 85 81 19 10 77 3
19 64 61 93 70 29 9 23 81 62
87 71 61 21 12 63 54 67 34 80
36 27 8 56 45 71 55 98 80 73
8 98 54 70 52 22 13 55 15 24
51 50 10 28 87 28 76 6 96 67
6 78 30 89 53 42 82 60 20 6
94 27 7 99 93 51 17 18 68 76
37 43 24 40 28 38 98 1 54 79
76 73 5 70 36 4 44 95 84 17
86 21 47 79 37 89 26 55 3 67
59 97 47 35 66 30 60 61 44 71
56 11 87 73 94 26 74 69 49 29
43 77 50 76 46 57 75 14 98 81
61 33 53 100 49 61 58 33 52 13
15 52 83 65 76 11 7 77 52 14
29 66 68 64 19 17 13 60 37 75
58 68 89 39 13 81 4 19 42 5
Size
9 8 9 7 1 2 5 10 4 3
1 2 1 10 4 6 5 7 9 2
1 4 1 1 6 7 4 2 8 3
8 2 5 1 8 7 1 9 7 7
9 2 10 10 7 7 10 6 4 6
8 4 7 7 2 6 9 5 7 1
6 1 5 1 1 6 2 2 8 8
9 10 3 5 4 3 10 8 8 10
5 8 9 4 7 10 4 2 7 4
2 10 4 2 5 5 5 2 2 2
10 8 3 8 3 8 10 2 6 2
6 8 5 2 2 6 9 8 8 10
8 10 7 10 2 7 6 7 5 5
10 3 3 10 1 4 10 1 1 5
8 8 3 8 6 3 5 1 9 2
2 5 4 5 5 5 8 3 10 5
9 6 8 10 6 3 10 5 3 3
9 6 5 10 5 9 3 8 8 3
6 6 8 3 10 4 8 9 1 2
7 6 9 10 1 9 9 5 6 3
