n 20
m 10
cap 30
Processing
78 80 86 29 73 39 27 99 71 89
95 40 99 61 91 82 70 5 27 60
78 12 44 15 3 17 78 29 3 60
56 87 81 64 94 38 15 99 32 78
82 78 53 12 70 17 73 66 49 75
40 36 41 46 36 88 68 13 30 68
83 96 57 25 14 77 99 72 73 32
98 35 39 42 31 83 26 5 7 52
68 64 19 84 3 80 35 95 39 96
61 41 35 19 15 86 3 78 69 69
94 97 8 17 73 99 49 35 24 8
13 76 77 94 29 35 71 50 32 63
25 17 65 87 12 78 53 63 6 18
50 12 44 7 41 34 65 96 11 85
28 80 94 44 2 15 88 61 80 76
74 67 51 100 73 74 27 6 28 13
53 12 95 10 95 75 15 35 57 49
41 59 73 16 20 18 89 87 13 85
76 69 29 25 60 25 39 16 72 17
61 19 47 59 4 71 79 57 73 74
Size
7 2 2 9 10 4 2 9 4 4
7 2 7 1 7 10 10 2 3 5
9 3 6 6 10 7 6 3 6 3
9 5 4 1 7 9 8 2 8 2
6 5 1 4 4 9 5 5 9 4
5 9 7 4 1 9 5 10 10 1
8 6 2 2 9 8 9 6 8 10
2 7 10 5 4 7 4 8 1 8
9 1 5 7 6 4 7 9 7 3
3 7 3 6 10 4 1 3 4 9
2 1 6 2 2 7 5 9 8 4
9 8 9 9 7 9 5 5 6 3
5 3 5 4 9 10 3 7 6 9
10 10 3 9 5 1 8 7 1 5
2 7 7 6 8 3 9 10 5 8
8 8 5 4 3 1 10 10 2 8
5 2 3 10 10 6 8 9 3 6
7 1 3 3 7 4 3 8 8 9
2 2 7 7 7 8 3 3 9 5
2 6 2 10 3 5 7 4 6 9
