n 20
m 10
cap 30
Processing
79 76 16 13 93 1 46 99 46 60
36 58 12 49 43 44 41 36 51 32
24 16 15 9 25 53 88 79 51 32
72 88 40 98 71 18 73 11 76 25
35 41 69 22 100 28 78 88 71 56
38 71 38 98 69 54 35 9 26 65
23 74 18 85 6 3 67 4 19 80
24 40 38 54 63 82 90 16 51 73
21 40 50 48 6 91 28 35 88 84
83 48 74 55 35 100 25 92 5 16
21 97 89 25 15 25 22 22 78 34
19 55 87 57 54 17 35 59 75 45
9 22 85 60 24 64 59 91 10 65
73 41 16 4 53 56 58 68 95 52
96 93 6 20 51 26 73 73 59 4
44 58 81 81 66 40 99 35 81 10
2 87 52 59 2 72 15 32 58 66
45 25 55 44 29 86 92 56 77 67
52 64 14 25 77 25 86 34 12 55
11 90 25 18 25 30 82 58 35 31
Size
10 8 8 3 6 10 8 1 1 8
2 10 4 7 6 5 2 9 4 7
9 4 10 5 2 2 7 6 1 9
10 9 5 5 7 9 9 2 4 5
6 5 7 1 7 2 1 8 4 1
9 6 9 5 6 7 7 10 4 6
10 2 7 10 1 3 5 2 2 2
8 1 6 9 2 8 1 9 5 2
4 3 8 3 10 5 2 1 5 2
4 10 1 4 1 2 2 3 7 4
10 9 9 5 3 9 5 8 1 7
2 8 4 2 8 9 9 1 4 2
2 3 4 4 6 4 10 4 4 8
1 3 4 7 4 2 3 7 7 8
6 5 3 6 5 2 8 4 1 5
6 5 2 1 6 4 4 8 10 8
6 3 9 4 10 10 5 5 1 7
1 8 8 3 9 6 6 1 6 1
6 5 10 4 10 1 10 4 9 4
5 3 8 9 2 9 3 9 9 5
