n 20
m 10
cap 30
Processing
47 52 75 88 47 26 36 69 4 69
15 62 6 38 71 53 95 65 80 67
30 56 88 12 71 8 72 57 54 26
62 4 79 35 29 31 55 11 8 98
91 71 62 7 75 78 17 69 7 39
74 14 77 26 16 52 1 88 78 80
69 56 75 78 40 67 33 82 34 26
24 54 20 24 39 90 11 1 72 68
19 52 76 98 90 62 97 27 16 6
76 67 88 80 80 7 3 50 58 59
32 21 29 88 24 81 52 63 25 89
79 99 2 37 86 92 10 12 93 17
14 63 34 44 6 65 86 45 71 5
3 53 81 95 41 68 94 30 64 9
99 55 66 30 96 32 15 38 86 46
44 58 11 19 24 96 41 77 92 29
89 29 2 29 22 8 17 60 16 39
63 54 12 38 99 34 16 35 42 91
58 63 87 54 64 52 46 23 62 35
54 33 58 76 26 14 30 73 59 87
Size
2 10 1 1 5 10 8 7 7 6
10 4 9 9 1 2 9 6 7 9
8 5 5 10 10 6 1 9 6 3
4 6 7 8 9 5 3 3 7 4
9 6 1 10 9 2 4 7 4 8
9 9 6 6 5 1 9 10 1 4
5 3 1 7 8 4 10 10 2 8
7 9 2 9 2 6 2 10 7 1
5 7 4 2 8 2 4 5 10 8
5 4 7 7 3 2 6 2 5 10
8 8 9 3 2 5 6 6 8 1
8 4 6 8 8 8 5 5 9 1
9 4 4 3 5 7 6 3 4 5
10 5 7 3 7 1 6 9 9 3
3 1 7 7 8 8 6 1 5 2
3 6 1 9 6 9 3 1 2 7
5 2 2 9 2 9 6 1 4 8
2 10 8 5 1 9 3 1 6 3
10 10 9 8 2 2 6 6 5 10
9 8 5 6 6 1 9 8 2 8
