n 20
m 10
cap 30
Processing
87 17 6 5 61 26 49 8 28 64
26 15 40 16 8 1 88 54 13 60
37 82 1 56 42 4 9 76 8 45
25 38 40 58 86 42 72 2 74 20
41 26 100 22 44 28 81 45 67 7
33 30 64 12 14 36 79 57 34 75
40 2 69 79 78 46 17 58 2 92
13 68 63 56 83 8 36 6 64 63
61 82 19 94 32 100 27 61 73 29
98 27 98 49 78 77 69 53 56 26
44 40 18 45 83 91 90 64 40 71
30 78 16 52 4 95 95 86 62 31
17 21 9 62 1 58 25 91 79 71
5 54 38 79 33 31 49 67 35 71
48 92 99 36 29 67 28 1 72 10
16 98 1 3 69 82 13 54 45 47
88 54 78 74 59 70 53 93 6 2
6 8 75 97 8 71 64 48 97 99
87 53 39 74 34 72 26 4 17 16
71 74 75 84 1 78 22 82 3 27
Size
6 8 1 3 10 2 4 7 6 3
8 1 5 4 4 1 3 8 4 4
1 10 3 7 5 4 6 8 2 8
9 1 8 2 1 9 5 8 6 5
3 2 9 1 9 5 5 2 3 1
4 5 2 1 8 6 8 2 4 10
7 3 8 1 2 9 4 7 4 3
2 3 8 1 3 6 4 4 1 10
10 4 4 1 5 7 10 1 9 10
6 2 3 6 9 8 3 9 3 3
2 10 3 2 3 7 8 1 8 4
2 3 6 10 9 6 5 6 1 3
1 5 10 6 7 9 8 8 8 10
1 6 3 7 1 2 8 10 2 10
9 4 9 3 5 3 6 4 6 10
9 10 9 7 2 5 6 6 8 6
9 7 4 3 7 1 4 8 5 2
3 3 2 9 6 3 5 9 7 10
4 8 6 2 2 4 4 9 10 3
8 8 4 7 6 8 10 2 7 9
