n 20
m 10
cap 30
Processing
1 58 7 99 92 21 22 7 56 23
84 69 44 79 97 55 67 54 54 18
2 95 89 97 6 73 46 44 93 96
98 24 86 14 64 73 54 22 56 27
90 47 81 23 28 81 25 100 99 2
89 52 34 18 93 70 83 72 88 23
79 81 66 68 23 55 54 6 84 96
95 85 15 30 27 63 7 73 72 4
15 60 92 52 29 59 73 71 78 66
69 81 52 30 42 98 10 89 58 42
68 89 58 34 85 60 17 28 44 33
16 37 68 86 35 70 89 75 41 95
50 3 68 74 44 83 65 25 93 9
12 44 75 25 59 74 37 65 14 31
10 100 94 94 25 32 82 71 2 46
8 17 24 87 15 73 41 21 78 94
48 18 64 26 51 14 89 57 42 16
62 82 32 80 86 23 85 88 39 84
44 63 86 30 60 10 78 86 81 31
1 83 14 2 26 79 55 56 37 4
Size
2 7 9 10 6 4 10 10 8 7
7 2 10 3 7 4 2 6 8 3
3 1 3 6 2 10 2 2 10 6
9 6 4 9 10 2 3 4 1 8
9 10 4 7 3 10 7 4 6 1
5 2 6 6 2 1 5 6 3 5
9 8 10 10 8 6 3 3 6 1
1 10 9 3 7 10 2 6 10 9
6 8 10 9 2 5 3 9 5 9
9 4 3 3 10 3 9 3 1 7
9 8 2 9 5 4 6 3 3 2
1 1 8 8 2 8 4 6 2 1
2 10 8 10 8 4 8 7 2 5
4 6 2 10 1 9 2 9 8 10
6 10 10 7 2 8 5 8 10 2
1 8 9 8 10 5 1 7 9 3
8 9 9 2 8 4 6 3 10 2
5 3 2 2 10 2 2 7 3 6
2 2 6 7 1 8 6 9 4 9
4 2 2 8 2 6 5 2 3 4
