n 20
m 10
cap 30
Processing
36 76 94 41 45 19 87 31 17 88
36 64 16 66 39 8 86 88 27 65
56 78 70 11 33 44 59 61 92 62
32 39 35 59 87 35 89 30 33 84
53 6 56 63 73 73 87 32 1 97
26 14 54 97 42 20 80 87 54 70
9 73 45 98 39 69 53 34 13 32
94 19 35 99 87 43 48 88 31 82
75 51 74 80 41 78 77 48 6 74
75 54 1 54 40 27 9 46 74 78
40 45 38 34 10 20 14 65 25 63
52 52 83 97 5 96 48 63 34 77
82 9 100 55 40 4 44 64 10 10
67 24 85 89 45 21 8 51 63 92
14 50 4 32 24 12 96 99 43 76
93 19 74 21 65 76 5 92 32 18
85 14 54 12 98 98 91 24 69 50
46 71 60 65 89 6 89 65 55 9
25 18 86 37 78 100 42 100 100 88
24 1 23 2 4 65 5 97 100 29
Size
5 6 9 7 5 5 2 8 4 9
9 5 5 8 6 3 5 9 4 1
6 7 1 7 7 3 7 2 5 1
4 9 10 8 9 10 5 6 5 7
7 2 6 6 6 2 10 6 2 2
5 7 4 1 7 1 2 1 1 1
8 8 2 9 8 7 3 4 5 8
6 3 5 8 7 6 1 1 1 8
10 2 4 6 6 3 5 2 7 4
3 6 6 1 6 6 9 1 4 7
5 4 2 1 5 3 5 1 5 5
5 6 1 9 4 10 8 10 6 6
1 9 8 9 1 10 1 10 5 2
9 10 7 2 3 10 8 6 3 7
8 8 2 5 5 8 9 4 5 9
6 6 4 6 6 10 6 5 5 9
3 7 2 7 4 7 7 10 3 9
8 3 3 8 2 1 5 6 1 1
9 6 2 3 9 7 1 1 4 9
9 1 7 10 4 6 6 3 2 8
