n 20
m 10
cap 50
Processing
59 93 44 91 82 57 54 62 48 30
37 23 99 99 53 92 41 42 70 13
90 47 52 74 32 54 81 70 66 100
65 94 65 50 5 46 18 78 65 31
70 81 54 60 55 57 45 76 41 36
55 97 45 78 78 6 72 61 25 2
61 84 14 62 22 51 86 1 8 71
2 61 88 37 95 76 8 81 26 93
17 49 78 69 76 60 94 32 43 70
31 22 61 3 49 22 79 72 33 96
70 49 21 22 17 19 59 36 31 42
30 79 59 22 80 26 48 53 21 54
50 62 53 46 69 49 61 39 75 19
82 32 86 22 22 54 45 21 52 25
80 83 17 26 72 71 43 72 98 33
81 91 53 100 64 63 98 99 56 6
76 100 38 84 21 32 69 32 38 63
48 2 9 53 94 69 56 4 89 100
30 30 41 9 12 22 95 88 18 84
59 24 75 15 12 41 53 77 43 22
Size
3 4 3 10 7 9 4 5 6 1
2 1 2 3 1 1 10 1 1 5
10 5 1 7 4 5 4 5 3 1
4 3 7 10 6 6 1 10 2 7
6 4 2 10 1 4 9 10 4 7
7 3 2 10 10 2 3 9 9 10
2 6 8 1 10 1 9 6 6 8
2 9 2 8 10 4 6 7 1 10
1 7 9 3 7 6 5 6 1 4
6 7 6 3 2 4 10 8 2 3
3 1 8 7 2 2 3 9 9 9
6 8 4 2 5 10 2 7 10 6
3 5 8 7 7 9 9 3 1 8
5 7 3 2 5 9 6 4 1 3
5 7 4 10 8 5 3 7 9 3
2 9 5 3 10 2 1 9 2 8
9 1 10 1 8 2 3 7 6 7
3 6 2 7 6 7 2 4 6 7
6 7 7 4 4 9 2 4 6 9
10 10 2 4 6 5 2 8 4 4
