n 20
m 10
cap 50
Processing
92 99 80 59 78 58 37 75 14 24
41 25 95 87 55 43 36 13 45 23
72 54 14 40 5 33 54 86 39 52
3 22 39 36 17 8 26 35 49 73
5 41 73 81 36 13 3 1 54 50
61 31 50 35 69 64 29 2 31 77
48 71 28 1 93 100 38 53 33 82
20 2 70 98 25 14 82 13 61 33
29 98 61 70 55 56 55 16 1 73
67 6 54 90 78 45 6 95 37 91
89 6 55 84 15 91 65 35 87 6
24 49 62 27 72 10 96 3 78 60
71 4 46 37 14 62 88 53 12 13
35 24 37 51 20 85 88 4 35 50
100 100 12 34 37 5 51 17 29 6
96 40 37 90 46 98 68 87 56 3
30 88 77 43 80 8 35 40 54 1
18 78 20 28 59 40 81 98 49 68
79 35 45 3 68 68 70 18 12 43
51 4 35 12 80 33 65 39 60 73
Size
10 5 4 2 5 4 10 2 2 7
10 5 1 7 4 2 2 2 7 2
8 1 6 4 3 1 3 5 7 6
3 10 2 10 9 6 1 3 5 7
6 3 9 9 10 9 6 10 4 7
8 4 7 5 8 5 10 6 8 8
7 6 10 6 6 9 10 1 8 8
3 9 3 7 7 9 4 5 9 6
3 10 3 6 6 9 4 7 10 1
6 1 10 4 2 2 7 4 5 1
8 8 10 3 9 7 6 2 7 5
3 7 7 5 2 5 3 9 6 6
4 5 2 10 1 5 8 1 7 6
3 2 9 3 7 4 9 2 10 4
1 3 5 10 6 8 1 10 6 5
4 3 5 1 6 3 4 2 5 3
3 4 7 1 1 8 6 3 2 1
4 7 1 1 5 2 8 6 8 3
3 5 3 2 2 8 10 2 7 3
7 9 4 9 5 9 9 1 10 6
