n 20
m 10
cap 50
Processing
27 46 2 66 32 99 33 51 84 96
7 80 12 84 85 37 35 9 69 73
16 29 96 46 64 85 28 49 6 71
52 87 96 26 65 11 77 13 35 20
90 48 79 49 78 49 26 78 59 93
71 100 50 65 5 15 23 69 61 10
79 41 95 71 11 77 18 100 81 27
36 23 47 62 1 31 1 85 29 80
95 4 43 63 53 21 20 96 83 1
60 72 4 26 69 65 46 53 81 83
41 58 39 2 19 30 43 58 28 60
27 43 77 85 29 93 13 52 80 1
84 79 52 1 1 90 51 85 45 18
20 67 58 43 26 70 13 11 24 50
48 58 53 19 37 28 32 10 63 89
26 82 96 57 76 50 6 59 30 92
24 88 39 30 8 57 8 11 20 68
34 41 99 98 90 97 89 15 6 44
16 92 6 70 38 66 4 29 18 8
22 57 88 65 64 70 69 88 71 75
Size
9 1 10 2 9 4 8 9 10 7
1 10 7 6 5 6 8 4 9 9
8 1 7 5 2 5 9 2 9 6
8 5 5 6 10 9 2 7 10 8
3 4 2 10 2 3 5 8 6 1
2 1 3 5 10 3 2 5 2 3
7 5 8 3 1 3 6 1 5 9
6 8 5 10 10 1 6 2 5 3
3 4 8 1 2 10 7 2 2 9
8 1 10 2 4 5 4 10 3 8
8 5 5 9 6 8 6 3 8 2
10 3 5 9 5 2 5 7 1 4
5 2 10 2 9 8 1 7 4 5
6 9 6 8 5 5 4 1 3 2
8 9 2 7 9 8 1 2 5 1
1 10 10 7 7 1 3 7 10 1
6 1 9 1 5 5 7 4 10 3
3 8 7 9 1 7 3 4 9 10
3 1 1 3 6 9 4 10 4 3
8 5 2 2 9 9 6 10 4 5
