n 20
m 10
cap 50
Processing
27 100 75 53 64 86 31 7 37 37
69 13 62 51 58 17 13 42 61 97
41 68 11 15 87 78 35 15 80 91
28 68 83 44 3 84 24 84 66 64
48 60 23 93 66 24 4 74 29 60
82 83 8 25 75 83 12 8 81 42
89 42 32 68 72 64 69 69 62 64
46 45 87 84 85 99 84 71 46 28
59 52 35 5 61 52 16 60 77 14
47 49 32 7 88 73 66 17 59 49
63 81 56 86 36 28 83 91 66 46
53 5 42 72 76 2 29 10 33 91
67 98 47 70 75 67 79 93 98 46
19 21 28 38 63 10 19 41 1 29
90 77 9 44 10 30 88 26 71 33
13 70 92 57 57 28 54 1 83 57
37 17 5 16 66 93 71 84 5 73
62 43 18 97 46 35 46 70 76 29
53 48 99 50 31 81 9 70 44 46
21 99 56 92 49 55 38 56 76 79
Size
10 3 9 1 6 4 3 10 1 2
7 1 2 9 5 6 4 8 5 5
6 1 1 9 3 3 10 5 7 2
8 9 10 7 1 5 3 2 2 4
5 2 3 2 9 7 10 1 5 10
8 6 6 1 8 8 10 9 3 4
7 8 8 9 8 3 3 7 1 4
10 1 10 8 3 1 7 8 6 5
8 2 10 3 7 10 3 9 4 10
4 9 4 2 3 4 8 3 2 10
4 5 1 9 9 2 6 10 5 2
1 8 10 6 8 2 10 10 5 5
1 3 8 9 3 8 5 1 4 9
1 4 4 7 3 1 5 10 5 8
1 9 1 6 9 4 10 10 8 2
7 2 8 2 10 7 2 2 10 7
10 4 6 3 4 4 1 4 1 2
4 10 6 7 8 5 3 1 1 6
1 10 10 5 7 10 10 5 3 3
3 9 4 1 1 3 2 5 6 7
