n 20
m 10
cap 50
Processing
29 96 15 83 46 73 89 59 18 48
82 1 99 92 81 77 2 34 91 36
82 26 69 94 61 25 2 41 9 69
60 83 5 13 56 28 71 27 98 16
90 85 49 32 100 3 99 82 27 78
51 78 46 21 29 93 67 69 41 36
94 76 91 12 28 50 77 81 44 7
14 8 21 16 37 53 85 93 49 14
71 45 38 16 89 68 70 25 18 1
82 13 46 26 3 36 97 95 45 18
80 93 96 96 52 18 36 17 60 90
91 89 8 20 43 34 4 2 72 20
93 35 39 57 91 94 50 73 70 84
87 63 40 29 43 74 46 16 10 49
50 26 36 15 12 35 72 67 2 33
41 4 48 79 98 14 97 31 47 23
99 53 40 11 18 7 78 20 48 16
53 52 61 78 75 25 94 69 85 70
23 95 48 53 95 57 12 67 58 2
19 49 66 75 86 62 90 78 6 41
Size
9 3 9 8 7 1 6 10 8 9
5 6 6 4 9 9 4 6 10 2
2 6 9 4 3 6 6 1 3 5
8 8 5 2 9 4 4 1 7 5
2 6 7 3 9 1 5 2 1 6
6 1 8 6 2 4 6 10 4 5
6 8 1 6 1 1 4 2 9 6
4 6 8 2 8 7 10 9 2 4
3 9 5 4 2 8 3 7 10 3
1 5 8 3 5 10 5 6 9 2
5 7 10 7 4 7 5 4 2 7
4 5 8 2 6 4 5 1 4 2
7 5 4 3 2 9 6 5 6 6
9 8 4 3 10 10 2 2 4 1
10 6 5 8 2 4 5 5 7 3
6 8 1 5 10 3 6 7 1 10
3 3 10 9 7 8 4 3 9 8
6 7 1 5 7 1 1 7 4 8
9 3 9 2 10 8 9 9 9 7
5 3 4 5 3 1 9 4 9 6
