n 20
m 10
cap 50
Processing
28 71 67 5 18 92 31 42 91 57
47 68 63 88 20 12 25 40 93 52
22 62 4 8 96 69 26 100 79 53
44 75 16 44 20 4 87 8 59 48
48 80 33 7 79 9 5 63 3 91
97 47 66 58 54 19 58 79 11 82
51 13 58 11 29 11 54 35 41 44
85 5 17 49 61 63 75 83 51 28
55 43 85 60 45 3 44 85 42 14
62 51 66 94 63 36 93 94 83 5
12 12 30 80 95 46 97 47 43 32
29 80 67 33 13 34 16 96 80 79
70 41 45 85 92 90 44 33 56 46
95 30 77 34 7 75 64 26 52 82
10 98 30 80 66 71 17 14 1 13
86 94 54 53 89 58 92 59 62 68
62 76 66 21 13 83 12 52 63 72
96 94 57 76 57 73 30 97 84 3
87 30 30 88 28 83 98 84 18 4
85 80 40 31 4 62 48 68 84 66
Size
8 2 5 3 4 8 2 9 1 2
8 1 8 9 6 4 9 8 5 1
6 8 5 1 8 1 2 5 7 10
9 1 7 2 3 3 2 5 2 7
10 7 10 4 2 9 4 7 6 2
6 6 4 3 8 1 1 10 7 4
3 10 5 8 8 1 8 4 3 9
8 2 7 2 6 9 7 9 4 1
2 5 6 9 8 9 2 7 9 4
8 8 5 7 6 8 3 4 3 8
10 7 4 3 4 8 1 5 8 7
4 2 7 4 7 3 8 6 9 7
5 5 5 7 8 1 10 2 5 3
3 1 1 7 6 6 10 8 4 3
6 9 5 10 1 1 2 1 8 4
8 8 5 8 6 4 7 5 7 8
8 2 1 5 8 10 8 4 4 10
4 1 7 6 6 6 4 6 10 6
7 9 5 2 7 5 4 6 6 7
1 2 10 10 3 5 6 9 7 3
