n 20
m 10
cap 50
Processing
28 26 87 1 23 10 68 49 18 28
57 35 10 13 55 66 37 7 94 88
13 87 89 45 100 9 28 85 43 34
38 91 15 86 82 15 7 47 66 79
27 38 19 70 29 16 54 45 10 65
86 85 61 15 95 1 68 69 8 43
28 45 89 21 54 54 13 2 67 20
32 74 87 8 26 17 33 66 76 17
94 29 51 57 88 81 34 85 8 85
64 67 40 36 22 28 68 40 50 42
7 45 84 6 33 3 77 31 32 79
7 41 21 85 59 76 70 37 56 29
34 43 13 50 50 10 86 58 60 73
68 18 8 26 55 64 7 50 65 35
47 79 50 42 2 21 56 20 30 3
48 10 97 96 9 87 49 43 28 19
3 67 34 98 11 10 12 27 84 66
35 74 28 15 21 33 10 37 80 7
30 21 67 38 39 7 37 20 4 76
13 34 79 23 66 14 40 52 53 57
Size
7 1 9 6 9 5 9 8 3 9
4 9 1 1 7 5 1 9 2 5
5 1 3 2 8 7 3 2 5 6
2 3 5 9 7 9 6 7 6 4
3 4 6 8 8 4 7 1 10 5
10 4 10 7 9 7 2 4 2 9
8 4 5 3 6 9 9 7 7 5
3 2 4 6 7 7 2 4 2 10
9 6 5 4 6 5 4 7 8 7
2 4 10 4 5 6 7 8 8 10
4 2 7 1 3 9 9 10 5 1
9 6 1 9 3 2 4 7 4 3
9 9 10 10 4 6 4 3 6 8
10 7 5 5 7 2 9 3 1 6
8 3 10 2 2 2 5 5 7 5
2 7 6 8 3 1 7 10 6 1
5 1 10 8 10 9 10 3 6 8
9 3 3 8 5 9 1 10 7 7
5 3 5 7 4 3 7 3 9 7
6 9 9 9 3 4 10 1 5 8
