n 20
m 10
cap 50
Processing
26 34 100 3 11 70 28 3 9 27
68 43 38 5 56 73 65 40 42 61
2 15 29 92 100 93 53 5 99 94
67 71 11 76 59 90 69 96 15 47
89 74 39 4 57 65 50 45 68 61
16 67 28 47 21 4 42 17 4 12
3 33 13 91 98 52 100 7 35 79
48 67 88 35 73 45 55 2 86 87
30 5 24 82 6 22 85 32 93 42
38 89 25 32 61 97 14 43 84 68
39 75 58 50 49 39 11 73 40 32
37 13 27 60 8 10 45 26 25 58
21 91 49 89 80 33 66 62 83 54
45 62 68 53 34 73 74 75 57 8
97 96 39 61 85 28 50 87 16 62
6 17 18 71 73 71 84 33 25 42
69 44 50 59 16 83 99 21 29 50
92 24 60 10 27 99 70 78 71 39
14 71 5 15 22 14 80 26 79 94
59 99 39 72 30 48 15 52 12 80
Size
10 9 10 8 2 1 6 5 8 4
6 10 4 1 5 10 1 9 10 3
2 6 7 10 9 8 5 7 4 10
10 10 3 1 1 5 4 2 5 1
7 5 9 8 9 10 3 10 3 9
2 10 7 6 10 9 6 9 7 6
8 1 5 4 8 4 8 2 9 5
4 4 5 1 8 1 1 1 3 4
6 6 5 2 2 6 5 7 6 3
3 5 7 2 9 3 4 1 7 7
6 1 6 7 8 3 6 6 6 4
2 10 6 2 7 6 9 9 2 10
2 6 1 9 1 2 7 9 3 4
10 1 9 3 1 5 7 2 1 3
7 5 7 8 4 3 10 7 2 10
7 9 2 6 7 9 6 10 10 7
10 9 6 10 6 2 2 3 8 2
8 2 4 5 5 2 5 7 2 1
6 10 9 4 6 7 9 6 9 4
9 5 5 1 2 3 8 8 1 7
