n 20
m 10
cap 50
Processing
93 96 29 5 36 1 96 33 21 73
77 53 92 11 98 39 83 9 18 61
6 6 45 37 15 66 61 16 14 64
32 73 39 96 22 5 36 13 14 11
7 23 66 10 54 83 9 67 79 54
52 4 83 97 29 39 19 56 49 29
57 23 18 90 62 87 15 39 13 37
29 26 51 84 90 79 46 5 3 93
81 40 50 12 95 89 24 76 89 28
27 29 27 42 86 15 24 83 87 99
9 76 50 10 31 15 81 7 30 78
81 87 60 26 66 85 84 25 52 24
41 57 9 53 49 53 75 91 32 27
59 25 55 2 47 80 82 94 9 60
98 72 72 81 65 50 56 84 86 80
29 48 84 46 92 36 8 80 76 14
5 58 94 23 67 60 28 48 58 100
50 86 45 51 1 12 76 54 53 7
25 75 16 21 47 15 57 81 54 100
68 26 33 68 45 56 61 71 14 67
Size
1 10 7 6 1 3 1 5 3 2
6 3 4 7 1 8 1 2 7 3
9 5 2 9 6 5 7 3 3 1
3 10 8 4 6 6 10 10 6 3
9 4 9 8 3 1 1 10 8 4
10 10 8 9 9 8 5 5 9 2
3 5 1 10 10 9 10 5 1 2
3 10 9 6 7 10 3 7 10 3
6 8 5 9 2 6 10 9 6 2
7 6 2 10 7 9 3 4 2 2
8 8 4 4 6 5 1 7 10 10
2 3 6 9 3 9 5 5 5 10
10 1 5 9 4 9 4 10 2 1
1 9 5 8 1 2 2 2 10 4
3 10 10 3 7 7 5 2 1 7
3 6 3 5 6 2 3 5 5 10
3 9 2 1 3 8 3 6 2 10
10 10 9 7 5 4 3 7 2 2
2 9 9 5 10 9 6 10 9 9
2 2 4 2 9 4 10 9 10 5
