n 20
m 10
cap 50
Processing
26 81 70 28 67 22 37 91 78 78
5 16 73 53 74 23 20 55 50 78
93 81 57 77 93 15 69 6 40 11
34 60 56 86 87 35 89 46 4 60
3 46 31 37 72 86 12 54 17 69
36 37 48 89 3 22 70 24 18 76
20 42 25 39 30 69 67 23 20 17
39 53 27 86 31 78 19 97 33 99
32 9 91 46 96 44 56 45 42 56
4 37 66 52 92 84 85 7 11 28
46 52 26 62 75 31 92 28 89 72
80 16 31 99 90 79 100 47 98 67
83 19 74 24 97 9 6 1 32 80
35 89 62 55 3 87 5 22 88 5
19 89 85 94 31 55 67 88 42 100
75 76 92 35 20 70 74 77 87 51
89 40 98 17 38 8 2 11 25 49
12 29 11 58 8 83 23 97 67 38
6 29 52 49 23 82 19 64 16 80
69 96 82 90 69 95 82 15 41 11
Size
10 4 6 8 10 6 4 4 7 2
8 3 6 3 1 5 3 9 6 4
5 6 8 6 4 7 10 5 6 7
3 5 1 1 7 8 8 4 4 9
4 1 6 4 3 4 10 8 10 10
10 10 6 8 5 5 6 7 3 7
6 6 10 4 5 6 5 8 4 4
3 7 9 2 10 5 3 4 10 9
2 8 9 4 7 8 10 4 9 7
4 9 10 3 4 2 6 5 3 8
3 6 7 2 10 7 2 8 5 6
9 4 10 1 8 9 1 9 1 7
3 6 7 9 7 2 10 5 10 6
8 5 7 5 9 2 9 7 2 1
1 3 1 10 6 10 9 8 9 3
5 1 4 4 1 8 9 2 2 3
8 9 1 6 7 5 7 2 6 10
5 4 8 3 3 6 4 4 6 1
4 3 8 5 7 2 9 3 9 6
2 7 7 1 5 8 5 7 8 4
