n 30
m 5
cap 10
Processing
77 49 77 92 69
54 29 98 100 22
6 56 94 70 50
55 88 19 54 97
18 64 30 16 19
64 4 97 56 33
97 63 94 63 62
31 23 83 94 2
77 3 74 82 3
57 19 9 65 52
30 21 61 20 2
59 91 72 47 66
96 97 92 13 73
59 44 70 69 40
45 16 94 24 58
8 6 1 18 12
2 54 6 6 24
9 13 96 31 45
88 76 59 97 15
21 36 76 19 41
31 69 99 19 21
69 61 92 27 96
82 49 73 27 41
98 98 32 53 33
100 59 43 8 19
12 47 20 76 90
69 14 31 73 79
85 15 70 4 17
61 31 85 22 33
100 23 44 63 10
Size
3 4 9 8 2
7 8 4 4 10
9 5 1 9 6
10 4 3 7 4
9 1 7 1 8
5 2 3 10 8
1 9 5 9 8
4 2 7 3 9
7 4 3 9 1
8 5 3 4 1
1 8 3 1 9
5 9 10 2 5
3 6 2 2 1
8 1 1 10 4
9 6 4 3 3
9 5 1 5 4
4 5 9 6 5
2 7 7 7 1
10 10 8 6 1
9 1 3 8 7
6 5 6 10 1
5 2 7 8 4
2 8 5 10 5
4 8 2 6 4
9 4 4 2 4
7 4 4 9 7
6 3 8 5 9
4 5 1 8 4
7 1 5 10 2
8 5 7 8 4
