n 30
m 5
cap 10
Processing
54 95 3 58 92
28 2 48 30 82
43 20 1 31 81
27 51 86 64 59
69 20 16 28 16
88 51 42 59 64
53 85 24 2 63
84 39 47 9 18
90 20 66 82 27
6 97 7 37 29
69 5 13 82 48
44 52 50 74 93
4 90 68 29 15
53 3 70 51 29
68 47 24 68 27
6 74 76 81 6
20 66 74 30 6
77 17 14 43 49
99 55 8 91 46
51 13 45 65 63
80 83 58 56 87
39 35 84 75 23
4 97 13 72 55
6 88 55 25 79
89 94 69 48 27
28 72 74 100 43
61 71 65 66 35
59 86 85 29 66
26 90 65 70 37
94 50 27 43 69
Size
6 1 8 2 2
10 8 1 10 7
5 4 5 7 3
8 2 9 1 2
2 6 6 1 7
1 3 9 4 9
2 5 10 1 3
8 10 3 4 3
5 6 1 5 3
2 1 3 5 2
7 9 10 9 6
6 5 8 1 4
4 5 9 9 2
10 5 9 6 6
1 4 5 10 10
10 6 1 1 4
4 4 4 8 10
10 3 10 6 5
6 7 7 1 6
4 6 9 3 6
6 7 10 9 4
4 4 9 8 1
8 9 4 7 5
7 8 1 3 5
5 6 6 7 4
2 9 6 7 5
5 5 8 2 7
10 2 3 8 1
7 4 5 8 8
1 6 7 3 6
