n 30
m 5
cap 10
Processing
90 39 97 79 6
34 33 44 90 56
48 85 23 91 30
40 92 90 61 30
8 16 59 84 97
96 21 73 30 1
38 22 83 63 64
52 100 37 7 89
59 5 84 15 2
86 56 12 11 70
43 15 94 14 19
50 62 93 10 23
15 75 76 38 77
39 36 48 70 36
79 23 99 85 65
58 30 15 83 1
47 25 73 67 54
66 11 11 44 93
53 73 73 88 72
25 99 36 69 45
34 56 29 25 60
66 90 70 66 20
10 92 13 56 32
94 45 21 1 23
17 23 45 88 81
8 48 14 80 64
59 1 6 87 21
43 4 17 90 12
3 65 42 90 86
68 21 38 32 46
Size
5 10 2 6 8
1 6 9 9 5
1 7 3 7 9
9 9 4 6 5
10 3 6 9 2
6 4 8 4 2
10 4 8 1 8
9 1 10 8 2
7 6 2 9 5
2 3 4 1 8
1 5 3 3 1
3 10 9 6 1
4 7 5 1 4
1 4 6 5 8
9 4 2 8 1
8 10 6 1 5
3 3 10 4 5
1 3 6 5 6
9 9 9 6 10
4 9 7 5 5
3 6 1 9 7
4 4 7 10 4
6 6 10 1 1
3 3 4 6 7
1 7 1 10 7
1 10 7 6 6
4 3 5 3 3
5 1 3 3 1
5 1 9 7 7
2 9 10 9 2
