n 30
m 5
cap 10
Processing
75 49 66 57 18
89 63 72 26 15
67 6 67 3 78
45 52 20 74 42
32 100 3 12 40
62 7 91 20 89
74 42 76 19 37
26 36 26 82 19
63 47 31 84 71
60 60 49 3 52
68 49 6 75 87
46 58 20 56 95
25 68 41 86 82
4 86 81 21 38
1 66 30 92 14
89 72 55 84 47
32 37 15 81 99
71 17 3 87 16
68 10 44 9 3
46 53 5 45 56
44 75 12 10 76
23 100 34 24 42
87 41 33 42 64
1 10 67 81 83
99 24 66 74 20
26 49 97 75 36
35 46 19 91 98
15 5 77 32 56
28 8 38 86 75
88 98 17 71 46
Size
4 2 3 7 8
8 3 10 1 1
7 10 5 3 3
10 4 4 1 10
3 10 1 5 5
8 2 1 4 9
6 1 2 1 2
5 8 2 8 3
4 5 8 3 2
8 2 7 2 9
4 8 8 1 8
9 6 3 10 4
4 8 4 7 3
3 9 8 1 10
1 5 10 9 3
2 3 3 7 7
1 8 7 4 1
10 9 7 1 1
10 4 10 3 1
2 1 1 3 3
1 10 4 5 2
5 2 5 2 10
9 10 1 8 8
9 2 10 2 3
3 3 2 3 9
8 8 7 7 6
4 7 10 1 10
2 1 8 7 7
1 8 3 9 2
10 2 7 5 10
