n 30
m 5
cap 10
Processing
23 95 74 3 57
58 40 22 95 69
23 42 75 69 34
57 69 84 90 8
65 66 88 77 96
36 78 91 11 44
20 39 72 74 7
72 81 49 89 89
17 99 12 17 35
7 55 99 16 83
38 11 62 66 55
39 98 1 57 89
93 6 35 13 8
65 99 25 62 39
19 57 49 13 20
14 76 90 65 35
91 14 42 1 76
92 34 85 40 21
3 41 1 32 97
11 82 32 43 43
61 68 95 94 80
41 21 13 32 47
99 50 84 89 34
83 85 86 35 76
44 87 40 77 95
45 76 73 20 47
76 40 59 66 16
99 94 10 78 68
74 82 53 28 38
51 88 57 47 80
Size
8 2 8 7 8
8 3 9 1 8
4 10 2 1 8
5 3 6 6 4
9 4 3 3 3
1 10 7 3 6
6 4 4 10 5
6 1 3 5 7
9 3 10 1 2
1 5 6 7 1
10 2 2 4 1
5 3 8 10 8
8 1 6 2 2
2 4 10 6 8
1 4 4 4 7
3 8 8 6 8
1 1 10 1 3
7 2 8 2 1
1 9 5 1 1
9 6 7 7 8
7 9 4 1 1
4 9 4 9 8
2 8 7 4 3
7 3 1 7 3
8 3 1 1 3
9 6 4 8 1
3 1 10 10 9
5 1 8 3 2
9 5 5 3 4
8 5 7 10 3
