n 30
m 5
cap 10
Processing
62 72 47 22 83
98 41 22 92 23
41 13 16 57 29
26 70 40 32 70
59 7 32 42 10
15 68 24 57 91
96 79 34 54 80
24 39 56 79 94
1 67 65 41 5
8 68 72 28 94
14 87 45 100 55
33 55 25 91 45
32 90 81 19 95
51 80 1 79 75
3 66 78 4 43
71 51 22 66 97
71 26 67 21 91
88 80 53 19 18
61 67 43 4 96
18 45 60 40 32
56 81 54 93 30
41 10 26 49 1
12 32 24 68 58
79 24 58 41 47
100 23 51 58 38
78 34 22 30 34
42 86 95 85 19
27 25 62 60 2
88 94 25 68 13
21 48 72 76 14
Size
2 5 3 9 4
4 10 7 10 9
7 4 5 4 2
1 8 6 7 9
1 5 7 3 1
8 5 2 7 6
4 10 9 2 5
2 9 10 5 10
5 6 8 3 9
9 5 9 1 3
10 9 9 3 8
10 3 3 2 6
9 4 8 10 1
6 8 1 7 10
3 7 7 5 1
4 9 7 2 10
8 10 9 8 4
6 8 7 5 5
10 7 6 8 8
5 9 10 4 8
7 9 1 8 9
2 4 3 9 3
9 3 2 1 8
4 4 3 2 7
3 3 7 5 1
3 8 7 4 6
10 6 8 5 1
7 9 8 6 6
4 4 3 7 2
1 2 2 2 8
