n 30
m 5
cap 10
Processing
41 2 54 81 30
7 25 32 21 78
1 18 19 93 18
36 92 4 47 36
80 76 66 19 43
13 86 33 12 46
70 60 36 89 88
33 34 99 84 85
29 71 71 62 9
83 35 57 18 9
34 45 27 96 20
5 10 50 12 24
79 56 19 50 7
35 64 1 34 27
2 51 96 64 45
12 80 57 46 51
49 26 31 100 92
52 23 78 34 27
36 73 70 72 49
53 74 70 30 77
69 87 78 44 86
54 95 45 20 2
96 93 49 92 67
34 83 57 24 88
62 97 41 65 21
5 41 90 9 17
78 48 81 84 34
23 67 11 54 48
29 19 62 22 27
3 100 61 7 46
Size
8 10 3 9 6
5 9 10 9 10
3 1 7 8 4
5 1 3 8 5
2 9 3 9 2
8 6 4 3 7
2 2 5 7 7
5 4 10 5 6
4 6 3 9 1
9 1 4 5 10
3 6 8 2 3
4 8 6 10 9
6 5 10 2 9
3 9 6 2 5
7 10 2 9 1
10 8 4 1 7
10 1 9 2 3
8 7 7 5 1
7 1 6 9 10
8 6 7 1 4
9 7 3 8 8
6 10 5 8 2
10 3 4 2 4
3 6 2 9 7
2 10 8 8 8
10 10 5 7 9
4 1 9 1 10
10 3 5 2 3
6 1 2 6 1
6 2 4 5 6
