n 30
m 5
cap 10
Processing
22 53 97 78 64
94 68 49 87 2
21 45 11 83 62
37 60 94 94 33
2 91 53 72 10
93 62 14 59 65
35 6 12 87 60
3 72 43 9 20
38 1 31 23 82
44 52 68 51 22
67 17 86 53 59
11 30 20 94 57
37 57 29 75 91
70 64 12 3 72
27 68 80 48 4
35 80 16 8 73
53 10 25 78 97
71 45 4 38 83
66 91 21 94 57
49 87 72 39 63
13 84 70 74 24
22 51 96 26 57
65 74 83 98 4
45 24 4 48 12
35 2 89 86 15
72 36 60 84 25
28 27 91 100 31
14 12 94 99 98
51 22 47 20 30
69 19 16 57 66
Size
7 6 5 6 9
9 1 2 1 6
2 7 8 6 5
10 8 5 1 10
5 5 3 3 7
4 9 7 5 3
8 3 8 9 6
6 5 5 2 6
2 2 4 8 3
1 3 4 5 1
6 5 6 2 1
8 2 9 4 6
6 4 8 2 2
1 1 9 6 3
3 3 5 3 1
8 1 6 4 3
2 3 9 6 2
5 7 6 3 3
10 5 1 6 2
5 2 1 8 7
9 4 4 3 2
7 8 8 4 2
8 8 8 5 3
10 10 6 5 2
8 1 8 2 4
1 1 7 6 1
9 7 5 10 4
2 2 5 4 6
5 5 2 1 6
1 3 2 2 7
