n 30
m 5
cap 10
Processing
71 67 66 49 2
89 4 59 54 9
21 9 36 30 64
49 19 13 40 83
27 82 3 17 53
35 11 13 2 47
8 73 53 8 90
2 4 67 18 67
46 1 100 2 68
92 66 64 71 35
90 31 29 15 65
93 98 61 82 16
67 29 86 30 73
80 22 41 74 44
52 68 88 48 85
35 23 64 94 87
6 68 31 29 48
91 93 19 88 28
83 99 30 12 70
40 39 52 75 61
4 100 9 67 29
41 9 56 49 77
87 82 92 39 6
39 43 80 14 58
87 100 31 39 55
20 63 97 37 61
94 2 85 46 73
61 32 60 54 24
61 49 32 11 85
25 96 27 56 39
Size
1 2 5 1 7
2 8 1 1 6
2 2 5 7 4
2 3 7 5 4
8 3 9 3 8
6 7 8 8 10
5 6 8 4 2
3 3 6 8 4
7 8 5 6 10
4 3 3 9 3
4 2 1 1 10
3 5 9 9 8
5 7 1 1 9
2 8 6 2 1
10 10 9 7 3
3 8 7 3 6
6 4 3 6 1
9 10 3 4 10
1 4 8 3 2
4 7 7 2 10
9 8 4 6 9
6 9 6 8 3
8 2 9 9 8
2 10 4 4 2
6 9 7 8 4
7 4 8 7 1
5 4 8 3 7
4 2 3 7 5
10 7 2 10 4
1 4 9 8 7
