n 30
m 5
cap 10
Processing
64 36 46 1 79
33 88 18 74 97
76 16 53 42 57
2 16 40 54 31
30 17 45 80 53
60 98 66 71 78
76 2 65 37 85
79 29 60 50 36
68 87 84 38 97
65 61 96 86 13
73 17 51 45 47
93 14 25 96 24
9 12 41 26 3
86 32 83 68 1
33 83 16 37 90
99 11 84 91 50
87 6 79 83 44
22 51 21 77 86
89 51 92 96 84
77 42 89 22 78
81 48 29 43 10
6 77 92 3 36
38 7 31 67 49
34 88 12 59 7
71 77 84 84 14
96 51 84 36 1
14 98 31 11 36
82 22 30 38 71
97 20 29 25 84
74 37 4 96 28
Size
10 6 5 2 2
9 1 2 3 6
1 6 4 4 5
5 9 1 2 8
2 2 4 1 2
5 4 3 8 10
10 5 3 3 8
4 8 6 5 8
1 2 8 8 5
6 3 5 6 4
4 1 2 1 6
10 6 6 4 3
1 2 9 7 3
10 8 4 9 4
4 10 3 6 9
9 10 7 3 9
6 8 8 3 6
3 7 2 6 6
3 9 2 3 9
4 2 7 1 2
7 9 2 8 9
10 2 7 10 6
7 3 10 7 4
9 7 3 6 4
6 6 2 5 4
2 9 7 8 6
1 9 9 6 5
3 2 4 7 3
2 7 2 4 4
6 5 1 4 10
