n 30
m 5
cap 20
Processing
71 77 14 23 97
92 43 94 18 58
23 19 99 9 76
99 31 53 90 44
89 14 64 69 13
50 77 93 51 35
5 66 54 97 15
59 66 85 100 57
26 1 100 39 14
62 36 87 92 53
28 76 78 74 51
18 61 49 50 28
15 90 91 18 84
82 76 4 74 52
16 10 87 58 29
20 26 32 8 87
92 18 34 10 2
35 100 88 49 25
5 67 26 17 28
26 71 69 28 96
89 4 27 84 70
55 18 77 9 24
63 52 53 38 81
51 93 89 82 41
85 7 98 99 50
36 92 88 84 15
33 7 33 29 95
82 48 33 82 82
36 71 80 20 88
46 31 52 86 51
Size
1 10 2 3 5
10 2 7 4 3
9 7 4 9 10
1 5 2 4 4
9 4 1 9 5
5 4 3 8 3
4 5 2 9 3
8 9 2 2 6
4 7 4 7 3
5 1 6 7 4
10 5 8 8 2
10 3 4 8 10
7 8 5 9 1
7 3 2 2 3
9 5 7 9 9
1 3 3 9 8
10 5 1 5 9
8 5 1 10 2
9 6 10 5 6
5 10 10 9 1
9 2 7 5 7
2 1 5 3 4
2 9 8 4 6
5 10 2 9 3
5 5 2 10 7
5 1 2 4 6
1 10 2 3 1
9 5 10 5 4
9 3 5 4 2
4 1 8 6 9
