n 30
m 5
cap 20
Processing
86 29 81 94 46
91 91 85 29 24
48 82 25 38 87
71 49 35 70 45
81 54 53 60 21
96 89 30 8 31
60 31 87 49 40
1 60 42 7 84
72 39 2 93 84
79 86 59 65 6
93 78 14 69 20
73 99 61 97 4
69 47 4 43 3
80 68 8 92 54
60 69 99 9 47
24 28 81 37 47
19 2 88 82 26
56 28 57 57 18
85 12 8 55 15
46 34 36 91 33
22 93 30 75 72
33 76 90 80 53
73 67 23 13 38
73 67 81 35 53
68 44 60 26 60
10 65 78 89 7
1 99 49 40 16
19 50 80 44 7
55 48 87 83 12
85 79 28 43 24
Size
3 5 4 8 5
10 8 3 1 3
8 8 5 9 2
7 1 10 9 4
6 5 3 10 1
7 2 4 4 4
9 8 4 3 10
8 6 1 4 3
10 2 5 1 8
4 10 1 8 2
5 8 5 3 7
8 3 5 4 1
6 2 2 5 6
8 5 2 4 6
10 1 10 2 1
7 4 8 3 5
9 3 1 3 9
6 4 2 1 6
4 8 8 9 1
2 3 10 4 6
10 2 6 3 7
2 5 7 7 9
1 3 4 1 7
1 6 3 7 8
1 10 3 3 10
10 3 3 1 2
1 8 8 8 1
7 4 8 3 7
8 8 3 5 6
9 7 1 6 7
