n 30
m 5
cap 20
Processing
4 15 28 38 50
7 81 97 63 47
25 43 37 60 63
25 20 100 49 68
77 73 20 61 19
49 55 16 98 89
13 20 93 75 55
46 1 95 84 13
38 4 65 60 7
1 56 4 20 76
41 88 13 6 38
28 13 5 31 61
57 43 83 54 3
78 58 92 68 51
25 92 86 16 70
50 62 73 55 68
65 88 75 2 93
72 11 12 20 14
23 37 93 46 56
41 99 1 39 27
34 76 96 61 38
22 79 22 95 40
50 15 27 3 58
21 85 17 27 91
82 87 28 37 52
85 25 5 83 55
80 10 43 48 53
11 57 74 44 70
5 98 42 69 63
21 8 57 37 68
Size
4 3 7 3 7
2 3 6 5 2
9 9 4 2 9
10 10 3 8 1
9 6 1 10 3
1 7 10 7 2
2 9 6 8 2
4 3 4 6 1
3 5 10 3 3
9 5 1 1 10
6 7 6 6 8
6 4 6 7 4
4 1 8 4 5
2 10 1 8 6
9 9 9 10 5
9 4 2 9 8
5 10 4 9 9
7 1 10 4 4
5 2 7 10 6
9 8 5 4 10
5 10 2 9 6
1 9 1 4 5
4 5 9 3 9
10 6 9 4 1
7 6 2 8 4
5 2 1 2 6
3 6 7 8 10
4 5 7 9 10
6 6 1 8 2
7 2 9 2 2
