n 30
m 5
cap 20
Processing
58 50 26 26 16
93 57 87 63 40
39 60 95 3 4
41 2 85 99 6
29 85 49 48 82
13 88 57 43 42
19 96 48 84 51
49 100 95 84 68
24 44 75 84 74
31 56 53 96 12
2 64 21 69 83
12 16 87 13 75
56 13 76 82 49
77 75 86 73 28
25 19 17 56 10
18 90 21 30 98
47 57 72 66 74
19 26 38 32 85
55 59 27 12 30
95 64 17 11 3
43 71 7 21 5
22 92 16 72 24
41 6 52 28 74
14 11 3 95 99
67 46 97 19 59
57 85 80 27 53
66 38 69 77 97
10 62 66 21 24
27 11 13 37 43
45 34 11 53 100
Size
8 7 1 1 8
9 4 9 1 7
7 5 3 4 4
1 8 6 5 9
10 9 8 10 5
8 7 4 5 8
10 9 6 8 8
2 10 6 6 4
2 5 3 1 2
3 8 5 4 6
1 5 3 9 10
8 4 3 1 9
10 9 3 6 5
9 6 1 8 10
5 9 7 1 2
4 4 5 9 5
8 5 10 6 5
10 8 8 1 3
3 4 5 4 8
5 6 9 3 1
6 9 9 7 1
2 8 5 5 10
1 9 6 6 3
6 9 3 6 10
10 8 1 6 2
4 2 10 6 8
7 2 8 7 10
9 3 4 3 10
2 6 9 7 3
10 1 3 8 10
