n 30
m 5
cap 20
Processing
90 89 81 18 47
42 43 4 34 58
83 58 60 52 1
39 100 38 65 43
33 25 43 48 17
66 75 23 9 6
94 5 25 81 88
82 8 4 53 40
42 43 91 32 95
40 29 64 91 2
87 91 18 26 19
64 76 98 23 49
66 19 61 56 20
6 70 19 61 5
2 60 19 64 81
80 90 73 59 39
82 1 33 87 17
15 35 74 48 38
24 54 1 37 3
91 68 88 9 69
61 10 86 39 4
65 60 89 83 41
5 42 63 44 47
78 19 75 60 79
95 41 75 56 19
64 7 50 67 30
24 37 99 21 71
69 41 73 47 38
81 33 73 34 68
40 10 16 25 75
Size
10 4 7 5 2
1 2 2 7 7
2 7 9 4 1
7 3 3 7 10
8 8 5 5 6
5 5 1 7 7
4 4 5 7 2
5 4 2 6 8
3 4 8 8 6
4 3 4 6 3
8 5 6 2 9
1 10 7 1 8
3 9 5 2 2
4 5 7 10 10
2 9 7 4 1
5 8 9 1 5
4 3 6 1 4
1 10 2 5 9
8 8 10 2 8
8 8 9 10 1
2 5 8 2 6
8 7 7 6 3
7 8 3 7 8
5 4 4 3 5
2 4 3 3 9
3 5 6 1 4
4 7 1 8 2
9 6 10 2 6
8 10 2 10 3
7 9 7 7 6
