n 30
m 5
cap 20
Processing
3 62 22 100 43
78 46 24 94 9
14 52 3 13 51
60 15 87 51 72
46 79 97 76 38
32 22 11 62 10
60 19 85 74 69
34 87 12 75 43
87 40 94 98 34
92 88 22 11 29
71 3 9 60 29
84 6 95 88 36
13 4 77 39 83
4 95 76 35 6
93 38 94 50 15
100 12 46 13 16
20 49 43 52 39
33 9 21 92 88
1 86 21 18 2
80 85 17 49 51
32 81 59 8 75
39 20 88 16 66
33 85 79 63 97
20 91 63 69 94
15 26 52 96 88
16 24 7 31 30
11 7 21 62 39
19 80 72 44 65
75 66 58 11 59
2 15 27 80 29
Size
5 5 4 8 6
2 10 8 10 6
5 2 7 7 9
8 8 4 1 6
6 3 9 3 1
10 7 3 7 2
6 6 8 3 2
8 6 3 10 9
7 6 9 7 3
4 7 1 1 4
3 3 9 7 6
7 2 5 4 6
4 7 9 9 1
6 6 8 3 4
10 9 6 3 7
7 9 6 7 2
7 1 8 6 9
5 3 1 3 8
2 5 2 2 6
1 3 6 3 8
3 7 8 7 1
9 3 4 10 3
6 4 5 3 9
1 7 10 3 1
6 1 9 2 1
4 2 2 2 7
6 6 3 9 3
1 5 7 9 5
1 2 9 7 5
5 5 10 2 7
