n 30
m 5
cap 20
Processing
45 7 89 8 39
68 36 29 97 6
63 36 98 9 3
36 88 77 11 49
69 86 86 72 93
36 1 16 36 54
76 52 15 6 97
51 27 47 44 78
17 30 57 57 4
86 91 8 65 46
6 39 56 20 100
23 97 45 42 42
51 46 57 88 54
53 71 44 98 39
86 99 21 43 11
52 24 46 96 84
10 44 26 55 41
31 89 30 36 7
40 13 75 20 32
29 85 70 51 80
49 96 95 66 53
100 2 65 10 52
71 21 96 7 46
5 47 32 53 22
90 18 77 85 21
55 93 83 43 6
53 93 72 75 45
14 66 6 92 94
55 74 47 37 60
19 50 2 87 93
Size
3 2 6 2 10
9 9 8 10 8
10 6 1 7 3
10 2 5 6 1
7 9 7 5 9
6 9 8 4 7
5 8 4 10 3
4 2 2 10 2
6 10 2 10 4
6 4 6 10 6
7 4 7 5 9
3 9 9 5 1
5 4 6 2 3
1 8 1 6 9
1 5 10 9 10
4 1 3 6 1
10 6 7 9 8
3 4 8 8 5
9 6 3 6 10
7 9 8 9 10
1 7 9 4 3
6 9 7 6 3
10 7 10 1 8
10 6 6 8 2
3 10 8 6 1
7 6 9 3 7
9 7 6 6 5
9 6 9 7 10
9 7 3 5 5
2 4 4 4 5
