n 30
m 5
cap 20
Processing
55 57 22 16 10
41 25 86 75 53
73 78 54 50 49
86 96 76 67 45
49 77 2 21 61
100 36 37 86 95
82 88 1 3 29
67 14 28 37 21
40 100 63 75 16
63 82 24 87 16
40 16 73 41 4
23 23 91 83 69
86 61 73 48 94
27 15 35 95 22
22 69 48 88 21
88 66 70 19 47
44 14 94 50 14
14 60 88 11 35
87 30 30 51 47
54 18 8 5 99
58 96 89 43 41
24 24 76 92 81
6 47 74 80 55
1 86 38 57 80
39 87 35 97 11
1 6 84 6 55
14 56 23 73 55
15 68 51 4 19
60 50 22 42 24
6 73 15 7 96
Size
3 1 5 7 5
6 8 6 7 5
2 10 10 3 6
9 4 3 4 7
3 1 9 2 1
9 4 8 3 1
7 5 4 9 2
5 6 9 4 7
9 5 9 10 7
4 8 10 5 3
3 4 2 4 9
2 5 6 10 6
7 9 3 7 7
10 1 9 1 4
5 3 1 6 10
6 2 3 2 1
2 10 6 7 6
7 6 9 4 2
8 9 9 3 1
8 4 6 10 1
8 4 8 1 6
4 6 5 9 2
9 10 8 9 4
10 4 8 9 9
3 6 4 10 3
4 6 2 2 3
6 9 2 1 1
10 6 7 1 2
8 1 7 9 9
10 1 10 8 6
