n 30
m 5
cap 20
Processing
96 82 83 12 81
36 49 76 11 21
2 56 98 84 69
52 95 3 4 93
6 96 73 23 26
20 83 59 97 90
12 49 18 92 37
30 24 61 84 43
61 72 96 75 61
6 40 15 89 59
89 27 89 63 4
73 90 9 58 74
53 100 86 94 55
30 5 71 86 22
54 35 54 66 82
82 43 19 35 82
61 27 98 8 86
82 88 5 67 1
7 88 33 2 93
30 84 21 39 99
44 9 7 44 70
32 95 96 43 91
47 42 82 93 80
80 83 74 29 34
79 90 74 49 54
25 57 86 26 55
39 53 62 32 84
23 98 47 5 23
98 35 99 43 3
56 36 83 36 60
Size
7 2 9 2 8
7 4 4 10 8
3 6 6 4 3
9 2 2 7 5
7 2 10 6 4
10 3 7 6 4
10 7 6 6 10
1 3 2 8 3
4 4 2 2 4
9 3 10 8 5
5 2 9 4 8
4 6 3 10 2
7 6 7 10 8
8 3 8 1 9
3 2 5 8 5
9 3 8 9 7
8 10 1 8 5
3 2 3 4 8
1 3 6 7 2
8 2 8 10 8
4 10 3 6 10
8 9 6 5 3
10 6 10 8 6
1 5 8 3 5
4 4 6 3 6
6 2 6 1 6
6 1 6 5 8
2 9 2 7 8
5 3 2 2 1
1 5 9 2 7
