n 30
m 5
cap 20
Processing
65 57 77 59 46
86 33 99 75 14
41 68 3 68 58
10 51 77 61 53
68 6 54 46 58
40 89 9 98 27
38 9 63 17 82
68 52 98 87 41
58 96 70 45 61
98 30 67 92 54
61 26 27 54 54
14 37 7 88 68
75 40 24 38 31
93 74 92 18 66
20 33 61 74 24
30 51 18 25 69
16 92 89 68 90
14 91 35 48 35
90 65 25 97 65
63 40 41 39 36
32 50 3 60 10
91 40 20 50 61
97 76 66 51 96
69 91 34 30 42
45 41 2 90 40
9 65 68 57 95
47 11 42 63 74
26 68 23 27 38
81 15 70 31 13
37 94 32 19 87
Size
9 4 6 10 2
6 5 5 7 3
1 6 1 1 10
8 3 6 7 3
9 8 1 1 6
6 1 1 3 8
6 4 2 6 8
5 2 1 7 6
10 4 7 3 9
10 7 10 10 4
10 5 8 2 5
7 4 3 2 7
7 1 10 3 3
8 8 8 2 7
5 8 7 5 9
8 5 5 9 8
2 7 6 6 5
2 9 6 1 7
8 4 8 8 9
7 2 8 4 10
1 2 10 3 3
10 4 2 7 9
2 3 4 1 8
3 2 9 7 5
2 7 2 4 10
2 9 7 8 2
1 3 1 8 9
9 4 6 4 5
5 6 8 3 8
5 3 9 8 4
