n 30
m 5
cap 30
Processing
61 9 47 83 73
53 31 22 28 67
97 21 38 87 10
50 18 3 97 4
76 43 59 42 18
39 52 18 11 94
25 32 94 68 98
86 65 55 96 59
1 70 24 7 3
99 15 42 32 20
63 8 14 99 44
7 73 63 68 88
27 35 36 56 93
8 28 38 2 66
93 55 73 75 84
11 19 100 75 40
48 84 31 8 75
27 93 66 65 40
19 50 28 89 97
20 58 68 80 15
1 81 63 2 83
86 54 52 74 91
27 8 23 20 8
84 1 57 11 76
13 8 17 41 23
9 80 44 71 42
94 27 8 67 30
35 32 69 54 67
16 21 58 13 78
38 28 23 74 56
Size
5 7 6 1 3
4 7 1 3 6
5 5 4 1 8
4 9 10 4 9
7 9 5 9 4
7 4 9 10 9
10 2 1 9 6
9 10 3 5 5
3 8 2 8 4
1 1 1 9 3
7 1 10 5 5
10 5 4 1 10
6 8 4 1 4
3 4 9 4 3
1 1 1 4 5
8 7 10 3 3
10 9 4 10 4
9 5 8 4 5
6 10 8 6 10
10 2 3 5 9
9 5 4 4 5
3 6 1 3 3
9 7 8 4 7
2 7 10 1 9
9 7 10 3 10
7 4 7 7 2
1 9 5 9 3
3 10 4 1 2
6 3 3 7 7
7 6 1 7 1
