n 30
m 5
cap 30
Processing
31 44 62 38 69
36 49 56 71 27
64 7 20 25 85
29 6 68 92 82
31 75 74 57 91
8 73 70 16 29
28 78 32 83 46
39 28 84 24 15
74 44 13 63 51
36 66 67 18 26
23 57 57 13 8
39 42 22 62 14
16 15 17 77 57
53 7 19 67 7
84 55 49 46 16
31 35 98 46 76
80 44 31 3 46
30 92 26 100 53
83 71 15 50 45
56 67 66 37 45
4 91 40 77 8
24 88 50 53 88
9 60 87 69 95
97 83 3 86 5
82 80 63 67 30
54 26 61 49 6
63 56 82 16 63
75 51 73 98 31
75 8 19 70 40
31 66 44 23 56
Size
8 8 8 1 3
4 10 10 7 6
2 1 4 4 4
9 4 2 1 4
8 1 4 1 2
1 1 10 6 3
3 7 6 6 7
6 5 9 3 4
2 5 4 5 1
1 10 8 10 2
4 4 2 3 5
4 7 2 9 5
10 8 1 5 9
10 10 4 10 2
5 9 5 5 2
6 3 4 1 6
10 7 10 6 10
8 7 9 3 8
10 9 1 6 4
6 9 9 10 5
7 10 7 8 5
7 6 9 4 4
5 10 6 1 6
1 1 7 6 7
7 6 6 3 6
3 6 2 1 8
4 5 7 3 8
9 1 8 3 9
5 4 1 2 9
6 8 5 6 7
