n 30
m 5
cap 30
Processing
68 44 68 99 30
31 75 74 72 76
29 83 25 98 76
82 33 17 89 53
32 87 65 40 70
53 68 83 49 19
79 8 24 5 10
80 92 23 23 19
69 60 60 73 11
46 80 3 61 32
48 89 10 83 22
88 53 21 51 62
99 98 75 23 78
53 60 65 11 80
21 32 28 62 7
62 32 8 24 70
60 53 81 1 44
26 72 54 11 28
51 77 78 57 10
90 88 1 87 28
32 54 57 98 10
60 41 72 73 92
93 67 72 24 40
18 25 7 79 13
73 42 7 11 25
26 3 82 75 95
67 86 96 37 86
43 60 95 46 56
81 26 20 58 99
86 82 9 39 66
Size
2 1 6 4 5
1 1 10 3 1
4 4 8 7 6
4 9 3 2 6
6 4 9 9 8
5 10 2 2 3
6 10 1 2 10
3 8 10 5 3
2 2 9 4 1
9 4 9 1 7
3 4 2 4 8
9 1 2 2 2
4 7 5 3 7
8 4 1 10 2
10 4 4 7 5
1 3 7 5 1
6 1 5 3 1
3 7 8 4 8
7 8 4 2 5
10 2 6 6 2
6 1 1 6 6
1 3 4 6 9
1 8 9 6 3
4 5 9 1 1
4 3 4 3 8
4 7 2 9 8
4 2 7 9 8
9 2 8 3 10
1 1 2 7 8
10 7 2 10 5
