n 30
m 5
cap 30
Processing
79 66 34 80 9
61 69 41 25 44
49 62 38 90 22
93 54 32 77 64
99 46 72 21 55
89 36 8 47 13
15 70 82 18 19
44 76 52 41 17
18 4 57 59 21
30 19 16 35 97
8 40 59 48 46
96 71 93 89 92
21 90 74 65 82
65 29 31 11 55
1 39 2 58 73
37 67 79 65 37
8 76 14 63 43
1 68 31 3 75
44 14 20 37 15
74 67 29 98 46
12 88 31 24 9
62 75 50 38 62
55 75 96 5 37
86 11 78 73 80
37 63 6 2 25
87 53 71 52 86
87 52 3 52 61
36 32 61 12 33
68 20 79 16 86
11 63 31 25 24
Size
5 4 7 7 9
6 1 4 10 4
10 3 6 1 3
1 9 9 4 5
1 5 2 2 2
2 10 5 2 6
1 7 9 7 9
8 5 4 5 7
7 2 4 7 5
3 9 1 9 6
1 10 8 10 10
10 10 1 10 9
3 7 7 1 8
7 4 1 5 5
1 7 8 8 6
7 2 4 9 9
1 1 6 6 6
9 8 10 6 6
10 3 4 3 9
2 3 3 9 1
10 2 5 3 9
7 3 5 3 3
2 1 3 6 3
3 5 1 3 5
7 3 2 3 10
10 10 5 6 8
8 2 5 1 1
1 10 7 6 1
3 4 6 9 8
6 8 7 6 5
