n 30
m 5
cap 30
Processing
59 84 22 30 94
15 19 44 38 17
72 32 32 17 26
58 7 45 6 7
21 25 38 71 75
89 92 60 95 25
13 50 88 99 8
28 69 48 8 54
96 13 23 66 74
28 2 9 67 70
62 25 83 24 33
51 14 99 96 99
32 2 56 16 89
44 44 40 49 45
84 15 36 32 51
19 45 73 34 6
70 23 32 32 50
42 81 61 89 23
53 29 97 25 83
47 87 57 29 64
94 89 19 74 73
6 4 37 35 89
28 75 47 73 15
58 48 48 91 47
90 1 99 51 89
40 87 10 8 73
78 7 58 76 27
39 25 55 47 74
67 48 46 38 33
60 76 37 57 77
Size
4 7 10 4 2
9 1 1 7 10
10 1 5 5 3
8 9 9 9 6
7 3 10 10 5
9 5 6 3 4
4 3 10 3 2
5 1 9 4 2
9 9 6 4 3
3 8 9 4 3
3 10 7 9 2
7 9 6 3 5
2 9 4 9 1
6 2 3 6 10
8 5 5 10 5
3 7 9 8 8
6 4 2 10 9
10 6 8 10 8
8 1 2 2 4
7 2 5 4 10
4 8 1 1 6
7 1 4 10 7
7 10 5 5 2
2 4 4 4 7
1 3 2 2 9
7 10 10 9 10
7 3 4 9 4
10 6 5 2 8
6 10 4 4 1
2 5 7 9 2
