n 30
m 5
cap 30
Processing
63 77 13 95 14
67 56 30 50 17
45 56 67 81 21
17 27 93 69 48
96 9 84 58 100
42 22 16 15 99
71 42 62 2 87
75 3 41 35 35
2 22 20 49 53
76 38 68 83 87
69 37 26 89 76
71 59 82 27 77
94 68 55 24 23
7 17 55 51 52
56 54 50 95 32
92 43 50 48 15
4 15 92 12 21
68 6 85 67 30
36 91 97 39 32
89 67 88 11 50
94 47 66 83 69
44 75 24 46 57
92 85 53 79 14
76 81 56 87 2
79 47 22 68 78
3 12 74 17 91
75 64 4 25 23
79 99 79 17 43
66 48 84 51 99
64 65 73 66 60
Size
6 1 10 6 8
4 2 8 9 6
5 5 6 9 2
2 8 10 9 7
4 8 6 1 9
3 8 8 1 9
9 4 5 10 2
9 2 8 1 1
9 10 1 8 7
3 4 1 8 8
7 7 5 10 1
2 8 2 6 3
2 3 9 5 8
2 6 8 10 7
4 6 8 5 5
1 2 7 6 6
9 3 10 8 3
7 5 10 2 7
7 6 5 3 3
1 9 10 7 4
8 2 8 7 9
6 8 8 5 8
2 7 1 8 3
8 10 7 5 6
1 1 8 3 2
7 2 1 8 7
3 6 2 5 3
7 8 4 4 4
9 7 6 8 5
6 2 5 6 5
