n 30
m 5
cap 30
Processing
99 4 46 71 69
36 88 66 83 20
28 63 96 28 18
43 1 46 27 76
54 82 24 94 37
75 22 26 77 43
58 47 64 58 71
22 94 67 72 8
37 18 88 52 23
56 64 87 50 39
63 4 35 100 69
27 77 12 3 15
44 60 63 77 43
92 91 97 40 13
94 42 13 80 20
99 37 99 6 68
7 39 39 48 55
13 51 93 69 55
51 15 86 23 87
17 70 23 75 73
71 70 83 25 50
24 65 35 13 64
17 81 99 14 1
29 4 93 10 7
12 6 73 62 29
99 63 5 77 23
33 66 63 30 36
22 69 83 27 32
47 18 22 61 47
96 76 86 21 86
Size
8 3 10 9 1
6 5 9 2 7
6 6 6 5 4
6 9 9 8 6
2 8 1 6 6
2 3 6 7 6
7 1 8 2 2
7 1 7 9 6
2 2 2 7 5
4 1 10 4 2
3 10 10 1 2
3 5 10 10 5
5 10 1 9 1
1 3 4 9 8
6 6 10 8 8
8 7 4 6 3
7 9 6 10 7
1 8 8 4 9
2 5 9 8 1
2 3 8 6 4
7 6 7 4 3
10 7 5 10 5
7 2 1 4 8
10 2 10 2 2
9 4 10 1 3
1 6 8 10 6
4 7 5 6 3
5 1 4 9 4
3 1 1 7 1
9 7 2 6 8
