n 30
m 5
cap 30
Processing
17 29 7 56 85
81 70 59 93 8
40 57 8 48 36
100 51 70 52 89
75 36 53 64 11
13 7 87 94 5
98 83 36 36 81
53 26 82 31 70
87 94 75 26 35
21 98 72 85 57
47 61 52 11 87
3 71 40 32 40
60 77 6 49 73
33 10 9 78 42
8 87 12 97 21
52 29 62 96 70
97 91 33 40 59
74 6 82 73 89
71 69 5 45 81
20 6 62 95 88
72 78 58 69 9
38 41 57 11 20
2 12 61 80 20
70 1 77 5 68
13 2 72 21 23
83 6 37 6 48
80 83 5 66 53
75 59 43 92 31
67 37 15 69 65
62 60 48 100 38
Size
10 3 10 3 3
8 2 7 10 3
3 9 7 6 6
1 4 3 5 9
7 4 6 6 7
4 5 4 1 2
5 9 9 4 10
8 6 1 4 10
10 3 2 9 10
5 7 7 6 7
1 10 4 2 6
2 9 7 2 2
9 9 10 5 6
8 4 1 8 1
5 10 2 1 3
10 9 1 10 5
9 7 1 3 4
3 6 8 10 9
9 7 10 8 3
8 3 2 1 10
10 4 6 1 5
9 8 3 6 2
9 8 4 6 5
4 3 9 8 8
5 8 1 2 5
3 9 5 6 10
5 9 7 9 1
6 1 1 10 7
7 4 2 7 3
7 3 6 2 3
