n 30
m 5
cap 30
Processing
98 67 34 54 17
23 23 88 79 20
64 65 55 63 8
48 60 21 40 78
84 98 61 22 18
86 100 24 38 86
32 59 42 61 46
6 69 82 73 36
36 55 3 71 46
11 78 100 26 24
85 30 47 86 3
49 67 94 76 6
69 3 39 59 83
51 9 100 46 76
1 11 50 10 66
40 10 57 8 82
76 5 13 60 38
27 91 18 55 17
67 9 96 86 49
70 85 22 15 2
44 76 30 55 3
81 86 81 18 26
92 55 25 52 42
69 20 75 97 13
15 16 5 62 21
64 70 34 54 24
96 76 78 54 72
92 96 59 45 18
69 56 44 83 57
52 6 95 77 9
Size
2 4 9 7 2
6 9 2 9 7
3 2 9 2 1
4 2 9 6 3
7 5 9 10 9
2 2 10 10 5
7 4 9 6 1
2 3 9 5 3
5 1 6 7 6
10 5 1 9 1
2 1 3 1 4
8 2 10 7 3
1 2 6 10 10
8 9 7 2 4
8 3 4 4 1
7 7 4 8 1
2 10 7 2 3
1 10 9 1 7
4 4 3 9 7
4 8 10 4 9
7 10 5 6 10
10 9 1 1 1
10 3 3 2 8
10 10 7 8 10
8 1 1 10 9
1 6 6 9 7
7 1 8 10 2
8 8 1 1 5
7 5 7 9 1
2 6 5 9 6
