n 30
m 5
cap 30
Processing
78 90 47 69 74
23 76 38 48 71
7 86 48 25 55
23 71 65 56 11
23 90 36 96 35
38 27 44 65 79
26 83 50 3 60
65 57 75 60 68
98 36 31 80 56
75 81 99 90 92
99 81 24 99 100
23 61 4 11 97
78 67 61 36 17
4 89 60 46 34
93 50 99 6 69
50 7 22 79 37
91 81 33 20 15
43 15 99 66 68
68 34 24 7 7
73 97 83 29 35
49 83 88 100 7
56 9 50 1 54
21 41 42 84 65
9 52 51 63 58
93 60 72 63 93
90 52 55 85 24
36 92 50 18 31
29 72 49 46 84
72 99 6 40 22
33 31 81 36 18
Size
1 8 8 6 6
4 2 10 7 2
7 10 10 2 8
1 5 2 3 3
1 9 6 10 10
4 3 9 5 7
7 3 4 4 4
10 10 4 7 3
9 3 2 2 2
5 3 8 10 7
7 4 1 5 9
2 4 8 9 3
10 7 10 3 8
2 7 3 3 2
3 2 10 5 7
5 3 2 4 2
10 2 1 1 1
10 4 3 3 6
8 6 7 6 5
8 1 6 7 9
9 9 8 5 1
8 1 8 4 4
7 2 1 2 10
3 5 4 8 6
10 4 3 4 5
10 6 2 4 10
2 9 9 6 4
10 5 1 7 8
5 2 5 5 1
5 1 3 10 3
