n 30
m 5
cap 50
Processing
61 65 41 61 53
59 34 51 79 43
57 29 50 83 74
87 71 24 39 9
40 36 86 27 96
57 89 73 19 38
10 41 86 38 53
37 88 64 34 44
14 33 20 42 2
12 100 62 99 17
24 78 59 71 60
73 92 58 48 87
5 29 3 48 100
12 69 1 66 26
47 63 100 98 48
9 65 33 84 82
36 45 30 18 75
48 85 36 13 29
23 57 34 4 97
35 98 98 56 5
42 49 28 7 55
29 43 84 79 89
27 56 18 90 11
76 92 22 96 21
72 45 73 79 83
93 61 12 60 42
47 48 91 70 24
87 37 68 78 63
39 94 45 81 33
35 68 68 64 22
Size
9 5 6 3 8
5 8 2 9 7
2 8 9 1 7
6 7 7 1 8
5 9 5 3 4
5 4 2 7 9
8 8 1 6 5
5 6 4 4 5
9 4 3 7 3
3 10 7 4 9
2 1 3 3 5
9 10 10 4 6
1 1 3 4 2
5 1 1 3 10
6 10 6 10 8
8 7 8 7 5
7 8 7 8 9
8 1 4 6 4
10 9 9 4 4
3 5 6 7 8
7 10 8 8 10
8 6 3 7 1
2 8 6 8 8
2 8 3 9 9
1 10 4 8 5
8 10 6 7 5
6 3 2 8 9
2 8 6 2 9
6 10 2 9 8
8 5 3 3 1
