n 30
m 5
cap 50
Processing
74 26 10 51 90
74 66 66 82 41
97 20 64 58 63
2 10 67 84 26
46 28 22 32 74
21 34 56 70 63
51 11 95 64 39
70 46 40 68 82
13 95 72 35 77
75 32 45 67 12
55 25 76 94 71
12 91 44 80 63
40 98 89 31 25
1 10 17 56 48
16 93 25 4 65
18 14 14 22 100
97 12 75 83 100
28 70 44 19 59
47 57 11 47 38
23 47 12 62 79
15 5 69 66 2
37 94 7 46 61
88 48 56 71 49
76 66 51 15 35
29 47 44 43 3
35 98 9 83 99
6 56 99 22 28
14 63 89 3 53
47 29 3 29 78
33 59 59 17 51
Size
9 9 8 1 3
9 4 6 4 1
6 1 4 2 3
6 1 2 3 8
10 8 3 1 10
6 5 9 4 5
4 9 8 8 9
9 10 5 6 4
10 5 9 2 3
3 7 10 6 1
7 9 1 10 6
6 6 6 3 4
3 8 3 7 8
1 1 10 9 7
1 1 1 7 8
1 8 6 1 7
8 6 6 7 7
9 5 4 5 10
7 3 9 5 2
10 1 1 7 7
2 7 6 1 4
2 9 3 7 6
4 5 9 8 6
2 6 4 7 4
7 6 4 7 7
4 8 9 8 1
6 8 8 6 5
8 1 3 3 1
2 8 1 3 3
6 8 4 6 3
