n 30
m 5
cap 50
Processing
100 13 33 43 41
46 14 38 16 41
58 65 23 23 66
75 88 58 33 53
47 94 9 58 97
7 9 88 47 27
74 20 37 87 88
13 58 19 40 77
30 21 40 95 87
57 71 17 2 100
54 15 53 52 67
27 63 76 44 15
76 1 97 56 35
72 70 99 48 6
48 47 70 37 97
57 77 77 21 23
21 25 97 12 11
87 78 41 8 94
46 60 3 68 25
80 64 21 36 95
68 67 97 75 90
57 1 17 27 62
32 52 25 12 71
14 1 91 54 61
78 13 9 96 23
8 34 21 93 5
88 35 40 6 41
91 71 81 65 50
47 99 93 62 74
64 89 32 41 85
Size
9 9 9 7 5
5 1 5 4 4
10 2 3 9 9
9 5 1 5 2
8 5 7 1 8
8 7 3 8 5
4 4 6 6 2
6 6 1 6 9
2 7 8 6 2
3 8 9 10 3
4 4 8 6 1
10 4 9 2 3
10 9 2 7 6
10 1 9 4 1
10 9 7 10 4
6 8 5 6 9
3 6 2 4 4
5 1 8 1 3
4 8 6 5 9
9 1 1 2 10
2 3 6 10 2
8 1 10 3 7
3 4 5 4 1
7 7 10 10 2
5 9 8 6 10
4 1 3 10 1
7 3 2 3 8
3 5 1 7 2
5 7 5 3 5
4 10 3 6 1
