n 30
m 5
cap 50
Processing
62 37 96 98 54
11 74 50 5 75
4 87 13 34 70
55 67 67 67 35
39 96 82 2 21
8 91 25 5 93
82 89 67 84 80
37 32 1 55 50
53 42 69 37 46
85 53 90 99 84
41 26 42 73 20
88 38 88 54 44
93 87 53 11 59
96 90 13 99 41
53 32 43 39 95
58 21 39 33 41
9 13 35 72 67
57 84 24 65 65
83 68 89 84 69
99 55 81 47 91
59 3 99 6 11
29 98 35 66 75
63 47 25 37 26
47 49 100 74 37
59 92 50 60 84
5 89 53 37 42
16 39 90 25 70
78 19 38 94 64
9 31 28 21 44
4 92 1 7 81
Size
1 7 4 8 6
7 1 1 6 10
5 5 5 5 5
5 6 2 8 4
5 8 9 5 7
9 9 10 4 3
7 7 9 2 3
5 10 3 2 1
5 4 6 9 5
4 3 9 1 9
8 4 1 3 3
2 2 8 1 10
1 8 10 2 10
2 2 3 5 2
4 9 8 7 10
1 9 2 6 1
8 2 5 1 4
8 4 8 1 6
1 2 5 8 2
8 4 8 8 6
10 6 2 10 5
9 3 8 9 7
2 9 6 8 5
8 2 9 9 1
4 9 6 2 10
7 1 2 3 9
2 6 4 3 5
1 5 9 6 3
9 10 7 6 8
4 7 4 10 5
