n 30
m 5
cap 50
Processing
81 33 62 10 57
17 29 45 96 23
84 84 16 17 90
24 13 84 31 93
89 86 81 19 8
92 52 71 35 79
35 21 68 44 93
84 96 64 33 41
34 56 6 67 56
73 94 44 25 30
54 43 46 9 91
15 16 34 79 80
8 36 35 42 48
91 50 52 82 83
71 60 18 17 18
33 79 89 46 53
61 3 42 57 62
32 84 57 58 65
28 94 25 55 4
76 94 42 44 16
45 36 25 60 30
73 45 81 24 76
24 37 100 78 31
57 70 55 30 25
12 57 24 36 34
57 33 54 46 76
49 90 22 95 80
37 78 34 52 62
88 77 67 93 74
83 94 31 88 62
Size
5 9 7 1 1
9 10 7 3 8
8 7 3 4 2
7 4 6 9 8
7 3 2 4 2
6 4 4 1 1
2 2 5 10 1
9 6 2 6 3
9 9 10 2 5
4 6 9 5 6
2 5 9 7 2
5 9 3 6 3
4 8 8 5 10
10 1 3 3 2
8 8 5 10 2
3 4 1 3 6
3 3 8 3 9
2 5 5 3 9
5 10 7 1 10
1 3 9 8 6
6 8 5 1 10
2 7 7 2 1
8 4 9 2 2
5 4 10 2 3
2 3 8 1 6
1 7 2 6 5
7 9 5 5 3
5 1 3 1 4
6 3 3 2 6
9 8 9 7 7
