n 30
m 5
cap 50
Processing
80 1 5 81 68
56 47 61 80 98
47 97 48 84 19
16 50 54 48 98
93 76 74 86 63
47 96 93 7 45
28 24 24 93 20
66 92 53 5 2
5 89 52 99 85
29 75 34 88 83
90 9 98 14 15
35 28 72 40 37
13 63 47 33 12
98 27 13 98 42
65 54 26 72 27
16 27 23 97 49
45 22 15 77 53
17 59 2 22 36
89 57 98 82 38
61 35 40 44 25
28 10 20 78 91
62 36 76 26 23
60 19 2 35 34
37 72 75 56 84
77 16 55 71 80
17 58 51 72 57
94 43 55 23 93
14 61 59 2 1
38 51 33 69 39
73 36 81 84 33
Size
9 4 5 1 10
9 6 4 4 1
7 2 1 2 4
5 1 7 1 1
1 4 3 5 10
7 1 2 5 7
6 2 6 4 9
2 2 1 9 1
8 2 9 8 7
2 2 7 8 10
3 3 7 6 9
2 1 9 6 5
8 7 7 3 5
7 1 8 8 2
3 3 5 10 3
7 3 10 9 6
2 4 10 6 5
6 1 8 6 6
3 6 1 10 6
9 3 1 4 8
6 1 7 8 4
6 6 9 1 3
2 1 8 3 9
7 5 9 7 1
1 8 5 6 4
8 2 1 9 5
5 3 5 5 2
7 1 3 9 1
9 9 4 2 10
7 4 10 5 4
