n 30
m 5
cap 50
Processing
66 79 82 72 75
4 40 80 61 84
28 6 18 87 38
51 40 87 49 52
66 55 50 99 31
77 37 71 58 82
55 16 12 2 73
93 33 89 4 9
19 5 9 80 91
37 88 97 68 65
68 28 98 33 40
62 38 54 73 54
72 11 76 66 41
65 19 4 34 44
94 71 58 20 45
58 98 86 95 69
52 26 72 55 9
88 53 71 27 28
47 48 75 71 17
39 62 87 23 84
58 30 81 17 12
71 34 26 99 64
46 25 6 95 55
84 98 47 41 12
5 70 19 45 32
57 12 40 79 6
53 71 3 97 72
71 39 63 94 70
14 90 39 7 64
69 45 78 51 98
Size
1 1 1 3 7
10 2 8 7 6
5 6 6 10 8
5 8 10 2 6
3 5 1 9 2
9 2 6 1 6
6 2 1 4 10
2 8 8 8 5
3 10 5 8 2
6 7 4 2 6
10 7 5 8 6
4 3 6 6 2
10 6 10 8 3
4 3 7 3 8
5 4 7 2 8
7 9 2 1 1
1 5 10 7 1
1 2 9 9 5
8 10 1 5 6
1 9 2 10 5
10 5 7 8 5
5 9 4 10 9
1 4 7 2 8
5 6 5 10 5
2 1 2 1 4
6 8 3 6 10
7 1 4 8 4
1 2 1 4 3
4 1 7 3 4
5 9 4 8 3
