n 30
m 5
cap 50
Processing
45 87 50 28 5
29 23 34 67 95
42 46 22 86 27
86 75 26 9 99
9 35 40 90 16
42 38 41 12 79
87 94 36 31 43
32 54 75 85 82
59 50 91 12 20
93 34 18 83 84
18 54 29 89 99
38 75 72 73 58
23 23 85 33 70
75 45 67 41 43
88 92 13 98 26
24 40 24 84 70
81 77 19 4 99
73 57 43 40 57
70 34 61 90 30
99 61 72 23 92
45 6 31 13 48
34 4 50 55 73
100 80 94 70 39
85 35 47 25 52
27 4 24 25 28
44 26 38 70 84
81 47 83 3 59
16 61 84 39 83
41 78 60 48 68
13 54 30 40 60
Size
2 6 9 7 9
10 2 2 3 4
1 8 8 5 6
1 5 1 4 8
10 3 5 1 6
9 9 6 1 2
8 8 10 1 10
3 9 8 9 9
10 6 2 7 4
9 1 1 5 10
1 8 3 9 9
6 7 10 1 5
2 7 6 7 6
10 2 9 2 6
3 2 6 1 4
8 2 9 2 5
4 9 4 9 8
2 1 3 8 4
3 8 2 9 9
1 5 8 8 9
10 5 6 4 10
10 7 3 10 4
3 5 6 8 8
9 4 7 3 4
9 8 8 9 3
3 10 8 5 1
10 4 7 1 7
3 2 7 7 10
2 5 1 8 9
5 8 4 4 2
