n 30
m 5
cap 50
Processing
17 26 54 44 35
95 68 63 84 42
49 33 3 85 2
47 40 14 15 64
7 3 6 46 37
88 12 63 14 43
74 45 80 49 42
3 29 40 64 88
6 87 97 8 90
55 6 76 36 43
91 16 31 14 59
80 30 98 10 62
51 8 63 74 22
12 7 29 73 12
5 6 35 53 87
23 47 25 1 78
35 8 74 54 39
66 49 34 25 46
91 36 11 21 34
35 75 16 67 69
63 17 33 51 93
92 35 71 71 24
37 9 74 15 11
98 17 86 36 61
14 16 26 18 49
41 61 91 30 28
9 88 28 48 81
18 98 68 38 22
45 46 1 13 27
84 32 43 70 18
Size
4 9 9 10 4
2 9 9 9 4
1 3 6 2 9
2 2 8 8 1
3 9 4 4 2
1 2 6 4 2
4 8 2 5 9
4 9 9 9 1
1 5 10 7 9
2 6 10 7 8
7 9 7 6 2
7 4 5 4 8
8 7 7 6 4
1 1 6 6 3
3 3 8 8 3
9 8 1 4 9
10 9 3 3 8
4 1 8 6 4
4 3 1 10 5
8 1 2 6 1
5 3 9 10 1
1 8 5 8 5
2 8 4 3 7
4 9 1 4 9
5 2 5 9 5
5 6 1 9 6
9 6 10 1 6
3 3 7 2 10
2 4 4 1 9
2 8 9 10 5
