n 30
m 5
cap 50
Processing
23 68 12 2 12
7 100 43 26 24
63 89 54 42 81
91 78 47 2 92
69 13 98 89 57
5 35 78 10 83
49 92 83 91 17
32 26 41 31 22
34 54 96 91 15
38 12 22 100 27
95 62 8 71 26
6 12 87 56 40
99 23 32 86 76
14 25 58 75 2
22 35 41 61 33
63 30 5 5 8
19 55 47 28 10
40 39 31 48 69
83 74 45 8 69
74 63 89 49 56
100 23 4 56 24
55 22 1 86 54
69 9 68 37 22
48 68 18 39 45
96 51 78 92 82
58 20 60 78 83
63 37 4 54 26
14 65 47 41 42
88 1 99 48 87
29 81 79 10 19
Size
2 1 8 7 9
2 6 7 3 8
6 8 2 4 1
6 8 8 4 3
7 10 9 8 9
8 9 10 10 4
6 4 7 8 2
2 4 7 10 10
5 4 7 8 4
7 6 9 6 8
9 8 3 4 8
4 9 8 10 8
10 3 1 9 9
10 5 4 7 4
8 10 10 6 1
10 9 9 3 6
9 6 10 7 5
4 10 10 5 6
10 5 10 4 2
9 7 5 7 2
3 8 6 1 5
8 4 4 8 5
5 7 1 4 3
9 4 8 5 5
10 4 4 3 8
10 7 9 8 2
2 4 9 1 10
8 3 1 5 2
5 1 7 5 7
5 3 5 5 7
