n 30
m 10
cap 10
Processing
14 81 95 59 71 91 22 65 55 82
65 98 35 7 42 30 9 100 71 18
94 1 9 72 25 95 13 42 21 38
99 92 18 23 77 84 26 71 16 46
37 46 77 14 97 95 60 62 45 80
72 56 12 9 25 27 38 68 53 95
24 25 74 100 21 49 20 63 75 84
21 18 38 61 64 18 45 49 74 96
13 63 12 87 72 11 92 47 30 91
65 84 73 75 87 99 84 18 26 92
17 20 1 35 22 20 79 62 66 35
81 16 90 38 38 29 89 60 57 94
67 27 98 99 94 68 37 39 69 11
86 63 91 67 88 55 40 6 3 22
24 53 50 42 57 5 18 33 95 83
63 52 80 91 95 100 4 1 40 73
53 83 31 11 1 61 33 17 70 94
96 81 75 78 55 9 3 10 8 66
13 31 47 78 85 23 90 47 19 34
82 14 9 78 63 93 13 25 30 99
64 57 12 83 64 10 77 99 23 11
13 80 69 87 64 22 69 1 97 49
74 3 54 17 16 27 42 85 25 29
19 99 9 83 23 69 22 32 61 79
51 61 46 71 40 89 82 29 98 1
89 67 99 43 90 56 34 57 22 62
49 30 35 35 88 26 68 69 50 85
10 9 28 86 51 98 11 9 25 70
20 70 33 43 94 24 88 97 82 84
92 19 43 14 88 51 62 73 35 52
Size
7 3 10 5 6 5 3 4 10 3
10 2 1 7 6 2 9 4 5 10
3 8 1 2 3 2 4 7 3 4
4 1 5 8 2 8 1 2 3 2
1 3 4 7 4 8 2 2 8 1
2 6 9 2 7 4 10 4 7 2
5 2 1 9 7 2 2 5 9 6
4 3 9 6 10 10 8 9 1 4
6 7 4 9 2 2 5 8 1 9
6 10 6 3 2 3 7 9 10 5
2 6 9 10 5 1 2 5 5 6
7 5 2 9 5 5 9 1 10 5
7 6 4 6 6 1 9 5 5 10
1 3 6 10 4 3 10 9 6 2
10 1 3 2 1 4 5 9 2 5
9 1 1 1 3 10 9 8 6 3
4 7 3 8 1 2 3 8 9 6
7 8 10 6 5 1 2 6 8 6
8 10 2 7 10 5 1 7 9 9
8 3 8 5 10 6 6 10 3 1
5 4 8 8 8 8 6 10 8 5
1 3 6 6 7 2 5 5 5 3
10 8 7 7 3 8 9 6 8 7
1 2 2 4 6 5 4 4 9 10
4 5 3 9 10 2 7 6 9 3
2 5 10 5 6 10 9 3 3 9
3 5 6 9 7 6 4 2 7 7
4 6 6 1 5 4 7 7 8 7
6 3 3 2 5 9 2 9 5 5
4 8 7 5 10 10 5 4 2 8
