n 30
m 10
cap 10
Processing
96 11 94 86 44 65 56 83 88 21
20 46 48 38 28 7 2 61 89 76
50 29 95 61 89 46 4 21 20 99
68 90 84 75 50 54 100 12 74 94
72 87 78 52 20 75 44 2 70 48
69 35 60 73 72 9 97 67 68 44
71 38 50 60 54 32 52 42 10 57
45 6 51 50 32 58 84 63 6 38
2 96 54 27 34 26 82 43 3 5
52 35 77 44 13 55 16 99 97 47
28 57 71 29 72 38 82 31 8 78
10 88 48 45 81 74 19 83 46 40
23 95 47 26 51 75 4 24 96 42
64 59 56 80 25 71 56 46 9 56
15 3 7 94 66 25 20 84 32 46
47 36 70 41 77 29 61 78 5 43
29 96 53 37 5 12 72 14 89 45
22 34 76 68 84 36 42 45 83 10
97 51 70 9 47 35 90 59 48 9
18 65 23 52 79 76 67 67 11 44
72 38 72 63 81 38 6 4 46 21
34 18 81 27 1 91 81 9 59 10
26 60 54 12 95 41 42 11 9 31
62 27 50 64 82 39 43 18 16 4
40 71 16 89 62 76 3 83 7 39
80 96 70 90 14 19 93 24 97 44
91 50 28 10 8 86 95 58 22 96
91 36 76 99 98 76 49 54 22 44
18 97 29 25 65 99 68 6 33 66
78 12 4 51 22 58 66 84 68 17
Size
9 10 4 3 2 6 7 2 3 10
8 2 9 1 9 8 7 4 5 8
9 2 4 2 6 6 9 6 6 6
2 8 4 7 9 3 3 5 9 7
10 3 10 3 9 7 3 10 7 10
3 5 8 8 7 6 10 1 4 4
2 7 3 7 1 10 9 1 5 7
9 5 6 2 10 9 7 3 10 4
6 7 9 10 5 6 7 2 1 1
8 3 10 9 4 6 10 3 8 7
1 10 1 3 2 4 8 10 1 4
6 5 7 8 10 6 9 6 4 4
5 10 1 10 8 6 9 3 8 6
4 7 6 6 3 5 3 9 3 8
1 6 4 10 8 1 8 1 6 3
9 3 1 10 5 8 3 5 7 10
3 4 8 1 9 8 6 1 4 4
1 10 8 3 3 2 8 2 6 8
10 2 9 4 2 6 3 3 7 1
9 9 8 1 9 1 6 5 7 7
1 3 5 5 5 2 2 6 1 10
7 7 10 7 10 10 1 2 2 2
9 9 4 5 5 4 4 6 3 7
4 7 1 8 1 2 4 4 4 8
10 2 8 9 10 10 7 2 2 10
4 9 4 2 6 6 8 10 2 10
2 7 1 5 8 5 10 10 1 4
5 1 2 7 5 10 3 8 9 5
7 10 7 9 1 8 8 1 5 9
4 2 5 2 1 9 7 8 8 4
