n 30
m 10
cap 10
Processing
53 90 83 1 77 79 6 30 89 26
60 14 63 1 17 51 27 55 43 40
85 74 95 34 48 44 87 65 44 80
44 1 49 69 41 92 70 9 60 13
26 59 50 40 27 15 63 54 36 75
41 34 37 22 5 23 73 92 26 84
52 43 64 38 40 1 15 68 2 22
58 51 15 54 3 73 96 6 6 79
78 4 9 74 38 82 35 84 31 71
9 11 40 70 20 24 65 51 57 85
81 91 48 10 95 19 59 76 45 31
87 66 54 82 28 19 20 84 95 82
28 84 74 84 4 30 83 95 85 16
31 73 50 51 84 3 98 28 2 26
32 70 43 53 72 35 84 89 48 42
25 50 39 75 71 41 41 53 38 38
3 59 31 55 30 72 42 14 75 36
96 4 84 1 100 85 32 43 67 60
19 43 13 73 6 42 34 29 54 60
13 75 11 72 2 12 73 75 29 92
2 71 12 48 57 27 94 36 86 90
35 5 77 69 6 18 17 23 67 61
47 85 55 72 7 59 65 48 100 55
9 97 74 60 98 99 25 35 6 5
52 36 26 27 98 53 57 31 63 8
45 70 86 13 77 49 35 72 15 45
40 34 82 92 15 94 93 88 11 29
34 5 98 85 60 17 67 11 76 3
27 5 68 7 68 44 13 74 30 89
45 85 20 49 3 21 39 73 91 40
Size
5 3 5 1 2 2 8 3 4 4
4 5 1 4 4 2 2 7 6 3
9 8 1 5 5 7 2 7 1 4
1 1 4 4 6 6 1 4 9 1
7 5 2 7 10 8 2 10 3 6
5 5 10 1 9 7 8 10 1 9
6 8 3 10 6 6 10 10 10 6
5 3 9 1 5 10 10 5 3 6
6 4 8 5 7 3 7 9 10 8
8 8 5 4 1 6 6 9 1 3
7 3 10 5 10 8 8 6 9 8
3 3 7 2 8 3 8 9 9 3
2 5 7 6 8 6 8 4 7 6
6 3 6 10 4 6 8 7 4 3
10 7 9 7 4 8 6 6 5 9
3 2 5 7 7 8 5 7 7 2
10 9 1 4 10 8 4 9 3 7
7 4 8 4 3 6 7 10 8 3
1 3 2 7 9 2 4 6 7 5
6 6 5 2 5 7 5 1 1 8
8 8 4 1 1 4 1 4 1 3
4 3 4 9 9 3 2 2 9 1
9 8 7 5 10 2 6 10 3 3
9 10 3 8 6 5 4 1 7 3
1 2 1 4 3 6 5 1 6 7
2 8 6 1 4 9 4 5 8 4
4 3 2 4 8 1 3 1 8 1
10 5 2 4 7 9 4 2 4 3
8 7 2 8 2 8 6 1 5 2
5 3 4 2 2 5 8 6 1 1
