n 30
m 10
cap 10
Processing
25 94 33 38 13 90 30 19 65 12
100 80 89 83 79 18 93 22 26 14
52 12 28 70 76 55 33 50 79 89
61 76 68 81 16 67 77 16 70 84
54 73 32 39 32 6 64 26 10 44
27 4 34 91 34 4 54 39 48 28
90 93 24 82 82 15 38 78 77 20
98 12 60 28 45 34 35 76 69 18
59 28 11 32 36 30 1 16 32 2
19 24 81 91 6 21 6 37 91 10
31 55 18 39 61 100 11 32 21 40
11 18 92 10 29 100 87 22 61 38
55 21 37 35 77 81 25 91 45 57
3 74 31 12 39 39 7 24 49 77
92 43 3 20 47 13 25 37 36 47
68 90 73 73 87 59 70 38 10 65
32 65 61 82 77 7 18 94 61 31
75 76 4 81 45 93 53 63 63 76
85 30 31 95 94 42 75 15 5 22
23 45 93 47 2 85 62 8 92 46
83 42 35 31 32 20 23 92 77 82
65 64 27 24 49 65 53 11 7 99
96 36 41 45 85 79 20 12 49 14
34 39 30 45 44 61 38 28 77 10
89 56 71 76 100 61 56 8 84 47
14 60 42 36 42 61 52 89 76 99
60 64 46 5 1 38 38 27 57 4
22 76 53 90 12 10 100 56 18 30
35 73 61 21 65 22 7 49 70 52
27 10 45 31 69 40 84 8 42 86
Size
10 10 10 2 5 3 8 5 5 3
8 4 2 4 1 3 2 2 9 9
5 4 5 4 3 3 1 2 8 9
7 1 6 4 3 6 10 1 1 2
10 2 5 8 7 5 1 10 1 3
7 1 8 2 10 2 1 1 2 8
9 5 3 9 10 3 9 1 8 9
4 4 1 4 8 6 4 2 6 8
1 9 7 5 6 9 2 7 8 6
9 9 7 10 10 10 6 2 9 9
5 8 1 5 10 7 2 4 1 9
8 3 1 4 8 2 10 9 9 5
7 1 3 9 7 2 3 10 1 8
5 1 3 10 5 4 8 4 7 3
1 2 5 7 10 6 8 8 10 4
1 9 6 1 7 3 5 9 5 4
7 6 2 1 10 5 5 1 4 10
3 3 10 8 2 3 2 8 2 8
3 2 2 10 2 8 6 10 9 7
8 6 6 5 7 3 8 8 10 10
9 8 9 10 7 5 7 4 1 6
10 6 4 4 5 10 1 9 4 9
2 4 7 5 9 8 9 9 1 1
1 2 6 1 5 8 4 3 6 2
6 3 1 9 7 3 2 7 9 9
1 7 10 6 4 6 8 5 3 1
1 8 4 5 6 6 8 3 1 1
7 4 8 8 1 3 7 5 1 8
5 7 3 5 9 10 6 9 6 7
4 4 4 7 6 8 9 7 10 1
