n 30
m 10
cap 10
Processing
64 37 32 51 18 23 92 9 25 26
83 95 10 55 21 19 27 84 99 28
72 77 22 42 45 19 38 84 79 79
78 32 69 100 49 96 96 34 62 83
70 68 84 58 53 10 78 85 91 90
100 31 26 69 22 30 24 52 10 1
4 30 36 12 7 98 92 89 85 7
73 62 69 23 74 92 61 53 40 57
86 30 64 57 5 63 58 100 84 85
65 74 62 94 97 69 65 45 63 65
32 31 79 17 63 24 39 30 9 47
72 66 36 38 91 33 78 63 98 41
70 84 87 85 36 61 71 70 40 41
53 83 86 86 43 1 21 19 12 40
99 82 66 80 37 32 3 68 98 50
46 1 11 36 38 83 49 5 29 9
23 91 42 68 53 36 47 59 87 76
5 53 31 71 39 21 71 33 67 95
8 38 14 25 2 19 5 50 89 87
98 46 45 84 43 15 34 37 38 93
49 8 59 36 39 16 96 86 73 68
79 20 52 67 31 60 67 78 6 67
9 48 48 67 37 42 84 46 80 61
39 99 55 61 33 79 87 56 42 83
25 58 61 88 62 68 83 36 49 35
15 31 37 17 45 47 11 19 66 53
35 11 95 64 85 94 95 61 9 95
96 45 97 96 36 61 72 14 20 26
52 13 30 60 69 36 94 8 19 21
64 83 39 49 93 29 90 67 29 20
Size
4 10 8 9 8 4 4 1 5 5
8 1 4 8 6 4 6 9 5 8
9 3 10 5 2 3 4 6 6 6
9 1 7 9 3 2 3 10 7 3
2 3 4 5 3 9 2 3 7 6
4 1 4 4 6 1 2 2 5 10
1 7 2 10 5 9 3 6 2 2
7 8 4 4 7 4 7 9 5 9
3 7 1 5 2 9 5 2 4 5
9 10 7 4 5 7 10 9 8 9
2 7 2 1 7 6 3 9 9 3
2 1 1 10 2 4 2 5 4 6
3 8 7 5 6 3 6 9 6 9
2 5 8 5 7 1 10 7 9 5
10 5 5 6 3 3 1 9 1 2
6 3 1 2 7 9 6 6 4 5
8 2 7 1 9 8 8 9 6 1
8 9 9 3 8 7 1 6 4 1
10 7 5 7 4 1 3 10 2 10
5 2 7 10 4 1 10 2 6 5
8 2 5 5 8 9 5 5 5 10
2 6 9 7 4 1 3 9 10 1
8 10 4 7 5 3 1 6 6 3
3 5 5 10 7 1 3 4 6 1
6 8 7 5 6 1 6 10 2 8
7 10 1 6 1 9 5 6 4 5
6 4 5 7 8 2 10 10 10 1
1 7 2 5 2 1 9 6 6 1
8 6 8 6 7 10 7 4 3 5
2 10 6 3 1 1 2 6 2 2
