n 30
m 10
cap 10
Processing
100 21 85 26 57 39 97 22 4 29
33 1 54 71 72 53 94 30 83 48
93 88 56 99 34 7 15 20 70 82
42 30 84 75 40 19 60 85 39 10
13 17 71 50 33 99 84 13 41 91
46 64 86 11 48 22 24 91 57 50
73 42 20 57 42 14 60 99 13 86
73 81 54 67 96 61 82 65 76 58
69 23 7 88 28 31 46 68 73 29
58 7 96 59 85 81 77 99 47 57
92 12 83 56 18 39 2 56 37 5
84 43 60 15 74 92 57 86 77 5
15 37 61 28 100 65 90 79 78 32
19 7 52 68 49 7 7 10 54 96
91 41 13 62 60 97 30 64 67 48
68 75 84 38 10 39 88 38 80 91
61 56 63 14 32 38 81 57 4 26
56 42 76 66 4 2 35 60 91 100
18 94 74 50 90 23 89 83 92 18
90 83 97 71 66 97 39 75 12 97
47 5 27 63 18 83 58 47 56 45
96 63 24 8 33 76 18 65 34 27
91 70 29 12 55 67 92 85 10 76
64 43 51 93 100 53 53 9 92 18
66 33 31 50 72 48 23 3 92 18
78 16 30 90 17 21 80 1 89 20
28 62 75 24 87 1 23 69 10 64
34 26 96 5 25 90 1 45 12 30
60 97 27 99 61 25 53 46 8 2
4 5 13 82 22 69 26 29 6 47
Size
4 4 6 7 6 1 7 8 3 7
10 9 5 7 8 2 5 5 8 9
4 8 10 3 9 10 9 7 5 10
2 6 3 2 10 6 10 2 9 2
1 9 9 3 5 1 2 10 2 8
8 1 5 3 8 1 3 9 4 6
3 2 8 2 10 6 2 3 4 9
5 8 4 1 6 9 9 2 4 3
9 3 5 9 6 4 8 2 5 8
7 3 5 6 3 3 3 1 8 3
8 8 4 9 1 7 2 8 5 4
5 1 3 4 8 1 8 5 6 1
5 6 8 3 3 5 9 3 8 1
4 4 7 2 10 2 5 6 1 10
5 10 10 10 3 3 8 4 5 2
2 4 7 5 6 2 10 8 9 1
3 10 10 5 3 1 6 1 2 9
5 7 10 4 5 6 4 5 10 6
9 8 4 3 3 2 2 8 7 2
7 5 7 3 9 6 4 2 10 9
5 6 3 7 6 7 5 5 5 2
5 6 10 5 7 7 6 4 10 2
1 3 9 2 7 8 8 8 1 5
5 8 7 9 7 8 10 4 1 3
2 8 10 6 1 7 7 3 3 5
1 5 8 1 3 5 5 2 6 2
7 1 5 4 8 7 10 5 8 6
7 5 6 8 9 10 9 6 9 10
1 2 4 1 4 4 3 1 3 3
9 2 4 5 10 8 10 7 7 5
