n 30
m 10
cap 10
Processing
30 90 52 70 38 40 20 88 88 6
52 5 65 29 100 40 14 36 6 87
70 13 53 48 26 26 27 9 35 6
68 88 18 71 50 47 4 36 2 64
15 37 11 88 12 67 90 42 35 59
56 98 44 68 47 22 34 57 47 95
66 96 46 24 84 95 63 12 35 76
24 51 37 75 4 13 60 60 96 3
26 72 96 9 45 48 22 85 68 10
66 95 43 89 48 51 66 37 91 25
72 95 75 39 53 89 26 79 31 77
84 2 80 40 86 53 82 32 84 51
31 19 98 57 82 53 86 83 12 85
58 61 2 42 42 3 29 76 26 49
63 51 83 40 91 50 40 89 44 70
95 21 80 97 20 99 1 91 49 96
34 1 86 30 46 32 43 77 16 97
68 90 55 52 97 14 85 65 13 62
51 97 29 65 46 55 33 26 1 39
69 27 62 55 47 92 31 7 22 36
61 27 40 94 4 68 43 66 59 10
4 13 50 16 60 55 37 47 58 10
10 42 6 29 70 17 91 69 18 55
16 67 50 67 59 35 57 23 23 88
54 4 87 47 30 74 30 30 14 84
78 21 64 24 35 4 87 19 22 13
70 86 87 49 15 1 21 31 17 69
38 79 81 58 24 8 92 99 28 30
20 25 59 16 33 88 83 42 28 45
29 35 26 60 68 83 27 25 37 80
Size
1 7 2 4 7 4 5 10 10 8
5 9 9 9 5 9 1 8 3 7
10 4 4 4 9 8 4 7 6 7
10 8 1 5 8 5 2 10 4 2
5 2 6 6 2 4 7 7 1 5
1 6 5 6 3 1 9 6 1 3
8 4 2 5 6 2 8 3 6 7
9 6 4 6 6 8 8 6 5 6
4 5 5 9 10 10 8 9 8 3
9 2 7 5 1 6 5 1 2 8
8 8 8 9 5 8 5 7 5 6
1 5 6 6 4 8 9 8 4 4
9 5 5 2 9 3 8 7 3 1
2 8 2 4 4 8 1 1 7 7
7 9 8 3 10 8 3 5 1 1
6 5 5 2 5 10 3 3 1 9
4 6 9 5 1 7 6 2 2 9
2 4 5 7 5 9 10 6 2 7
2 10 1 4 5 2 4 2 6 7
6 10 4 6 10 5 10 7 3 6
5 4 4 5 9 7 3 10 6 4
4 6 1 2 3 8 4 5 2 4
3 3 6 4 6 2 8 1 10 10
7 5 1 8 4 8 10 8 7 2
4 10 7 10 9 3 1 6 3 5
9 3 1 7 8 6 6 8 9 2
10 6 1 5 7 7 7 10 9 2
1 10 6 2 9 5 6 7 8 5
3 10 10 6 1 4 4 6 10 7
8 4 1 2 3 1 7 4 4 9
