n 30
m 10
cap 10
Processing
49 1 47 29 5 37 12 74 68 81
37 8 47 37 80 25 47 47 44 99
30 46 82 43 3 9 89 92 89 48
70 81 19 8 75 49 24 84 8 10
39 19 45 75 83 21 67 59 15 24
71 99 29 60 11 25 55 9 11 11
5 26 6 38 72 6 43 66 43 51
28 39 24 22 60 98 78 46 17 28
74 63 87 54 42 97 12 9 60 16
32 66 2 69 89 45 72 43 58 21
56 100 73 63 32 37 34 98 14 60
33 41 66 93 39 65 6 46 78 15
43 67 95 37 37 8 38 20 86 80
3 67 37 84 52 31 43 54 47 14
60 26 13 38 34 30 21 43 35 65
26 98 10 58 79 90 82 53 38 40
37 70 47 27 26 33 71 30 84 9
32 42 20 37 38 66 8 34 95 36
92 68 73 83 60 45 37 94 89 65
98 54 9 44 72 40 83 27 53 28
86 28 58 4 17 69 96 5 26 66
99 75 52 20 20 79 85 84 4 78
96 93 44 81 30 36 75 17 23 3
38 20 65 1 24 20 77 58 81 79
48 90 47 86 76 30 5 81 41 28
78 88 18 25 71 34 14 90 56 61
3 45 61 25 67 31 65 89 1 14
78 68 4 68 48 57 12 69 41 61
56 2 100 58 33 48 94 95 66 38
59 29 25 75 14 7 23 79 68 65
Size
7 9 6 4 4 9 1 4 9 6
8 1 10 7 1 9 3 6 9 9
5 5 9 7 6 9 6 1 1 5
9 6 6 5 3 2 6 1 5 6
5 4 4 2 7 10 1 7 8 8
6 5 7 5 9 5 6 8 5 1
4 7 3 7 4 1 2 2 5 8
4 10 7 5 9 10 1 10 1 2
7 6 5 2 5 3 3 8 10 10
4 2 9 1 1 1 4 4 2 9
5 9 8 1 6 2 10 9 9 7
10 5 10 10 1 9 1 7 10 2
4 2 3 7 8 5 9 2 10 5
5 3 6 5 5 6 5 1 1 1
7 4 3 2 10 4 7 3 1 3
7 10 7 9 9 6 8 1 2 9
9 8 4 2 8 9 6 5 9 9
10 6 6 7 7 4 5 3 5 9
7 5 4 7 1 9 1 8 10 2
8 7 8 2 8 10 3 1 5 1
3 7 1 2 7 10 2 9 7 10
5 2 3 3 6 7 9 7 2 7
8 5 8 8 3 6 8 7 5 6
9 4 4 1 9 3 1 9 1 6
1 8 8 9 4 2 4 3 2 1
7 1 8 2 1 10 3 6 5 8
1 1 1 4 2 5 8 2 3 4
5 7 7 7 6 9 2 8 5 7
2 6 7 6 5 2 1 1 5 3
1 6 9 4 2 6 2 2 10 7
