n 30
m 10
cap 10
Processing
91 27 21 18 19 24 53 50 79 7
19 65 4 2 38 32 91 16 1 100
4 24 66 17 34 16 10 81 7 41
17 29 81 16 85 43 24 95 79 31
27 19 3 53 64 48 13 97 87 66
79 13 66 95 72 40 88 39 91 9
83 74 30 2 27 52 46 42 86 58
98 9 57 15 11 61 43 77 80 65
58 40 56 60 86 54 70 55 62 4
11 78 46 52 82 82 94 47 69 66
48 47 42 61 94 33 88 52 86 21
43 63 73 32 87 100 53 26 40 48
78 60 91 74 27 28 39 85 91 38
96 84 46 50 63 30 44 65 63 29
73 15 74 38 84 57 16 7 77 29
24 49 36 100 90 43 52 24 21 17
5 15 17 53 39 58 40 14 71 46
54 12 93 28 48 85 54 5 11 18
30 11 11 76 5 84 77 36 71 73
17 79 76 4 52 89 54 80 37 49
9 25 9 48 76 40 73 12 21 25
66 43 39 32 99 87 12 53 93 68
60 68 58 78 52 41 55 17 45 95
59 99 46 66 55 68 6 62 36 64
95 4 46 89 10 11 4 59 61 15
72 43 36 76 42 88 30 85 57 59
8 70 51 44 21 28 83 88 72 41
9 46 88 54 63 46 83 28 74 33
33 6 46 95 61 58 34 54 34 68
77 45 49 87 98 93 90 55 42 57
Size
10 4 1 9 7 1 9 10 8 8
3 1 7 10 4 3 2 6 5 5
4 3 1 6 9 10 5 9 8 4
7 6 6 2 4 5 9 5 6 4
4 5 5 10 2 9 7 7 10 1
5 3 4 5 5 1 3 8 8 7
9 8 2 1 3 1 2 9 3 1
3 10 5 9 10 2 2 6 6 8
6 6 8 3 8 6 4 9 3 10
7 4 6 6 10 8 10 10 6 8
4 5 10 6 1 4 7 6 2 8
3 8 1 9 9 4 1 8 4 2
7 4 2 4 9 4 2 8 7 4
5 10 3 6 10 9 3 7 2 6
3 7 5 2 2 3 10 7 1 5
9 2 6 2 8 7 8 2 4 9
1 8 7 4 1 6 8 7 6 10
4 1 6 8 5 9 2 3 4 8
1 8 4 2 10 9 5 4 6 9
10 4 5 1 5 3 5 9 9 6
3 9 8 8 2 4 2 3 5 7
2 9 8 5 8 6 9 8 5 1
7 5 4 9 1 4 3 8 7 2
9 5 10 8 4 7 8 10 9 9
9 9 10 8 3 3 2 3 7 9
9 8 9 4 10 9 5 3 4 6
10 6 7 6 10 9 4 10 8 9
10 3 6 1 9 8 9 8 6 6
8 5 1 8 7 8 2 8 4 1
2 6 3 5 3 7 10 9 1 3
