n 30
m 10
cap 10
Processing
67 80 51 39 33 39 16 77 37 90
26 50 47 76 68 28 29 34 77 6
92 58 23 74 46 71 54 65 79 28
60 96 23 95 69 74 3 36 11 40
26 47 58 72 75 32 81 26 29 34
34 16 55 45 36 30 3 80 94 73
79 29 27 19 82 62 78 3 79 98
39 47 77 22 12 80 36 43 46 32
68 88 31 50 75 30 58 39 66 36
42 76 7 88 43 21 55 81 9 93
50 15 30 88 17 28 32 92 26 8
35 16 65 84 74 56 49 76 5 31
20 86 47 11 42 86 39 92 29 26
53 92 28 39 37 77 36 21 79 18
71 31 66 2 73 20 24 61 78 77
35 71 50 98 22 10 89 60 29 4
12 57 73 51 72 7 34 59 85 79
60 72 83 80 27 8 47 23 92 6
90 18 7 19 31 39 29 62 28 74
72 52 30 63 9 15 18 91 51 51
5 50 70 21 48 81 45 30 35 59
64 18 23 97 100 81 83 35 50 21
17 61 12 73 81 60 91 42 85 100
29 2 43 43 46 51 70 4 97 53
75 10 34 12 36 50 48 13 92 82
86 45 36 90 17 29 35 18 11 26
5 71 62 75 54 83 2 1 56 50
10 8 70 33 90 26 43 39 57 23
82 48 27 20 14 94 54 100 69 50
100 3 12 55 34 90 13 41 45 42
Size
10 4 6 7 2 10 3 9 9 6
9 8 7 3 1 1 7 10 5 3
4 10 6 1 4 10 10 6 9 2
1 10 5 4 2 5 7 2 8 5
9 4 5 3 1 1 1 3 9 2
7 10 9 1 6 4 8 9 7 4
2 10 10 5 4 4 1 10 7 9
1 7 7 10 4 10 2 10 3 8
3 8 7 9 2 2 6 9 8 4
2 4 9 9 10 6 10 10 7 4
1 8 2 3 7 4 3 8 1 5
2 10 4 1 2 10 8 7 8 9
8 4 10 3 9 1 2 6 9 2
2 2 6 10 5 4 10 6 8 10
3 9 1 10 8 8 4 1 10 10
8 9 7 3 10 1 2 3 9 2
7 8 8 7 4 5 3 8 5 2
5 10 8 5 6 10 1 10 6 8
10 7 10 6 4 8 2 3 3 7
10 4 9 1 3 6 4 10 5 9
3 3 2 5 9 6 5 3 5 7
4 6 9 1 8 10 6 4 9 3
10 1 8 10 3 7 2 3 5 4
1 4 5 7 5 1 6 6 3 1
9 4 9 8 1 5 8 2 1 5
2 6 6 5 3 8 6 6 7 9
6 6 9 9 1 10 6 6 3 9
1 6 9 7 6 8 1 9 6 10
10 5 7 3 4 10 4 8 1 9
6 5 6 7 1 1 5 6 5 6
