n 30
m 10
cap 20
Processing
6 81 58 86 20 37 66 89 5 13
70 69 20 77 49 68 4 99 11 100
79 100 40 14 26 7 54 59 82 75
58 81 38 99 95 17 91 37 32 43
94 1 87 86 72 83 29 98 77 77
53 50 47 20 65 58 96 81 16 50
5 70 62 29 94 57 1 87 8 74
6 81 53 42 23 7 69 83 40 8
11 81 54 39 26 25 74 79 29 69
86 30 91 4 31 38 82 8 1 54
79 29 31 65 10 43 46 3 24 30
84 48 24 62 24 22 99 56 1 6
53 66 94 36 69 45 41 72 95 2
2 49 72 30 45 11 8 17 14 71
70 96 40 55 52 34 92 13 33 99
16 70 4 99 43 93 39 27 95 5
46 53 89 14 40 69 2 78 3 32
43 41 12 35 87 44 81 39 93 34
17 95 83 3 2 30 83 55 30 71
16 20 54 52 13 8 85 42 61 61
40 82 47 20 70 92 13 1 77 28
90 22 23 30 8 59 8 17 45 98
68 66 71 41 68 77 11 13 81 37
77 3 15 97 81 13 85 81 96 26
17 42 82 73 26 56 62 76 81 42
43 43 24 27 93 88 51 90 26 44
55 44 37 37 96 69 33 97 37 1
61 16 98 77 33 27 49 87 38 31
74 28 85 74 23 46 55 70 73 85
69 39 39 67 72 18 50 35 59 70
Size
8 8 1 1 2 1 1 9 9 5
5 2 10 2 8 10 4 4 10 8
5 10 3 3 3 4 6 7 4 7
9 1 6 2 10 8 3 2 9 4
3 10 3 8 6 5 1 8 4 9
1 7 7 10 5 4 9 10 7 3
4 8 6 3 4 3 2 10 4 7
3 5 5 4 8 5 7 8 9 3
10 4 10 5 8 4 3 2 5 1
5 9 2 9 8 8 9 7 2 9
9 4 6 5 8 3 7 9 4 8
3 8 10 8 9 6 4 7 6 3
10 9 7 4 6 1 5 1 3 9
2 6 8 6 9 10 7 4 6 5
4 3 9 5 8 7 4 5 2 1
10 3 3 8 1 4 8 4 10 7
10 7 6 2 7 4 8 5 2 1
9 3 9 1 6 6 7 10 4 10
9 8 1 3 5 1 1 10 6 5
1 10 7 2 6 2 3 6 3 1
4 9 7 8 8 1 8 10 5 6
3 6 2 9 7 10 4 10 1 6
5 3 9 6 4 6 4 8 7 8
3 5 4 3 2 5 7 4 6 8
5 2 5 4 9 10 10 7 5 9
5 1 2 4 7 1 6 2 10 7
7 5 3 8 7 6 1 1 6 10
4 9 7 2 8 9 1 2 2 2
3 10 9 1 6 4 8 2 1 2
5 3 8 3 3 2 6 10 6 3
