n 30
m 10
cap 20
Processing
40 50 10 45 97 9 5 4 71 40
36 1 87 21 89 92 29 28 22 70
4 53 87 90 83 87 40 81 12 3
66 68 66 47 79 1 70 98 42 41
89 27 21 55 19 54 49 55 17 15
62 93 84 11 39 80 84 94 40 53
87 95 97 97 64 97 49 48 44 84
67 50 82 71 94 4 97 97 83 44
82 84 67 69 35 87 60 86 100 93
57 14 28 1 32 95 54 18 65 22
73 58 98 52 32 80 15 64 72 15
13 43 99 42 16 78 2 90 65 15
60 88 20 69 27 61 8 10 37 66
14 85 50 70 84 25 73 28 47 80
61 82 55 88 72 96 72 48 66 89
56 53 30 43 51 49 59 2 97 47
78 4 74 15 67 33 72 3 18 1
78 39 94 57 18 64 59 57 91 54
73 79 6 63 94 46 33 33 43 93
30 24 89 98 29 25 42 70 18 54
24 98 9 73 6 65 65 59 97 99
51 32 99 3 100 32 57 69 19 22
48 48 1 5 18 61 67 56 76 90
1 18 71 45 85 20 95 8 42 4
100 13 55 5 64 63 30 70 54 26
52 9 55 44 46 28 22 44 30 28
65 22 97 57 71 29 61 8 7 66
43 49 77 72 87 9 74 28 65 58
4 64 60 5 58 56 89 53 82 30
75 48 7 77 48 87 57 99 27 61
Size
1 7 2 10 7 6 8 4 4 3
2 3 4 6 8 1 4 7 3 4
5 10 6 1 3 2 8 5 1 2
7 5 4 7 8 5 4 10 5 4
10 10 8 4 5 8 5 5 1 8
8 1 6 5 7 6 8 9 1 8
1 6 6 6 6 2 2 9 2 7
1 2 6 1 6 7 1 8 9 7
3 3 1 2 5 8 6 8 6 10
4 2 3 8 6 2 7 5 10 2
10 9 5 8 9 5 2 1 2 8
3 7 10 2 4 9 8 1 4 2
5 9 2 8 3 9 8 2 10 6
10 8 10 2 7 1 2 5 1 9
3 4 3 8 5 4 1 1 8 5
2 5 1 2 9 10 8 2 7 8
8 1 9 8 4 4 7 1 1 6
8 5 2 2 6 3 9 2 5 7
5 3 3 5 5 3 8 10 8 4
7 6 2 5 10 8 4 2 2 8
5 8 2 4 5 10 8 9 9 9
10 1 7 2 2 5 10 4 9 3
10 7 6 5 5 4 2 9 1 1
4 2 5 3 7 8 1 6 7 1
9 2 7 4 1 2 3 4 10 3
2 8 10 5 3 1 6 1 7 6
7 4 7 5 3 10 6 2 4 9
1 10 6 8 2 9 10 10 3 5
6 8 7 2 1 4 8 3 8 6
8 2 9 4 9 3 10 6 8 7
