n 30
m 10
cap 20
Processing
36 46 44 15 75 52 37 4 9 4
33 50 79 62 43 45 78 69 88 30
14 83 57 40 11 39 89 93 81 71
27 69 6 9 87 100 63 52 6 42
42 79 46 33 57 73 86 85 31 36
12 30 88 45 63 18 8 24 93 32
84 78 77 9 78 74 99 87 51 60
38 24 47 75 4 61 53 70 10 33
27 12 45 65 54 87 7 85 60 39
64 67 78 79 48 27 32 86 67 24
5 45 34 57 99 15 11 93 84 18
35 26 5 64 18 3 72 74 53 46
93 27 58 68 20 89 24 47 58 62
34 1 3 52 12 91 45 90 77 56
78 74 74 9 81 17 45 13 28 9
91 23 96 50 74 5 7 31 50 73
99 7 94 99 79 32 72 51 34 76
41 96 69 57 31 34 1 40 76 85
85 95 2 12 12 40 81 72 65 56
59 54 81 92 45 79 7 6 96 32
90 81 31 48 19 60 44 58 94 67
5 20 97 4 83 33 53 10 87 74
45 39 63 45 33 5 81 15 39 45
7 64 90 62 19 22 67 59 41 34
86 81 100 12 91 20 54 84 56 17
32 82 33 94 56 45 36 12 20 10
13 45 87 23 79 92 42 68 51 40
86 79 34 88 10 100 23 14 63 78
10 100 53 92 79 69 55 70 3 60
48 28 13 30 20 86 52 44 91 47
Size
1 2 4 4 1 3 2 1 9 6
10 10 4 2 4 9 6 9 5 7
5 4 8 9 4 9 1 8 4 8
7 6 10 3 3 7 3 8 1 2
5 5 4 5 2 3 1 10 6 6
6 2 5 5 6 3 4 6 8 9
1 6 1 9 4 6 3 4 3 8
1 8 9 2 1 9 10 3 3 9
7 2 7 3 7 2 1 4 8 6
1 6 10 10 3 9 3 3 10 1
5 8 10 3 2 4 2 2 8 6
5 9 10 6 10 1 5 6 1 4
10 7 5 6 9 3 9 4 6 10
7 10 10 6 3 2 2 8 4 2
3 8 1 1 8 1 7 8 3 2
8 3 3 8 9 9 7 1 7 3
4 10 8 6 10 2 3 9 1 4
7 7 2 9 1 10 4 3 6 10
1 1 2 3 4 9 8 2 1 5
2 7 5 3 4 10 5 7 2 8
8 9 3 1 3 2 5 9 3 2
8 4 1 2 5 4 9 2 9 1
4 5 6 4 3 1 6 5 8 6
9 1 9 10 4 2 10 10 10 8
6 1 2 7 9 4 3 3 1 4
6 9 1 5 8 2 6 10 3 2
2 2 2 8 10 10 5 3 4 6
7 2 1 1 10 7 3 5 1 10
1 10 3 1 3 9 8 6 9 9
2 5 8 5 5 7 9 10 3 3
