n 30
m 10
cap 20
Processing
45 24 75 47 46 84 97 37 17 80
1 32 51 34 31 15 17 60 14 71
37 60 90 6 80 56 97 15 47 20
100 70 32 47 28 32 35 92 80 85
77 65 76 46 33 37 31 43 74 15
39 90 91 35 51 13 4 43 59 83
96 43 22 63 25 44 46 20 24 51
50 56 32 16 4 72 85 26 18 97
62 19 4 70 8 38 48 59 43 79
58 67 91 48 40 27 74 92 91 23
20 20 51 30 42 50 66 35 22 63
37 41 91 96 96 100 40 62 31 43
65 30 19 78 16 76 23 7 86 6
41 61 37 30 45 85 86 60 82 77
22 36 22 9 37 73 59 79 35 5
10 5 47 4 47 91 47 20 46 18
6 31 31 16 8 62 44 18 90 41
2 43 98 59 43 90 83 64 16 59
10 66 48 17 78 11 39 41 19 24
40 71 22 39 21 3 81 83 7 53
72 8 6 71 88 2 10 2 18 20
54 84 59 90 60 57 75 48 84 31
28 92 5 95 30 31 37 64 91 72
35 64 14 46 80 14 75 45 16 12
34 65 1 99 45 45 23 33 38 64
16 69 93 25 76 20 40 61 83 44
28 20 21 43 20 96 19 42 23 91
19 13 4 94 98 37 47 17 29 83
91 36 91 17 19 81 56 25 95 8
62 82 68 34 8 6 82 46 45 52
Size
1 5 8 1 1 8 10 9 8 4
1 10 8 4 7 8 3 4 4 1
10 2 6 3 7 7 6 3 1 8
5 4 7 5 7 5 2 8 4 5
1 6 7 8 6 9 1 6 6 10
1 1 8 10 5 9 5 2 5 5
4 10 1 5 5 7 7 6 3 6
5 8 4 3 1 3 6 10 9 3
2 8 4 7 7 10 1 2 1 10
1 5 10 2 5 8 3 10 4 3
10 8 6 10 4 7 9 7 9 1
9 6 6 1 9 10 10 4 10 10
7 2 7 5 2 9 8 1 6 2
5 3 8 3 10 10 1 3 2 6
1 8 5 9 1 7 6 3 3 7
5 2 6 4 6 9 3 9 3 1
8 4 1 6 8 7 6 9 5 1
4 6 7 10 10 2 2 10 4 5
6 5 6 8 1 1 2 7 7 9
4 7 8 4 8 8 1 9 5 3
7 4 5 3 9 2 2 2 4 3
1 5 10 9 9 2 7 2 1 7
1 4 10 1 2 7 6 6 8 4
8 8 2 1 6 6 1 8 9 10
4 4 8 10 4 3 7 7 2 10
3 5 6 1 5 8 2 6 10 2
6 2 2 9 5 1 1 4 7 3
5 9 9 10 7 5 4 3 6 4
7 6 2 6 8 10 9 3 6 4
2 3 8 2 8 1 5 4 2 10
