n 30
m 10
cap 20
Processing
39 82 95 33 91 56 84 28 60 27
84 4 86 68 79 98 89 18 7 39
58 100 93 48 59 74 4 41 78 81
74 8 32 69 11 63 89 28 71 87
38 97 27 49 17 18 70 10 55 43
56 18 77 71 8 57 2 6 85 63
92 16 21 50 45 16 7 95 11 52
91 43 25 53 25 53 100 52 22 22
2 68 4 81 69 8 36 91 94 62
82 16 20 6 87 60 72 51 83 15
4 97 76 48 29 40 58 18 82 71
26 55 67 62 76 46 51 28 62 56
15 80 17 33 80 94 82 84 53 76
97 23 23 13 25 97 7 56 81 46
31 80 36 15 85 73 9 78 50 80
44 84 57 5 34 77 25 33 69 25
86 60 69 71 10 99 68 58 62 91
9 76 62 11 60 14 90 63 18 20
82 6 20 55 89 14 18 52 36 2
6 3 50 66 25 73 68 7 66 49
25 73 45 89 99 33 4 87 84 72
36 65 42 53 52 68 90 14 56 81
41 91 95 10 2 90 54 61 15 66
80 66 87 25 98 49 30 81 68 99
43 79 21 15 69 93 69 36 74 14
26 78 66 78 53 3 23 62 95 66
18 89 8 46 44 15 45 34 23 85
1 40 81 76 85 81 78 8 53 31
100 46 79 9 74 52 25 97 78 7
12 96 33 8 33 4 94 50 98 50
Size
5 9 3 10 2 2 6 10 10 6
3 9 9 5 9 10 5 9 1 6
7 8 6 5 10 9 2 5 10 7
8 10 6 7 7 2 10 2 3 2
8 4 6 7 3 6 3 6 6 5
3 1 7 1 10 7 8 10 9 9
8 3 5 7 2 4 10 4 4 4
4 2 3 10 4 4 10 4 5 2
1 7 1 1 10 9 9 4 1 10
5 6 5 6 7 1 3 5 6 2
6 2 4 5 9 5 6 5 7 10
3 8 4 9 5 2 4 6 4 3
6 4 6 2 1 9 3 9 9 6
10 7 3 2 3 4 3 5 7 8
6 6 9 10 8 3 10 4 6 7
10 3 4 9 6 1 6 7 5 4
2 10 7 2 1 6 2 7 10 3
1 4 6 5 2 3 9 5 1 2
5 6 10 3 2 8 5 1 9 7
8 7 3 6 1 8 9 7 3 2
8 8 9 5 10 9 2 9 5 6
10 7 5 1 7 7 6 4 6 3
5 8 5 5 5 9 1 10 6 6
6 3 2 3 8 4 10 2 6 8
3 1 2 6 3 1 9 4 3 6
10 4 10 3 3 5 7 8 5 8
1 5 9 4 7 8 5 1 6 4
1 5 2 10 1 7 2 4 2 1
7 8 7 9 3 3 8 2 7 7
2 9 1 2 3 3 8 8 2 3
