n 30
m 10
cap 20
Processing
22 84 39 70 97 63 88 52 83 94
22 58 40 10 13 99 70 39 95 13
67 79 95 89 97 44 4 55 65 46
9 63 89 9 57 56 46 73 30 25
39 72 78 18 10 42 30 35 100 37
78 24 66 23 26 64 61 79 61 19
42 98 1 70 74 15 87 71 100 32
46 49 85 97 44 52 16 19 44 55
55 48 91 53 36 52 89 62 30 62
56 46 91 24 53 48 9 36 68 97
85 61 69 97 46 82 12 52 57 56
98 87 55 36 21 4 35 8 29 38
77 23 77 18 81 90 9 95 100 69
67 91 50 26 6 37 53 95 25 84
38 60 11 25 57 67 39 96 5 51
89 44 5 72 13 59 94 13 86 57
71 53 83 69 50 54 30 87 32 6
7 93 31 86 41 9 1 65 67 43
96 41 15 15 86 57 24 71 2 34
44 23 18 7 77 76 98 55 89 6
57 38 6 31 90 65 84 30 29 79
4 4 9 88 87 18 14 17 79 56
55 93 48 87 99 38 77 76 53 98
28 67 7 35 15 2 84 55 63 35
58 96 19 78 42 84 61 97 31 84
75 48 96 19 22 24 18 67 49 99
71 49 52 87 33 70 4 60 6 67
62 13 39 59 22 88 83 45 65 90
94 93 32 76 21 39 27 68 61 50
26 79 53 9 84 93 16 43 46 74
Size
4 7 7 7 8 1 7 4 6 8
5 6 2 1 9 6 5 8 10 7
9 3 3 5 5 7 10 9 8 4
5 1 7 6 3 7 6 10 7 9
9 6 3 3 4 3 8 3 4 6
7 2 2 1 9 6 10 8 2 9
5 10 7 1 3 5 2 1 1 3
3 6 5 8 3 10 3 9 6 5
9 3 6 7 7 1 4 6 8 9
6 1 10 6 3 2 3 1 3 2
1 1 4 3 1 7 10 4 4 5
3 1 4 8 9 10 4 6 10 5
3 1 1 2 5 8 10 9 4 1
2 2 10 5 9 9 6 2 8 2
9 7 6 7 4 5 6 3 2 5
6 2 8 8 1 4 6 1 5 6
5 8 10 8 10 4 8 7 7 6
8 2 9 3 7 9 5 9 1 3
6 10 7 7 6 4 6 2 1 7
5 6 1 10 1 8 3 4 9 6
2 5 4 5 8 3 2 2 3 5
10 3 1 4 1 5 2 7 2 8
5 3 2 6 9 9 2 5 2 2
3 10 6 6 6 5 2 8 4 8
6 3 9 9 7 1 1 2 8 5
9 6 10 1 5 5 9 6 3 5
9 7 9 4 4 6 8 3 9 5
7 10 2 9 9 3 7 4 9 1
10 3 10 5 4 8 1 3 9 2
10 5 10 10 8 3 10 3 4 3
