n 30
m 10
cap 20
Processing
15 32 68 36 68 22 14 91 7 63
5 5 15 63 67 31 59 8 6 99
16 33 93 73 49 14 28 2 78 48
17 23 58 56 26 58 30 8 61 77
16 8 35 53 92 9 61 68 29 52
42 9 43 64 87 2 95 92 90 78
53 29 34 90 76 32 54 49 30 72
48 100 9 53 82 77 24 93 78 85
73 83 66 6 52 37 29 71 7 8
43 10 26 11 86 53 74 75 12 56
83 37 82 77 88 44 33 92 26 30
54 84 35 10 89 54 88 41 13 72
54 88 11 45 56 52 28 78 28 68
41 50 27 39 98 16 44 47 37 16
7 84 38 22 52 34 7 93 78 58
58 52 19 14 61 37 86 13 89 17
23 90 67 41 47 29 53 71 44 46
61 18 30 85 50 97 8 58 67 5
14 28 99 79 15 65 23 40 71 6
87 19 28 84 19 29 11 74 31 27
66 81 41 65 42 34 61 83 66 4
32 67 38 97 29 75 13 84 92 31
68 75 34 97 7 23 6 22 13 54
45 97 33 79 89 74 54 36 78 48
29 2 67 5 78 85 69 26 44 28
9 25 27 46 28 83 57 76 88 39
29 49 71 32 65 62 84 14 77 39
66 64 26 37 10 5 52 95 10 47
39 99 97 98 20 11 72 60 52 42
11 28 55 40 17 10 38 60 84 41
Size
5 5 6 5 4 3 2 9 6 8
3 5 3 10 1 1 4 3 5 1
8 4 1 2 3 7 7 9 8 7
5 3 9 2 7 3 10 5 8 3
4 6 8 4 10 1 7 5 10 10
5 5 8 5 8 6 10 6 3 5
9 2 2 6 3 6 5 4 5 7
7 3 4 2 10 1 1 1 4 1
1 2 5 6 3 5 2 9 6 8
8 6 10 1 8 2 5 10 10 2
7 8 5 6 2 3 9 6 1 1
2 8 8 5 9 9 7 7 2 5
2 10 1 6 9 2 3 5 9 3
5 6 7 9 2 4 4 7 7 9
6 9 7 1 8 9 10 5 10 9
6 7 1 2 2 4 4 7 4 5
2 10 4 1 9 2 6 10 4 3
10 5 7 6 7 4 7 1 7 7
7 7 8 9 8 1 1 6 6 7
2 7 3 3 9 10 10 6 2 7
4 7 1 9 2 2 6 9 2 8
6 1 8 5 6 10 7 3 3 8
9 9 5 9 10 6 10 6 7 8
7 2 10 10 3 8 8 1 10 6
6 5 10 10 10 4 5 10 2 4
9 8 5 3 4 8 3 6 2 7
10 5 9 3 5 8 3 8 9 2
2 6 3 5 5 3 6 9 4 4
6 2 3 1 6 2 9 2 5 1
3 5 2 10 2 4 8 6 8 6
