n 30
m 10
cap 20
Processing
58 7 98 82 94 63 56 54 81 11
15 78 90 78 43 35 84 17 27 14
93 85 50 17 77 100 57 16 93 43
31 63 87 16 23 64 98 39 33 69
11 7 100 83 92 69 19 53 74 73
27 81 66 18 68 58 56 47 47 62
25 95 70 26 80 30 61 50 7 50
58 45 84 69 53 56 73 28 83 88
76 87 88 96 37 54 46 76 9 66
39 14 43 62 49 73 99 10 18 5
53 20 37 22 40 40 83 5 10 48
14 14 39 7 6 36 17 48 4 88
54 75 90 70 80 79 88 70 79 73
43 79 13 25 17 24 9 12 46 23
3 88 65 10 78 19 47 28 3 13
44 27 25 19 84 69 71 71 25 68
8 71 16 63 45 69 28 97 33 18
33 17 56 51 33 84 11 41 51 11
45 32 54 19 99 37 61 69 53 16
6 24 34 2 67 7 60 81 45 83
45 76 87 81 30 74 55 70 74 98
36 63 1 61 92 82 4 61 85 78
54 54 40 22 35 37 64 93 32 45
28 42 51 30 99 17 88 11 34 82
97 70 45 37 48 70 3 85 88 93
89 69 80 3 59 46 16 35 17 90
26 39 72 3 46 49 7 70 32 44
48 68 77 51 4 69 47 4 42 85
36 97 91 84 58 8 12 85 73 18
9 7 28 95 24 73 12 8 15 85
Size
9 8 2 10 9 8 8 7 10 8
3 5 7 7 8 5 7 5 1 4
9 4 8 8 8 10 9 4 7 4
7 9 8 5 9 8 7 1 4 7
2 6 8 7 10 1 10 3 9 5
9 6 5 8 7 10 1 3 6 6
10 9 6 5 3 6 8 7 5 6
3 5 3 9 10 4 9 8 2 10
1 2 2 2 2 10 3 3 4 6
6 10 5 4 9 6 4 6 8 7
7 2 8 7 5 1 2 1 3 2
4 4 5 1 9 8 10 2 6 8
10 5 2 10 6 4 4 2 2 6
4 2 9 3 4 1 8 9 4 8
7 1 4 3 8 8 1 10 9 9
1 10 8 10 10 1 9 5 1 9
5 8 4 7 8 4 8 9 6 1
1 3 10 8 3 2 4 3 9 1
2 7 1 6 9 10 8 6 5 9
3 3 3 5 3 7 1 3 2 9
8 9 6 3 6 6 3 5 6 6
8 8 9 6 9 7 8 1 5 2
2 9 9 7 8 2 1 8 5 6
7 8 9 3 4 1 2 4 8 7
5 6 6 2 8 2 3 4 4 6
1 1 7 3 10 3 9 6 6 6
5 1 8 1 4 10 7 1 1 8
6 7 6 4 4 2 10 10 9 7
4 7 10 7 1 9 1 10 3 6
6 3 8 3 7 2 10 3 1 6
