n 30
m 10
cap 20
Processing
44 18 46 90 44 81 91 15 99 53
80 29 30 40 58 39 17 59 44 85
88 92 59 30 83 65 51 78 5 88
2 62 30 3 55 32 9 14 17 18
6 35 69 47 14 48 98 71 97 62
31 35 24 50 24 37 92 88 34 77
89 10 85 97 2 21 8 68 36 3
13 82 56 15 70 74 87 85 48 35
38 61 92 3 64 83 30 77 51 15
57 50 96 11 70 39 78 24 6 1
75 60 72 5 100 58 70 64 69 45
66 7 10 3 35 29 38 24 45 32
49 29 97 27 55 36 62 16 36 74
85 46 7 69 100 83 72 85 51 41
93 36 72 88 5 84 46 37 7 58
82 82 87 36 34 99 63 22 34 70
49 19 42 26 53 47 67 11 49 17
2 73 77 85 47 75 23 81 37 86
21 75 83 31 58 36 34 46 67 95
8 66 1 96 36 1 29 82 43 26
1 41 35 78 6 72 9 38 82 24
24 96 90 99 86 50 48 31 86 39
55 28 38 95 57 37 79 13 77 49
42 62 22 41 15 45 31 48 76 34
26 37 97 56 67 13 92 71 72 78
50 73 63 64 71 53 6 52 22 79
79 58 16 19 70 50 29 70 27 15
18 40 71 69 35 81 90 97 7 34
97 61 13 45 63 10 27 62 66 8
65 45 70 94 12 25 92 11 43 5
Size
8 10 1 7 7 2 8 10 9 9
6 9 10 8 8 5 5 7 8 1
6 4 4 2 5 3 8 5 6 1
9 10 3 3 9 5 7 4 6 6
6 3 5 1 4 3 3 9 4 4
7 4 3 10 10 4 7 7 1 8
5 4 4 7 5 9 8 6 6 3
9 1 3 3 7 4 6 1 4 7
9 2 8 6 4 10 2 3 7 10
7 5 4 4 3 4 1 10 10 6
7 8 9 10 3 7 4 1 9 6
5 8 8 8 5 1 7 6 4 8
5 2 8 8 3 2 1 1 4 6
4 9 10 6 10 10 8 5 8 8
5 1 4 9 4 3 5 6 6 1
6 6 1 1 8 4 3 4 10 5
4 1 10 1 10 8 5 8 3 7
9 8 9 8 9 8 2 7 8 5
3 4 7 1 4 6 10 5 4 10
7 8 4 2 2 3 8 9 4 2
4 4 5 8 10 10 1 2 1 6
9 3 5 9 3 7 10 8 7 2
5 2 5 7 6 8 4 2 1 7
5 2 2 8 2 1 3 1 8 2
7 2 1 7 1 6 5 5 6 3
4 5 3 9 10 7 10 5 2 6
7 3 8 1 2 4 4 3 5 9
6 9 1 9 3 9 1 2 5 10
1 3 8 8 8 5 7 6 9 2
6 2 1 1 2 2 3 9 3 3
