n 30
m 10
cap 20
Processing
40 24 52 81 60 65 4 88 78 50
23 27 73 35 99 37 9 77 17 19
34 33 97 94 75 69 47 95 25 86
98 7 37 69 16 50 22 40 46 27
10 79 77 42 29 35 25 75 3 88
66 40 4 76 52 68 65 11 11 9
18 33 71 87 38 48 10 8 34 18
21 85 99 86 100 99 38 55 28 44
18 5 30 1 31 3 48 52 42 35
47 100 43 25 86 8 29 19 62 40
84 35 15 30 67 30 20 76 42 32
27 16 69 71 21 65 71 79 19 58
58 14 76 60 66 48 25 8 79 58
76 84 71 38 20 30 45 40 80 98
58 68 80 36 98 44 70 79 74 36
70 82 95 59 62 35 44 97 49 67
47 38 11 13 30 77 3 59 40 96
2 75 27 34 85 99 12 86 85 37
32 19 5 34 3 79 71 52 3 77
42 12 63 89 96 50 25 24 9 87
80 5 42 23 88 79 60 42 53 4
51 21 20 55 67 49 38 79 88 63
84 33 94 14 3 71 70 93 88 86
4 46 39 67 95 19 30 32 36 47
95 67 78 96 41 28 81 66 16 80
54 88 71 83 89 62 1 24 26 40
92 29 10 93 85 42 40 43 14 54
23 72 67 19 72 5 94 93 87 69
27 7 87 35 10 54 48 69 97 73
42 50 81 14 67 48 94 40 4 88
Size
6 6 1 9 2 3 5 9 7 7
3 8 4 8 4 7 2 1 2 6
9 3 1 10 2 9 10 9 4 10
7 3 3 7 8 3 9 10 4 2
8 10 10 3 2 3 9 4 8 2
5 2 9 4 7 5 10 8 2 6
2 9 7 1 4 5 6 8 4 7
7 3 2 2 1 2 3 1 1 9
5 6 8 4 3 6 3 2 10 9
5 8 7 1 4 1 5 3 4 3
1 5 6 8 6 4 3 8 3 8
9 6 6 4 2 3 6 10 7 6
1 6 5 8 2 8 3 3 10 4
1 3 8 4 3 9 3 8 4 6
3 7 6 7 3 5 4 10 9 2
2 2 3 4 6 5 5 7 2 7
5 5 9 5 4 3 6 1 7 6
3 1 9 8 2 5 3 1 7 5
1 6 5 4 9 3 9 2 4 7
4 4 3 6 4 10 7 5 8 4
7 4 9 5 3 10 2 7 5 3
7 3 7 5 8 8 10 2 5 1
2 1 2 7 9 3 9 6 10 9
6 9 4 5 4 4 9 5 1 2
4 6 2 6 5 2 1 9 1 3
5 6 10 10 5 8 6 2 2 5
3 10 4 8 2 8 6 3 5 2
5 8 2 10 10 7 5 4 8 8
5 5 7 3 2 3 6 7 1 3
2 6 8 8 1 2 2 10 3 5
