n 30
m 10
cap 30
Processing
54 38 42 28 60 27 3 17 39 88
57 56 24 8 1 88 36 65 23 44
66 69 17 37 5 76 59 56 6 83
85 94 70 75 23 61 70 78 69 87
4 42 35 66 83 79 11 63 10 44
18 77 93 64 39 2 42 20 13 19
3 38 90 58 23 86 58 41 23 18
74 49 21 98 35 90 89 85 23 53
51 72 43 14 32 86 34 86 32 43
44 89 84 22 16 86 39 45 98 21
57 25 72 47 17 48 44 3 19 64
47 97 12 60 97 22 34 79 57 57
81 5 74 1 1 36 43 70 76 28
99 58 48 99 50 81 61 17 92 88
58 33 46 92 22 36 67 22 34 6
3 53 63 74 99 36 50 52 83 52
56 6 89 25 21 50 4 65 51 29
83 69 31 87 77 13 14 79 36 3
62 2 36 48 89 43 70 11 23 58
19 17 58 87 11 15 62 5 98 40
19 86 80 75 82 5 98 18 67 70
2 94 97 57 51 41 35 52 22 11
10 42 69 22 85 78 8 45 55 94
24 38 39 65 62 96 45 65 11 69
75 89 27 19 58 27 45 71 91 1
92 64 51 52 86 54 3 31 38 56
86 55 73 97 91 46 30 82 2 16
6 83 33 52 20 62 34 75 67 19
98 78 52 4 86 27 27 68 82 16
39 41 21 100 46 63 69 83 98 79
Size
7 10 10 5 7 5 8 3 5 4
9 5 4 5 10 8 10 10 3 7
8 2 10 2 1 7 3 4 5 2
4 3 3 9 4 6 7 1 7 3
4 4 8 6 7 9 2 6 9 4
4 1 6 5 5 1 9 6 1 8
9 10 4 5 10 1 8 8 1 4
2 2 8 3 2 5 3 5 1 9
6 5 4 2 8 4 3 4 2 3
3 1 6 4 4 10 3 6 10 7
7 7 3 4 8 3 4 3 7 4
10 6 9 4 9 7 10 5 9 8
10 9 9 7 2 8 6 5 3 7
8 3 9 8 2 2 2 3 9 7
5 5 7 5 4 7 1 2 1 2
4 8 2 1 6 9 8 2 5 4
6 9 8 6 2 2 4 5 8 6
1 9 7 10 7 4 3 8 10 5
7 5 4 4 1 7 9 7 5 6
7 10 3 3 6 1 9 4 9 5
9 4 8 6 8 5 5 2 3 5
9 7 8 6 8 5 5 8 10 7
5 10 10 8 9 4 3 8 5 6
8 9 1 6 5 4 7 6 9 4
10 10 2 6 7 7 7 6 4 7
1 7 5 10 9 4 7 4 10 1
8 2 6 2 5 4 1 7 4 1
2 9 3 3 1 3 6 8 8 8
7 10 8 10 9 3 5 1 4 3
4 8 7 6 1 2 9 9 8 3
