n 30
m 10
cap 30
Processing
64 55 55 77 88 64 45 74 79 40
9 23 77 92 46 33 92 84 31 77
43 36 81 71 44 91 53 50 87 6
55 11 21 3 18 73 35 35 63 61
40 25 24 82 63 8 39 36 79 59
40 17 81 48 13 81 74 87 38 93
70 62 43 89 96 52 55 98 47 73
68 70 98 55 81 42 87 99 36 18
58 36 4 39 84 87 8 39 83 7
36 64 45 50 67 39 36 47 28 64
55 35 97 27 75 15 26 39 80 72
100 85 75 92 1 15 77 55 83 48
5 67 30 95 21 58 91 60 98 90
58 59 87 82 20 3 42 8 71 35
20 40 86 43 82 12 66 11 44 56
99 59 14 86 75 34 81 43 95 67
52 91 85 1 47 100 23 18 20 36
39 84 73 99 12 64 7 63 13 23
99 97 80 85 10 62 63 53 57 13
86 81 30 100 76 35 37 92 17 84
21 76 86 11 3 42 38 65 100 41
22 24 62 17 18 59 94 32 54 63
53 29 69 7 92 39 77 50 16 68
42 44 79 73 30 89 80 1 24 96
5 61 20 80 69 37 70 79 34 79
34 72 76 6 24 37 79 55 48 2
91 93 35 28 6 64 26 80 38 75
100 61 61 74 54 81 89 58 17 48
39 78 18 69 40 10 24 100 79 72
63 17 61 57 42 36 41 51 26 10
Size
3 7 2 1 10 3 8 1 3 9
3 5 9 4 2 4 5 10 6 1
7 5 8 1 4 10 1 1 9 2
6 10 10 6 3 1 8 3 4 10
1 10 2 7 3 1 1 8 6 7
2 5 7 3 3 3 3 5 4 7
3 7 8 10 9 8 8 8 10 2
1 2 4 1 9 1 9 10 3 5
8 7 1 4 3 7 3 10 1 10
1 1 3 6 6 6 6 9 7 9
8 6 2 3 3 1 3 8 5 5
3 3 1 9 6 8 3 7 3 5
6 6 10 4 6 8 10 4 5 4
8 5 5 5 8 5 8 9 6 1
9 8 8 4 7 2 4 8 4 8
8 8 4 10 9 5 8 10 4 8
2 2 10 3 10 1 1 9 2 9
8 4 3 1 2 1 8 9 7 5
10 9 4 5 8 2 10 6 1 9
1 1 1 7 3 3 2 9 9 5
8 6 3 2 1 6 7 3 8 2
7 8 7 9 1 2 10 8 4 4
2 8 2 6 5 4 9 1 7 9
8 3 5 3 7 5 7 9 2 1
6 7 6 2 9 3 10 7 2 5
10 8 7 8 2 6 5 6 7 2
3 1 7 10 4 3 3 7 7 3
2 9 3 10 3 3 3 1 7 2
2 6 1 8 8 8 2 5 1 5
2 10 2 4 7 7 9 4 3 10
