n 30
m 10
cap 30
Processing
84 31 40 24 31 33 83 75 77 20
52 82 23 20 84 54 68 33 45 30
59 4 9 75 79 56 98 21 21 42
58 9 96 60 14 92 97 99 53 43
33 26 83 71 64 61 53 99 67 100
48 79 25 97 95 30 4 33 12 30
80 79 15 92 2 31 9 8 36 63
69 24 63 4 11 91 10 96 74 59
11 96 35 24 28 46 20 21 3 93
63 82 28 45 73 63 88 9 49 76
73 97 71 28 67 55 58 65 1 7
33 95 83 54 13 22 57 50 97 9
40 52 46 71 41 70 11 33 26 96
88 22 65 66 3 51 35 17 1 81
50 13 56 11 95 23 63 68 3 90
7 35 44 67 77 78 38 11 89 32
53 52 93 85 32 100 70 21 65 1
41 89 22 96 34 42 79 95 50 66
88 9 70 18 98 34 96 25 77 7
10 43 24 8 69 38 3 38 1 94
28 54 48 33 69 42 84 79 5 33
32 75 94 63 18 18 10 73 81 25
50 84 1 71 38 22 95 68 18 50
78 52 93 46 86 65 38 3 22 62
32 4 39 4 86 15 70 37 99 95
65 54 88 48 96 17 67 13 84 67
79 12 63 80 75 27 41 11 44 20
77 16 86 23 36 91 42 14 40 44
16 36 56 91 11 15 50 94 46 68
80 49 56 5 68 22 54 36 35 23
Size
10 5 6 1 10 9 10 3 9 10
3 2 1 1 6 8 3 10 5 10
3 6 9 7 1 5 9 10 10 6
6 3 1 9 1 9 6 4 1 8
8 7 2 9 1 2 10 1 4 4
5 3 4 2 1 3 10 6 9 4
10 4 6 3 2 5 8 6 9 3
4 10 4 8 4 3 2 10 7 3
1 7 7 9 4 1 6 1 7 6
5 3 9 7 1 10 3 3 5 2
9 5 5 3 9 9 4 10 9 1
4 6 9 1 2 3 9 3 3 9
4 8 4 9 1 5 9 5 10 6
1 4 8 4 9 1 5 4 8 2
6 9 4 3 6 10 4 1 9 6
7 4 5 2 2 5 9 4 2 3
5 5 10 7 1 3 10 9 10 10
10 8 1 5 8 4 6 10 5 3
5 4 3 7 8 9 10 7 7 6
5 7 8 4 8 7 6 8 5 10
9 3 10 5 3 5 9 4 9 7
8 8 10 9 10 10 3 4 3 2
6 3 4 3 4 3 7 6 3 4
4 3 1 10 4 7 8 10 1 8
8 3 6 1 5 4 7 10 5 10
6 2 4 2 1 9 5 8 5 6
9 7 2 6 9 2 2 8 2 4
10 4 7 3 6 10 9 5 6 2
1 9 9 4 6 2 8 6 2 1
2 6 7 10 5 10 5 4 2 4
