n 30
m 10
cap 30
Processing
89 98 28 98 39 38 69 21 14 43
28 27 67 37 77 33 82 45 38 27
15 71 42 44 94 28 13 66 41 29
9 17 69 99 60 19 14 65 35 23
6 7 43 14 77 46 91 82 28 100
69 35 60 48 71 99 98 27 54 57
45 15 83 74 92 56 43 76 11 90
32 67 100 74 20 84 14 11 65 24
61 60 18 97 84 31 82 22 99 71
78 27 93 95 55 100 69 90 16 46
68 19 52 95 5 93 84 90 10 21
41 30 46 19 83 63 100 89 68 7
80 27 14 96 64 82 85 17 29 60
50 93 6 94 66 40 27 76 25 93
28 17 94 100 4 38 5 31 6 15
62 25 44 7 25 30 42 74 78 89
54 48 92 25 68 18 34 7 9 18
8 48 64 3 73 22 66 46 58 34
18 19 23 83 5 17 40 98 87 70
61 7 16 46 97 86 80 6 86 87
66 24 7 92 35 91 55 15 47 26
19 74 56 8 68 100 62 68 11 54
56 58 84 80 5 21 16 44 27 40
97 39 69 3 25 27 84 37 1 97
51 57 35 51 47 24 37 95 47 33
35 19 45 28 5 12 6 28 58 40
21 21 4 17 7 18 46 28 61 66
95 31 40 16 37 78 42 74 41 44
77 32 53 54 52 26 66 9 60 95
29 89 59 45 69 35 31 69 29 43
Size
4 3 10 1 7 7 1 9 5 4
1 1 5 8 9 10 6 3 8 10
3 4 8 7 6 6 6 2 1 5
5 7 6 1 2 10 1 8 9 5
8 5 7 7 9 1 10 7 1 1
10 2 9 8 3 9 10 8 4 3
3 4 6 1 6 8 1 5 10 2
5 10 3 8 7 7 6 10 1 5
9 2 3 7 5 5 9 2 2 7
3 7 3 2 1 1 4 5 5 7
5 8 4 3 1 9 9 8 8 4
6 8 2 3 8 3 2 6 10 7
1 7 9 2 1 4 8 9 8 5
2 10 7 10 10 1 2 2 3 8
6 3 1 2 8 10 9 1 1 8
1 10 8 6 2 4 4 10 9 3
4 10 3 2 1 3 3 3 10 7
6 6 7 4 2 10 4 8 6 8
7 3 1 8 6 5 6 7 10 5
4 10 5 6 3 3 8 10 4 2
3 8 1 5 7 5 5 9 10 4
8 5 6 8 7 7 10 1 5 9
9 10 1 4 7 1 2 1 6 3
4 9 6 4 7 6 4 4 8 10
6 6 8 1 8 3 7 9 6 9
2 9 4 5 7 3 8 9 7 4
2 5 7 8 6 4 3 2 4 1
4 1 2 1 2 3 7 2 6 1
7 2 7 7 7 4 8 3 6 8
5 4 10 1 4 8 6 10 2 1
