n 30
m 10
cap 30
Processing
31 100 98 33 5 96 80 50 70 2
72 71 96 7 42 17 35 71 69 33
68 39 11 43 45 70 83 72 29 35
28 47 94 4 48 53 80 79 50 90
43 29 63 46 98 15 51 76 3 43
96 51 63 22 25 23 48 99 53 75
69 80 7 39 35 72 24 30 76 100
74 37 43 22 10 6 54 21 59 62
33 96 8 20 60 44 2 38 73 11
34 41 29 41 84 96 100 54 66 35
96 67 23 15 49 16 19 37 29 46
34 31 60 46 49 65 23 45 59 86
30 46 82 88 45 52 69 51 15 59
7 73 38 5 15 65 96 4 75 2
6 38 17 77 74 77 71 31 96 70
13 33 39 49 62 8 4 98 17 60
73 91 59 91 76 68 90 75 85 69
65 39 33 46 68 26 96 53 30 71
4 93 34 61 25 19 29 100 72 67
96 82 57 31 37 39 47 42 48 49
67 74 50 29 12 32 24 33 41 31
87 33 50 33 86 68 86 1 8 89
32 45 49 91 48 32 59 59 31 20
35 44 78 77 87 15 20 23 62 86
91 32 73 81 25 91 82 56 18 54
90 44 82 13 31 41 67 43 45 15
70 77 90 70 19 92 53 14 64 4
16 100 71 80 75 44 70 57 55 45
44 57 44 50 67 76 14 45 56 16
71 34 25 22 92 58 42 18 79 86
Size
1 9 8 2 8 2 2 4 8 4
9 10 9 9 8 8 5 8 3 4
10 3 6 7 10 10 5 9 9 7
8 4 2 5 9 8 5 1 7 5
1 6 9 10 2 4 5 10 4 1
7 1 7 3 8 10 8 2 3 9
8 6 4 1 8 9 6 5 2 10
7 2 5 5 6 3 3 6 5 7
7 2 10 5 8 2 9 5 6 3
6 4 5 3 6 6 10 10 4 6
10 1 10 4 6 9 2 7 2 9
5 4 7 4 1 5 5 4 6 4
4 7 5 1 5 8 4 4 10 1
3 4 7 1 5 4 6 2 2 8
4 7 1 4 4 5 1 4 3 3
8 10 6 5 7 7 7 3 4 10
5 3 3 9 2 1 5 3 3 7
2 4 2 6 3 3 1 1 8 8
10 1 6 9 4 3 5 6 1 2
5 6 1 9 10 8 9 2 6 1
1 10 9 4 10 7 5 4 9 4
8 1 6 7 7 9 9 9 3 5
1 8 6 1 2 4 2 7 9 7
3 1 5 4 5 7 2 4 2 3
5 10 9 4 8 10 2 7 9 10
1 4 7 3 6 10 1 1 2 5
7 3 6 6 6 3 7 2 3 8
7 6 9 10 8 10 4 6 7 1
8 6 3 10 1 4 8 2 10 7
6 5 2 4 10 8 8 3 7 6
