n 30
m 10
cap 30
Processing
94 37 18 90 27 13 7 58 74 78
53 66 5 43 24 58 80 79 13 46
4 50 64 38 34 17 22 8 3 33
17 5 46 69 9 4 61 98 37 56
56 15 67 86 57 97 13 11 91 89
62 10 11 99 74 45 22 22 7 78
46 73 78 49 89 92 78 19 9 62
2 91 70 15 31 37 70 21 22 70
91 15 80 44 55 74 38 39 30 62
10 40 39 52 58 8 11 15 55 95
70 8 50 32 14 82 74 3 60 75
3 53 74 89 52 13 12 51 60 52
92 39 94 53 88 36 66 40 95 20
95 87 51 14 93 13 73 60 69 20
63 35 3 31 93 83 29 60 82 75
15 42 98 17 64 56 30 100 75 75
5 98 60 67 92 36 67 3 75 26
75 35 74 35 31 50 83 83 69 8
85 16 53 81 17 60 19 98 33 5
90 50 11 82 20 40 93 13 70 62
24 73 67 58 78 49 6 38 65 89
29 17 19 35 40 37 29 13 53 51
74 9 69 81 69 99 21 63 81 51
52 21 79 22 20 9 92 57 87 100
5 82 16 75 5 64 49 79 52 7
48 18 2 29 91 60 84 3 38 96
69 93 81 3 20 65 65 82 86 89
10 12 89 89 62 99 89 87 95 85
69 88 79 16 11 47 38 54 47 89
82 96 50 13 47 65 99 74 22 32
Size
2 10 9 2 5 3 7 8 7 10
7 9 7 2 1 8 1 10 10 10
9 6 9 9 10 10 10 1 9 5
6 9 10 8 2 2 9 8 3 7
1 2 8 4 4 2 10 7 8 4
2 8 7 10 3 1 4 6 9 3
5 8 5 4 1 5 10 3 3 10
5 3 1 3 10 3 5 8 7 6
9 7 3 2 9 2 4 2 8 5
2 10 5 8 6 8 2 6 4 4
5 4 4 7 1 8 2 6 6 4
4 9 4 4 2 2 1 10 10 8
1 3 1 9 3 5 7 8 8 1
2 1 10 3 1 2 1 5 9 4
10 10 2 5 4 9 10 3 4 5
10 6 1 1 1 5 1 8 3 9
7 10 8 7 4 8 3 4 9 10
5 4 1 6 2 5 10 5 9 7
2 3 9 5 10 2 2 4 4 3
4 3 8 8 10 10 9 9 6 2
3 10 3 3 6 10 1 4 3 3
2 9 10 8 9 2 3 7 10 2
4 3 8 3 9 7 3 9 9 4
4 3 5 1 8 9 6 9 7 6
7 8 1 8 10 8 9 10 3 5
4 8 5 3 9 2 9 1 1 5
1 1 1 3 2 1 4 9 3 2
10 10 2 4 9 9 10 9 6 4
5 9 1 9 7 10 4 2 1 4
2 8 5 7 3 9 1 8 8 8
