n 30
m 10
cap 30
Processing
70 47 71 96 27 1 11 6 42 55
100 32 84 33 77 30 32 89 8 29
60 8 13 11 10 2 39 63 69 45
15 100 6 43 64 54 85 48 66 6
42 81 88 67 34 25 39 87 60 65
91 30 17 21 73 94 89 31 76 13
96 5 31 48 35 10 83 14 75 33
99 1 72 36 69 7 94 88 61 16
6 5 89 32 83 38 33 39 94 69
88 38 79 70 36 75 3 48 40 97
57 44 93 37 57 94 91 21 44 44
18 94 14 97 75 8 21 22 18 100
25 70 90 55 51 62 97 23 90 89
55 20 23 17 51 90 12 36 82 90
66 11 23 30 4 56 84 17 52 4
25 72 18 77 10 12 46 87 4 49
92 99 28 92 84 18 5 94 42 23
43 52 94 22 27 93 75 78 24 10
93 35 90 36 12 65 35 11 75 75
34 31 68 34 54 1 7 72 95 45
23 47 34 47 87 38 42 59 12 69
99 49 66 93 81 18 93 20 8 74
48 8 76 25 28 62 79 19 100 61
88 71 81 40 98 18 33 88 94 48
21 1 56 16 22 69 12 21 23 52
57 3 54 36 20 1 65 84 26 49
45 23 84 100 84 29 69 10 87 78
89 94 50 52 9 81 38 84 1 39
48 73 71 9 93 49 53 94 61 6
9 50 86 60 68 68 15 70 39 19
Size
8 6 7 1 1 9 8 7 4 9
9 7 10 10 9 4 6 7 9 1
6 2 6 10 1 8 9 1 1 9
4 3 4 2 5 6 9 2 4 5
4 6 9 10 7 1 3 7 2 10
6 3 3 5 5 5 2 3 10 10
6 1 5 5 8 8 8 4 1 1
10 5 2 3 2 2 4 7 3 3
7 8 8 10 2 1 9 3 9 7
7 4 3 7 9 8 9 7 3 6
7 6 3 1 3 5 8 3 7 1
2 7 4 6 10 4 5 3 7 4
9 5 6 1 2 2 2 4 10 7
2 7 9 8 1 5 7 1 10 10
10 10 9 7 1 9 7 4 8 10
2 4 5 8 10 6 8 6 6 6
2 8 10 5 8 8 10 9 4 7
7 9 10 1 2 4 7 2 8 1
7 10 7 6 7 5 6 8 3 3
5 10 4 9 3 2 6 1 2 10
9 8 1 2 9 8 6 1 5 5
3 9 3 4 3 4 10 5 9 4
7 1 9 3 8 3 3 1 8 3
1 8 10 1 5 10 7 10 1 7
10 8 10 9 7 5 6 4 9 9
2 10 1 4 4 8 9 3 10 10
3 5 1 6 7 6 7 10 3 5
6 1 3 5 4 8 6 10 5 4
2 4 1 6 8 7 6 1 1 2
2 4 6 6 6 3 7 6 9 9
