n 30
m 10
cap 30
Processing
27 1 100 15 80 89 13 84 93 51
92 15 96 60 5 50 36 50 54 51
18 79 79 19 76 53 88 10 13 30
48 98 81 45 75 59 58 49 82 49
80 53 92 43 10 42 6 52 88 18
2 5 11 54 59 19 43 76 45 33
27 95 36 2 62 99 78 66 79 65
27 94 85 24 27 27 75 28 36 73
94 43 90 51 65 96 3 34 11 36
3 89 5 48 19 65 40 90 13 46
79 60 9 6 75 84 5 40 83 91
40 58 49 59 56 30 34 15 52 11
11 52 80 44 100 58 64 22 55 100
49 6 16 79 71 10 75 67 84 19
76 87 92 81 69 64 24 11 5 66
21 92 28 16 86 11 26 54 95 4
41 57 20 78 55 62 95 31 59 69
92 42 38 60 44 19 27 87 33 25
28 50 86 28 33 88 25 2 37 82
76 14 29 50 79 25 64 31 62 45
72 59 24 77 74 43 38 2 26 16
51 71 49 34 51 59 85 81 62 90
1 61 91 3 5 69 42 17 88 67
27 56 38 65 44 26 13 20 66 92
8 91 63 48 33 83 42 40 50 10
63 72 52 22 88 47 85 85 18 36
8 96 33 75 25 2 96 66 73 60
17 38 33 6 47 59 87 81 37 54
72 32 7 21 66 51 27 48 86 40
28 24 68 41 12 19 63 43 27 100
Size
4 10 9 6 1 9 9 5 9 5
9 1 3 10 7 6 9 4 3 4
8 7 8 10 2 1 5 4 9 6
9 6 3 3 7 5 8 4 10 8
3 4 7 6 7 7 2 6 5 5
2 1 1 6 4 6 8 1 2 6
3 4 6 6 9 3 1 4 4 10
4 2 8 9 10 2 6 8 2 9
4 4 10 2 9 10 7 9 1 4
9 5 10 1 8 4 2 4 9 9
7 2 10 3 5 3 10 10 9 1
9 10 10 10 10 3 9 9 3 2
10 6 2 7 5 8 5 10 6 4
2 8 6 10 2 8 6 7 10 2
1 3 7 4 9 1 6 8 1 7
5 2 2 4 8 7 10 3 7 4
5 9 8 2 10 5 1 7 8 1
9 10 9 5 7 8 1 4 2 9
1 10 9 5 1 8 5 2 3 4
9 3 3 1 7 2 9 10 4 9
3 8 6 9 6 10 9 10 8 1
10 6 9 9 7 5 8 7 9 8
4 6 1 2 10 5 1 1 7 10
1 4 6 9 4 4 7 3 2 8
7 3 9 7 10 1 4 8 3 4
4 4 10 8 9 6 9 1 3 10
4 3 7 5 5 3 2 6 6 6
3 6 2 7 9 4 9 5 3 10
1 3 2 9 1 4 8 5 6 1
4 6 6 5 10 4 2 6 4 2
