n 30
m 10
cap 30
Processing
63 16 67 1 45 19 44 38 84 6
98 22 19 13 57 41 65 80 60 95
76 23 96 36 91 8 26 9 78 17
62 98 77 3 9 47 86 36 26 44
86 79 62 2 92 54 10 68 43 72
99 19 45 99 43 57 33 50 99 31
77 16 35 98 30 45 80 87 95 11
80 50 26 71 30 48 44 58 96 33
69 22 99 50 86 12 28 74 33 18
57 18 43 41 86 7 40 21 67 44
11 15 37 17 86 33 51 1 32 98
11 31 81 32 12 79 4 27 10 18
17 34 66 35 40 89 88 62 74 12
59 10 47 70 99 99 84 14 67 19
78 40 21 27 76 34 96 78 24 50
91 36 92 16 29 10 96 95 80 70
5 62 25 78 77 91 66 28 57 34
81 83 62 36 26 70 99 66 26 25
69 35 3 37 99 98 23 6 92 51
51 31 20 16 28 100 53 86 95 100
42 31 28 6 10 87 43 2 69 53
20 6 89 88 74 25 41 11 41 78
17 77 23 6 99 45 26 35 27 86
15 49 76 82 90 76 76 84 28 57
52 91 1 5 50 36 68 14 74 62
21 100 91 66 55 12 26 25 37 63
2 64 68 10 97 4 22 38 72 45
87 35 72 94 77 96 82 15 36 20
24 68 88 9 59 21 35 60 12 22
45 53 71 13 61 13 45 49 37 39
Size
3 9 2 7 4 4 3 3 6 6
3 9 10 9 3 4 9 7 9 4
8 7 9 2 6 8 7 5 4 7
7 9 2 10 7 5 5 4 4 3
1 10 9 3 8 9 3 10 4 7
6 8 9 6 10 8 10 3 4 2
9 6 7 6 2 3 3 4 6 4
8 1 3 8 7 3 8 10 8 7
2 9 2 10 3 6 5 9 4 10
8 7 3 8 1 5 3 7 7 5
6 2 10 3 1 5 5 6 3 4
2 5 1 8 3 1 9 10 4 10
2 1 4 7 10 6 9 2 10 2
6 8 3 1 8 8 7 7 6 10
6 8 10 4 3 2 2 4 8 10
7 5 1 4 4 8 9 5 6 1
6 10 6 4 8 9 5 2 8 6
10 9 2 1 1 10 6 3 6 9
5 1 9 6 3 3 5 8 7 5
10 5 6 7 2 3 10 8 6 7
9 3 5 3 7 3 10 9 8 5
4 4 9 4 8 1 3 4 4 3
6 3 6 8 9 3 8 5 5 9
4 9 10 10 1 9 2 10 1 8
10 4 8 8 10 5 5 3 10 6
2 2 2 2 6 10 9 5 1 4
3 8 6 4 2 4 2 8 7 1
3 2 3 8 5 3 5 9 8 5
1 8 2 1 1 3 8 1 7 3
1 9 2 7 3 2 7 1 8 7
