n 30
m 10
cap 30
Processing
87 47 89 71 1 30 48 98 37 82
40 30 55 62 1 100 95 51 76 14
68 49 35 28 83 40 72 49 93 98
33 45 32 56 4 58 77 54 10 15
37 79 37 90 9 49 30 2 73 66
73 84 53 22 79 22 77 22 60 48
5 23 4 49 53 30 88 61 80 84
38 26 34 93 44 22 71 42 18 2
66 1 30 39 84 81 17 96 87 97
18 96 21 16 9 52 77 1 68 28
55 72 2 9 37 94 37 35 90 12
69 27 8 59 24 88 75 94 33 24
21 45 60 7 11 89 86 65 12 15
78 98 84 99 58 86 45 73 51 23
12 97 40 67 20 38 86 38 52 40
16 21 52 81 90 78 73 98 66 75
6 5 30 24 81 29 38 46 72 97
84 97 34 29 100 91 57 13 38 43
48 86 95 2 14 11 88 46 43 66
65 53 2 15 53 47 82 51 55 28
13 16 68 38 66 77 8 92 46 12
13 36 90 89 30 78 63 97 43 35
27 49 53 76 74 87 58 97 80 13
80 41 29 2 55 39 1 27 67 67
31 44 33 55 6 15 47 50 41 24
44 6 28 33 73 2 61 5 96 37
7 47 69 83 72 28 60 32 74 99
9 15 55 37 69 42 44 75 61 55
39 2 9 89 34 17 60 32 52 21
82 21 32 92 100 94 20 76 63 18
Size
10 6 4 10 8 8 8 8 10 1
4 1 3 1 9 5 5 9 7 1
7 4 2 4 3 10 7 9 6 3
2 5 1 8 3 5 6 5 5 5
8 8 9 6 6 8 7 8 4 9
7 4 2 6 2 8 6 8 1 4
9 9 3 5 1 9 3 6 7 6
8 7 9 8 6 2 2 2 10 6
4 4 6 5 3 8 1 9 8 3
3 7 4 8 3 1 5 3 2 1
2 7 9 5 9 5 2 7 1 9
5 2 1 8 6 8 3 5 6 9
7 5 8 6 9 7 3 4 6 6
4 6 10 9 3 6 6 3 8 2
3 2 2 2 3 4 8 9 7 7
1 6 8 3 1 8 4 3 4 5
5 4 4 6 2 8 6 5 5 4
3 8 10 5 2 9 5 3 1 2
2 6 3 10 8 9 3 4 7 1
6 1 2 1 8 7 8 2 10 6
4 7 7 6 1 6 2 9 9 1
4 3 1 9 8 9 3 2 2 7
1 8 3 1 4 8 8 7 8 4
8 7 9 9 8 1 5 8 1 5
3 8 2 3 10 1 6 3 9 3
6 3 9 9 5 5 6 10 3 9
10 4 7 3 2 4 5 9 2 6
7 10 8 9 4 5 3 8 7 10
8 2 6 10 1 6 10 6 3 7
5 10 5 3 9 10 5 1 7 7
