n 30
m 10
cap 50
Processing
15 31 43 98 3 78 98 39 52 44
15 65 26 91 30 30 50 99 53 74
74 85 46 48 62 100 2 88 44 92
22 47 47 7 98 5 20 37 91 72
50 89 85 78 30 57 57 42 83 33
76 57 54 72 42 44 75 48 75 7
42 41 3 65 58 17 20 58 30 80
4 67 5 46 5 27 75 60 70 12
17 33 5 14 22 64 33 91 83 78
12 94 25 79 2 19 94 85 87 44
28 12 18 49 85 85 69 74 22 43
97 21 77 29 8 92 21 5 35 60
92 5 3 90 28 78 26 91 26 49
25 81 76 63 47 78 75 80 22 16
94 57 65 38 36 69 27 63 67 99
2 86 36 39 56 39 20 47 19 51
92 77 93 96 69 71 24 98 96 44
9 26 73 39 48 21 94 66 45 27
69 87 36 27 18 67 48 29 89 58
67 87 11 51 44 17 96 69 87 4
76 10 29 96 15 65 23 99 88 24
95 71 94 1 57 60 79 80 69 14
89 91 65 24 37 45 72 25 76 9
91 24 95 85 68 67 31 95 53 71
30 70 43 82 50 89 57 87 53 61
27 72 77 4 88 39 31 27 40 74
20 45 12 45 66 34 12 84 47 60
24 49 56 43 31 59 23 28 60 12
85 34 13 45 31 71 92 21 80 80
30 35 74 12 30 76 6 42 26 23
Size
1 5 7 6 4 1 6 3 3 3
3 10 9 8 10 7 1 10 10 5
7 8 1 9 6 9 5 1 2 9
2 3 7 5 6 9 10 8 7 6
6 1 7 2 1 2 1 1 7 4
6 5 10 3 8 7 1 3 7 2
9 3 1 2 1 3 9 10 10 5
10 1 6 8 7 6 4 9 2 8
5 4 5 4 10 2 4 5 4 1
1 4 9 6 3 6 5 4 7 6
7 7 8 9 3 2 6 6 1 2
5 4 10 6 8 8 2 6 2 1
3 9 3 10 8 6 1 2 1 3
6 8 6 2 5 8 3 7 9 4
7 4 10 3 5 10 3 1 3 9
10 8 2 7 2 9 3 6 10 10
10 7 1 7 9 10 7 4 8 2
8 2 5 1 10 2 8 5 6 6
5 7 1 1 3 10 8 4 2 8
9 4 3 2 5 7 4 5 6 3
10 1 1 5 9 1 4 3 10 2
1 3 3 7 7 3 5 10 7 10
5 10 5 4 4 3 8 7 8 10
6 8 10 5 1 7 5 7 5 9
2 7 4 3 1 7 4 5 7 8
7 8 4 9 10 2 1 5 2 2
4 8 9 10 1 7 6 2 8 1
6 8 8 9 6 9 1 9 7 6
2 10 8 8 9 2 4 6 5 9
1 7 8 6 6 9 9 2 3 10
