n 30
m 10
cap 50
Processing
86 65 44 14 37 4 43 85 64 49
93 74 69 24 66 97 41 8 88 58
51 11 10 44 18 64 61 15 61 5
46 97 17 99 71 87 40 19 29 8
88 11 69 44 10 17 58 34 1 84
85 86 17 83 17 1 88 63 4 46
48 40 26 97 30 66 36 100 84 54
75 84 75 75 51 2 40 19 14 31
20 77 73 6 38 44 97 58 83 29
69 92 66 33 72 71 46 37 35 83
83 12 9 60 91 52 7 100 4 91
64 3 90 43 48 74 44 76 6 72
5 93 4 49 23 41 82 28 97 35
8 36 14 28 72 21 62 69 64 56
39 89 40 4 54 30 86 90 8 17
20 29 64 75 9 51 93 8 60 21
79 17 25 24 43 43 75 46 62 23
48 89 93 91 29 12 84 51 4 9
52 59 6 31 56 8 1 89 74 67
78 60 8 46 63 41 40 7 86 60
27 89 56 47 82 91 80 90 39 93
36 64 5 12 57 7 72 74 70 78
55 3 83 46 32 69 47 62 36 52
7 57 77 12 1 48 64 100 10 13
25 38 97 46 54 61 64 88 24 100
42 74 77 37 37 41 41 72 25 22
97 33 23 71 94 68 32 94 84 34
28 97 13 69 15 93 71 87 12 60
2 2 68 24 99 36 54 92 55 93
14 82 83 98 31 91 12 66 18 2
Size
5 9 8 9 1 4 7 3 7 2
3 4 10 1 2 5 6 1 4 8
6 1 4 7 7 8 8 3 10 7
9 6 10 2 6 1 2 10 2 5
5 3 10 8 3 5 6 8 3 7
1 7 7 9 6 2 2 10 7 7
2 8 5 4 8 7 4 2 9 4
9 8 6 10 9 9 5 4 8 5
3 1 3 7 6 8 2 6 9 1
6 10 10 10 5 10 6 1 3 9
1 10 5 8 5 4 2 3 8 7
7 7 8 7 4 8 9 5 6 5
1 8 6 6 3 5 3 3 10 7
3 6 1 6 9 1 10 10 4 7
1 7 6 3 4 3 9 2 10 7
10 8 7 7 5 6 8 7 10 7
1 10 10 10 3 1 6 9 5 8
3 5 3 5 5 4 1 10 4 5
3 7 3 4 9 8 10 3 3 10
4 2 7 8 9 6 4 6 6 8
5 3 10 9 2 3 10 7 6 1
6 8 2 8 10 1 3 2 2 6
9 9 7 2 5 6 8 5 2 4
10 2 4 1 7 2 9 9 8 3
8 1 3 5 2 4 3 1 3 7
2 3 5 7 8 6 6 2 5 6
5 6 1 5 7 9 7 8 7 6
2 1 8 4 3 1 1 6 1 4
2 1 6 4 1 4 5 1 4 6
4 9 7 9 2 5 4 5 1 1
