n 30
m 10
cap 50
Processing
64 100 49 64 29 91 10 47 4 23
59 8 35 46 3 26 30 41 25 6
98 30 26 13 39 2 84 21 80 7
29 90 14 56 90 11 91 59 83 55
66 93 25 44 50 48 77 53 88 34
47 28 46 31 95 60 76 48 78 43
28 49 89 38 66 20 49 19 52 67
70 28 18 57 81 71 94 66 24 35
47 66 39 73 42 93 55 70 58 80
43 16 80 93 91 45 9 72 68 48
29 11 85 100 64 84 74 93 63 63
87 53 51 53 81 96 75 10 56 56
10 56 85 13 33 68 78 11 60 28
47 86 49 63 58 82 33 50 51 93
29 54 16 5 51 29 74 40 72 7
7 81 17 81 95 62 72 21 39 54
43 57 32 49 55 23 17 6 62 86
24 42 55 12 70 18 4 49 15 62
72 27 34 18 13 41 60 27 71 13
52 20 96 74 20 24 84 69 50 52
20 12 73 76 9 26 16 47 31 88
29 32 62 40 64 25 32 21 40 16
68 35 23 91 71 61 73 12 5 22
17 20 86 89 52 23 61 84 82 74
54 62 61 32 34 27 6 19 90 9
77 47 60 22 96 60 38 82 80 32
67 28 8 8 6 46 90 59 96 66
33 35 28 7 74 29 1 60 59 75
26 44 60 54 17 62 10 74 31 40
95 73 97 71 95 90 97 80 2 62
Size
4 9 4 8 6 5 1 7 1 5
8 6 4 1 3 7 6 4 8 7
10 4 2 10 2 1 1 8 5 5
10 2 6 3 4 9 5 8 7 10
10 9 9 7 6 3 2 10 4 7
9 9 6 3 1 4 4 2 2 2
3 1 10 1 8 5 8 4 3 1
2 1 10 10 7 10 6 2 4 10
2 2 8 1 2 2 5 5 6 6
7 3 9 9 7 10 1 2 2 9
7 1 6 8 7 6 9 10 10 2
7 4 1 8 3 7 5 7 5 9
6 4 9 4 5 9 4 9 6 8
9 10 5 1 9 8 2 3 2 6
4 6 7 3 10 6 7 6 4 3
8 2 8 5 8 7 8 10 9 6
10 2 8 3 3 9 1 10 2 7
1 8 2 3 5 5 10 10 10 5
5 4 1 7 9 6 4 6 4 10
6 8 5 5 10 1 5 1 2 4
7 10 3 10 4 1 4 10 1 8
8 9 10 2 5 7 5 4 1 4
3 3 4 1 7 8 7 9 1 8
2 6 1 8 3 3 7 5 8 10
7 10 2 4 3 5 1 4 7 6
6 3 3 7 6 10 4 2 2 9
7 8 6 7 10 1 1 9 4 8
10 10 5 3 8 4 1 2 2 10
6 10 10 7 8 8 9 10 9 10
5 1 5 8 1 6 3 10 7 1
