n 30
m 10
cap 50
Processing
78 50 39 37 21 56 98 40 44 30
33 68 85 78 19 21 4 26 97 33
64 39 51 93 15 80 79 61 27 95
71 45 46 18 33 53 54 5 61 74
70 97 77 5 15 75 57 20 56 12
10 9 64 52 36 10 98 62 25 27
60 21 94 79 10 70 48 49 83 66
87 98 47 5 80 17 15 34 33 47
91 80 35 96 55 30 96 20 13 55
47 48 22 91 15 70 85 29 45 70
24 44 50 67 93 79 48 100 6 85
64 71 50 68 24 78 76 58 32 49
93 87 69 73 60 27 46 95 84 37
44 1 59 80 82 79 39 43 19 87
54 4 77 90 76 17 75 75 15 78
71 94 26 1 10 49 13 81 83 24
24 92 9 53 91 54 32 96 71 100
78 71 30 11 38 79 63 11 71 92
52 13 60 30 68 94 3 20 7 83
14 8 52 54 27 94 41 30 14 23
29 84 3 31 40 75 87 42 52 10
68 13 43 13 5 50 75 34 38 35
57 17 67 18 4 41 68 76 39 40
93 38 85 37 67 25 47 65 80 15
49 67 20 24 77 18 78 19 1 57
93 91 66 40 61 43 46 85 49 97
17 52 50 69 89 44 43 92 14 34
97 57 70 55 30 53 96 32 68 79
38 30 54 75 87 25 42 50 29 7
15 29 82 91 38 37 92 20 35 61
Size
9 1 7 10 6 6 6 5 9 7
1 1 5 8 10 5 9 8 8 1
7 3 8 10 2 7 6 4 6 9
10 3 5 6 4 2 2 4 5 1
5 8 3 10 3 8 6 6 5 4
10 6 9 3 6 5 10 3 1 2
1 2 1 1 2 6 8 4 3 8
9 2 10 10 10 10 10 10 3 5
1 10 10 9 6 7 6 5 5 2
5 9 5 2 10 1 3 7 10 7
1 10 2 3 9 9 4 7 10 4
7 4 7 3 1 10 1 1 6 3
6 10 4 8 8 5 3 2 1 1
10 10 9 2 2 3 3 5 5 3
1 2 10 3 8 5 2 9 1 3
3 5 10 7 6 5 9 9 1 4
5 4 2 5 5 2 6 6 6 6
4 3 7 2 2 8 1 8 7 9
10 3 6 7 2 7 9 10 5 7
8 2 3 2 8 10 6 2 9 3
1 10 10 7 7 7 4 8 3 4
2 4 4 8 2 3 1 6 10 10
5 10 8 8 5 1 8 4 7 8
9 2 6 2 10 4 1 4 1 3
9 10 9 10 4 3 1 8 1 9
3 10 6 2 3 6 3 5 1 6
3 8 10 4 10 1 7 5 5 6
3 7 2 1 5 10 1 5 3 5
4 8 4 9 2 2 9 6 10 4
7 8 5 3 2 10 6 1 6 5
