n 30
m 10
cap 50
Processing
74 1 81 83 69 100 70 68 21 35
67 10 52 43 96 76 63 53 6 32
19 97 61 29 85 28 68 24 62 50
11 72 54 2 37 75 99 64 82 67
56 84 85 89 28 53 55 70 33 36
13 65 47 72 64 33 41 2 17 25
35 35 16 97 66 52 53 41 68 38
21 70 92 36 88 13 59 33 21 12
95 60 58 46 62 18 4 70 54 65
46 87 36 2 96 55 76 26 63 39
17 92 31 35 48 51 86 71 73 84
21 23 99 35 3 38 85 64 99 22
44 43 17 54 61 93 51 42 11 57
27 89 78 83 34 25 32 16 30 83
36 55 11 53 46 44 8 96 88 30
63 34 61 27 80 30 77 94 85 37
41 59 54 38 31 21 54 70 95 47
14 31 93 96 23 93 93 90 7 33
80 93 62 31 97 74 4 80 14 63
67 20 11 25 99 41 88 76 75 4
46 65 19 19 37 84 53 84 95 19
67 95 79 91 88 31 51 80 73 92
87 79 61 44 93 37 21 28 83 8
23 6 87 5 36 68 81 54 86 23
52 33 20 57 73 37 11 55 49 32
4 83 82 19 38 40 67 56 26 58
86 55 39 28 85 13 41 62 26 28
26 15 26 75 19 27 63 42 32 43
64 37 21 69 48 40 67 35 71 20
51 48 19 75 100 74 97 48 83 65
Size
1 10 6 2 10 5 4 4 9 2
7 1 5 3 6 10 3 4 5 9
2 8 7 8 9 2 4 9 3 6
5 8 2 9 1 3 2 6 8 6
7 9 5 9 5 5 4 3 6 4
6 6 9 4 9 7 9 1 5 8
8 2 1 7 4 9 1 6 5 7
9 8 3 6 2 4 6 6 2 3
1 6 8 6 9 7 8 6 9 9
3 3 4 4 1 8 10 6 7 10
1 2 6 10 10 4 5 8 1 3
5 4 5 6 4 9 5 3 8 9
4 8 1 1 3 6 9 10 10 4
10 7 6 10 2 3 8 7 9 6
7 9 5 6 5 1 10 7 10 6
6 1 8 2 2 7 1 4 8 4
4 7 2 6 9 5 1 4 3 7
7 8 5 9 4 9 1 9 3 8
10 7 4 2 4 10 2 7 5 7
5 7 3 5 3 6 3 4 5 10
3 6 10 3 8 3 8 7 4 2
8 5 10 8 2 2 1 2 5 10
7 1 1 9 6 7 8 2 8 9
3 3 4 4 3 5 7 7 10 9
7 8 7 3 8 6 2 4 8 3
6 10 10 5 2 1 5 6 5 10
10 5 9 9 7 2 6 1 6 10
2 6 1 3 3 3 7 3 7 6
5 4 9 2 2 8 8 9 1 2
10 4 9 8 6 5 8 10 8 5
