n 30
m 10
cap 50
Processing
65 86 42 72 89 6 51 5 14 41
67 100 17 29 65 75 75 42 100 29
72 40 25 7 58 63 4 98 40 54
52 57 70 13 43 39 61 94 49 27
56 82 86 70 11 53 5 99 64 70
76 32 22 15 42 16 17 94 100 60
42 59 46 4 30 46 75 36 44 59
35 5 10 71 75 58 58 86 70 89
11 61 85 21 25 57 16 33 88 2
72 82 80 56 10 98 6 100 14 91
63 35 94 32 80 31 13 60 42 93
91 51 99 57 71 69 2 22 30 3
69 40 45 84 16 73 75 54 65 98
88 71 46 42 16 57 6 23 21 84
41 32 84 79 17 17 72 3 29 62
2 19 86 83 74 92 90 21 66 10
76 69 13 4 35 99 86 37 63 64
77 95 37 6 78 65 39 13 97 35
6 97 84 77 52 38 8 77 23 89
26 89 42 31 49 92 21 85 92 67
56 79 99 78 85 6 55 36 25 29
86 45 12 91 94 13 5 87 24 20
40 15 12 61 80 85 25 63 93 10
80 92 35 12 53 76 73 24 32 66
65 87 5 68 20 66 31 100 25 39
20 93 98 40 19 96 94 16 40 20
18 53 5 12 23 80 57 54 53 59
77 5 82 79 82 54 25 58 91 92
64 97 70 54 29 96 50 92 12 65
92 86 30 94 67 6 70 23 77 73
Size
8 6 1 7 2 10 10 5 8 8
7 9 3 4 9 8 4 2 8 4
10 7 1 7 5 9 6 1 7 10
4 5 2 9 8 2 5 1 6 5
7 10 6 6 1 8 6 2 9 4
6 9 2 6 8 5 8 7 9 8
3 6 7 7 4 5 7 2 10 2
9 1 4 7 10 2 10 10 6 10
9 4 3 2 8 6 4 5 6 4
6 5 7 10 7 10 3 9 2 7
2 5 1 10 2 8 4 5 1 7
7 2 10 4 1 8 6 10 10 10
1 2 9 3 9 6 8 10 7 10
2 8 6 9 7 8 1 4 5 7
6 7 4 2 4 10 2 7 1 9
9 4 9 4 6 10 1 3 8 1
4 1 6 8 4 7 4 8 6 4
4 2 10 5 1 4 6 3 2 4
10 7 1 5 3 6 6 1 4 7
7 7 3 10 6 8 2 2 10 10
10 8 3 10 10 5 3 9 4 2
6 6 5 5 3 2 10 6 10 8
8 9 8 5 5 6 7 3 9 1
6 1 1 7 7 8 10 6 6 2
9 7 2 6 4 7 1 4 2 3
2 9 2 7 8 5 5 5 6 4
4 8 4 3 2 6 7 4 10 6
4 1 8 8 7 5 7 8 8 10
4 6 9 2 10 9 1 1 3 2
1 6 5 1 7 6 2 6 6 6
