n 30
m 10
cap 50
Processing
43 70 93 82 82 54 31 96 44 1
98 21 13 26 60 15 48 49 35 76
63 10 93 55 88 19 94 65 96 76
16 65 7 87 59 11 44 35 36 51
86 70 67 29 9 22 27 44 7 20
64 94 74 30 84 43 59 100 33 25
84 30 68 21 32 37 59 51 17 8
50 91 33 37 46 15 46 25 79 91
2 21 21 54 46 65 50 27 38 41
26 81 6 34 9 40 95 50 35 40
59 13 21 97 66 1 65 69 37 33
88 44 50 37 78 90 15 93 78 74
88 38 58 23 16 59 33 68 74 57
81 6 54 19 33 54 45 38 54 98
26 10 54 9 42 51 71 82 24 10
97 43 70 33 20 60 58 55 73 32
36 76 58 59 78 93 90 5 36 24
43 69 90 5 64 66 38 75 76 82
54 32 60 66 50 60 16 64 57 20
77 11 82 30 53 63 14 81 66 13
58 94 70 9 18 14 47 85 78 69
22 82 92 3 36 9 51 62 5 53
29 59 82 36 77 91 93 91 12 64
26 88 47 7 91 47 75 7 93 18
8 58 20 94 10 98 4 23 92 77
93 47 89 13 93 20 72 30 95 6
12 8 59 91 8 88 16 100 39 10
85 70 4 27 83 10 26 1 69 79
49 10 57 42 27 44 40 95 14 1
37 41 75 13 68 58 35 86 96 3
Size
10 4 10 8 2 9 3 1 6 1
6 5 5 1 5 8 2 5 10 10
3 10 1 3 9 2 10 9 1 10
3 7 9 6 7 5 8 7 4 5
10 6 1 9 5 7 4 10 5 9
9 3 8 9 6 7 9 2 9 6
8 7 8 2 3 10 1 10 6 4
5 2 6 9 6 3 6 2 5 10
5 5 3 4 8 3 1 9 5 3
10 8 1 5 3 9 9 8 5 1
2 2 8 2 10 3 3 5 6 6
7 9 8 9 10 4 1 8 6 6
10 7 6 3 10 6 9 4 2 2
6 3 9 4 5 1 3 7 6 4
5 9 1 8 10 6 10 1 4 5
4 5 7 10 5 4 9 4 9 1
10 7 2 6 9 8 9 10 5 3
7 7 3 10 2 2 2 10 5 5
7 3 10 3 7 1 9 3 8 4
8 2 4 4 7 9 5 5 8 9
3 3 5 8 4 5 1 4 4 6
3 1 6 4 8 4 7 7 9 10
2 9 4 4 5 10 1 10 5 9
3 2 6 2 3 9 6 8 2 9
2 9 9 8 5 5 4 4 2 3
5 8 10 2 9 3 7 3 7 1
10 7 7 5 9 5 9 10 9 10
2 6 10 6 9 8 10 5 7 6
5 10 3 9 5 8 9 3 3 6
9 1 9 5 10 5 3 9 8 9
