n 30
m 10
cap 50
Processing
98 45 5 64 43 1 39 27 86 68
50 81 54 81 21 28 17 27 57 32
35 86 25 39 88 8 77 100 53 2
15 83 44 21 66 67 73 89 77 46
27 61 28 99 37 94 43 12 13 66
34 34 97 33 99 32 33 3 60 49
83 42 20 68 3 82 33 93 42 2
40 85 78 1 90 72 63 41 79 90
36 2 31 65 74 33 44 47 50 92
58 74 65 66 14 27 25 56 73 38
23 2 14 63 93 57 89 40 96 63
77 31 63 89 57 19 76 80 21 64
20 84 47 3 11 67 16 2 92 50
45 19 52 60 6 5 21 77 59 39
50 10 36 62 24 13 92 19 64 71
13 35 65 40 29 23 3 59 28 95
23 18 17 71 73 87 77 40 47 47
92 41 38 63 79 99 86 49 54 67
51 79 4 79 29 77 46 95 54 65
64 98 84 79 58 31 66 4 54 94
25 96 53 89 62 78 13 21 56 19
62 90 9 98 52 7 25 81 90 45
33 21 71 32 61 47 7 85 19 83
37 24 68 3 85 64 50 33 91 25
57 21 13 83 67 45 73 87 72 6
60 94 56 10 24 36 27 46 78 3
20 72 45 12 14 48 78 2 71 5
22 10 52 62 96 55 46 84 89 91
39 5 81 90 44 9 61 19 61 47
34 79 93 1 21 87 69 78 99 18
Size
2 8 10 2 7 2 2 7 2 4
6 1 3 10 10 1 9 9 10 2
10 4 7 1 9 1 2 4 9 9
2 10 4 7 6 10 8 8 7 5
1 10 2 5 1 8 1 5 6 1
6 10 7 9 2 9 8 5 6 7
3 7 5 3 8 6 10 9 8 10
2 9 2 9 2 4 7 5 7 7
8 4 7 3 7 2 2 4 4 10
2 4 7 3 2 9 10 4 5 1
1 1 7 5 3 1 4 3 6 5
4 5 4 5 5 1 2 5 7 3
6 8 10 4 7 5 10 4 9 7
4 2 4 1 1 2 2 7 8 7
8 3 3 10 4 6 10 3 10 6
7 8 3 8 6 10 10 7 9 9
9 6 2 5 9 10 10 8 7 10
1 5 8 9 7 3 2 9 10 10
4 2 6 3 1 6 2 3 7 3
1 9 4 1 6 3 6 5 10 10
8 8 5 7 3 6 2 9 10 6
9 1 7 6 1 1 8 1 5 2
8 6 4 4 7 6 7 8 7 5
3 2 3 7 8 3 2 10 4 1
4 5 3 5 5 3 2 8 2 6
6 10 3 9 7 6 1 8 4 2
8 1 4 2 6 8 2 5 1 4
10 10 6 9 3 2 10 3 1 6
9 5 1 4 1 8 1 6 1 5
9 4 8 4 10 8 3 1 9 7
