n 30
m 10
cap 50
Processing
100 16 66 5 14 1 68 51 54 5
80 2 76 68 29 92 40 64 93 61
5 21 39 80 63 85 29 81 22 72
24 100 49 83 51 78 26 71 96 45
88 74 80 55 43 43 25 77 11 25
24 10 17 59 11 29 82 25 28 98
62 33 81 52 75 59 48 6 96 99
74 16 32 9 41 71 22 86 26 46
16 21 63 39 47 44 85 45 32 99
56 60 6 88 70 65 31 85 40 42
55 59 17 85 73 20 76 30 19 27
93 13 96 93 26 92 23 2 50 1
26 49 20 70 50 32 35 38 65 99
6 34 42 19 95 51 38 37 35 28
74 38 96 4 17 63 51 19 28 50
58 41 36 2 89 62 77 70 82 61
89 2 9 1 57 38 4 30 24 28
53 100 16 20 18 2 88 67 93 74
100 65 56 34 98 57 46 100 13 70
84 72 17 32 38 11 75 77 73 91
30 92 46 8 44 61 61 25 76 42
94 44 15 9 45 8 1 27 3 8
93 50 29 8 40 92 60 95 56 12
85 63 92 3 54 49 33 29 47 12
86 49 5 88 58 66 80 35 16 41
45 46 88 53 93 40 91 61 43 98
9 91 75 31 94 6 73 4 7 56
27 70 78 8 85 78 69 81 25 19
59 79 68 8 14 58 84 89 42 88
70 37 73 31 5 75 91 26 43 42
Size
2 3 5 3 9 1 5 6 9 10
6 10 1 3 6 2 5 2 6 3
2 1 9 9 4 8 4 2 10 4
7 3 5 9 9 8 2 8 5 6
1 1 4 10 8 3 6 9 3 2
3 3 9 4 5 1 9 8 9 7
5 2 5 8 8 3 5 1 1 1
6 3 7 8 1 4 6 7 5 9
7 10 8 8 7 1 7 1 2 7
10 5 1 2 3 2 10 8 4 10
2 9 10 6 2 1 1 5 8 6
3 2 2 9 5 3 10 4 5 4
4 9 8 8 7 6 6 9 4 8
6 10 8 10 3 6 8 1 5 7
1 6 9 4 4 5 2 5 1 4
9 10 3 6 7 10 9 4 2 9
2 9 2 8 2 1 2 9 1 9
1 10 9 9 8 2 3 2 5 2
6 10 3 9 10 2 7 8 2 10
4 1 4 9 9 5 1 8 8 1
5 4 1 1 10 2 10 4 5 5
8 9 9 1 4 8 9 7 9 9
6 6 1 7 4 4 3 5 6 7
4 4 10 1 8 2 6 10 8 9
10 5 4 4 2 5 6 7 5 7
9 10 8 1 2 3 1 2 6 3
1 7 7 2 4 4 8 6 6 9
9 8 3 5 6 6 1 6 10 4
3 7 7 5 6 9 7 8 9 4
1 4 9 4 5 1 7 1 9 10
