n 30
m 10
cap 50
Processing
11 12 15 53 25 17 67 63 52 82
59 16 5 82 40 29 19 54 4 38
64 95 39 33 82 86 91 41 77 54
10 11 76 81 77 69 62 57 12 90
28 84 75 84 31 73 51 81 25 35
99 23 70 6 52 80 20 25 78 4
90 62 78 61 88 65 30 94 50 77
6 9 20 92 81 29 88 27 36 41
98 3 38 10 70 57 30 3 28 37
49 78 23 86 29 6 46 82 94 14
36 47 56 40 5 6 68 82 1 33
14 36 31 72 79 49 79 86 28 84
70 95 59 18 51 24 24 64 23 20
83 68 24 90 78 10 17 37 21 69
97 90 42 91 96 72 86 82 3 3
40 19 37 52 15 48 49 13 59 56
63 93 48 95 1 34 43 42 100 53
20 45 43 65 12 52 32 15 6 58
20 64 4 47 87 96 71 89 4 66
76 26 26 42 52 55 100 41 32 22
100 96 7 81 96 44 40 59 33 6
18 31 91 81 13 83 79 95 68 91
9 37 66 41 3 9 80 21 33 39
23 80 22 94 59 20 68 65 6 28
62 13 52 44 10 3 46 78 45 6
24 13 49 91 51 30 25 46 100 8
32 53 2 46 88 24 29 39 51 23
74 48 23 93 33 35 54 16 33 20
86 4 15 98 95 2 18 90 80 20
31 97 57 22 37 88 8 86 62 60
Size
3 3 4 5 3 6 5 6 6 1
5 9 8 7 9 1 8 4 6 2
3 3 8 1 3 3 9 3 4 4
1 3 8 4 1 3 6 9 5 2
4 8 2 3 3 1 1 3 8 10
2 5 5 8 6 3 4 6 9 8
2 7 7 3 9 6 9 10 1 2
4 1 7 7 3 10 2 3 4 2
10 4 5 4 7 3 9 7 1 8
7 4 5 8 8 1 3 6 10 5
9 6 6 2 8 1 2 6 9 7
9 3 7 1 4 8 6 2 10 5
1 1 1 7 2 10 6 3 2 5
1 5 9 2 1 10 4 1 3 8
10 5 3 6 4 5 3 1 2 6
8 3 3 4 4 5 10 8 1 4
5 4 7 5 4 3 8 2 10 7
8 2 6 1 7 7 4 5 10 9
7 1 10 5 2 4 6 2 6 4
4 8 6 9 3 5 10 2 8 5
5 5 4 8 8 10 9 2 10 6
1 5 3 7 4 5 6 3 8 1
1 7 9 8 6 4 4 3 6 1
6 9 1 6 9 7 3 10 7 4
1 6 8 6 9 4 4 5 4 4
3 9 3 7 8 6 8 2 3 6
4 7 8 1 4 3 1 5 7 8
8 9 9 10 5 5 9 9 8 4
7 6 9 3 5 9 10 9 6 7
3 5 10 7 10 3 8 10 10 5
