n 50
m 2
cap 10
Processing
54 6
43 80
15 10
97 14
80 29
13 66
33 22
56 67
38 12
76 36
13 52
81 65
75 51
78 6
40 47
89 83
59 95
87 75
63 78
15 95
34 46
85 81
14 8
63 84
89 40
80 31
43 77
5 79
90 40
48 24
62 19
11 46
27 81
48 87
88 23
42 86
39 72
54 99
10 100
88 54
29 27
7 89
68 45
52 42
71 63
30 57
43 41
40 42
22 32
24 10
Size
9 6
8 6
2 9
4 9
9 4
2 7
3 5
6 6
10 4
1 7
10 5
7 7
1 8
10 5
8 7
10 2
3 8
5 6
8 8
1 5
4 5
2 5
8 8
5 9
5 2
5 7
2 8
2 5
2 3
6 9
1 2
5 9
6 3
7 4
8 1
8 1
9 1
6 10
1 5
7 2
10 4
4 4
1 2
6 10
6 7
2 9
4 8
1 9
5 10
1 2
