n 50
m 2
cap 10
Processing
34 54
94 17
20 9
13 20
33 86
80 36
32 11
13 81
57 39
11 29
62 10
47 62
44 54
86 71
64 10
65 57
77 41
92 22
93 15
42 96
70 60
65 38
71 25
26 81
6 45
88 55
58 25
66 24
18 62
21 29
33 31
26 98
99 40
7 79
34 44
93 17
25 50
26 28
37 41
64 41
29 38
61 41
27 9
100 25
44 86
98 85
41 55
71 41
71 55
52 72
Size
5 6
4 10
9 10
3 10
8 7
7 3
7 4
8 8
6 10
1 5
7 6
9 9
3 9
7 5
9 10
9 2
9 8
6 3
1 4
2 5
2 3
1 9
3 5
7 1
4 7
9 2
10 4
9 9
7 10
4 7
2 8
1 10
6 9
6 5
7 4
2 9
6 9
1 1
8 4
8 1
1 9
5 6
6 6
5 3
2 8
8 4
7 7
1 7
9 4
3 2
