n 50
m 2
cap 10
Processing
31 96
90 89
83 59
86 28
2 32
33 96
8 5
82 24
90 45
75 3
65 23
100 59
36 80
47 2
56 57
44 22
35 89
41 62
58 18
20 92
24 44
82 16
69 7
97 50
26 97
45 89
43 13
26 58
1 29
54 64
62 53
52 73
3 22
51 81
48 98
53 10
82 59
39 29
29 62
67 73
35 83
83 22
7 69
79 45
66 23
92 97
31 88
23 5
36 49
73 84
Size
6 10
5 5
10 7
3 10
10 5
5 4
3 2
3 1
7 2
2 10
6 5
7 5
1 1
4 7
9 8
4 7
5 9
8 7
8 9
6 5
6 5
4 5
10 5
6 3
6 8
3 10
8 5
1 10
2 7
1 10
1 5
5 7
1 2
2 7
2 5
8 6
8 8
10 4
6 2
2 2
1 2
2 2
3 4
3 5
6 1
6 6
7 7
10 5
3 4
6 8
