n 50
m 2
cap 10
Processing
2 77
69 22
72 67
79 44
70 60
93 41
51 27
58 50
77 40
62 70
98 55
44 82
8 91
16 29
51 87
5 21
22 23
30 71
29 21
90 28
22 97
17 84
96 85
63 50
31 8
25 9
100 97
8 6
40 90
43 99
82 35
95 89
52 26
68 58
68 38
23 31
29 95
51 39
48 26
77 79
53 28
87 75
66 97
31 94
48 96
15 8
26 29
89 14
86 75
30 80
Size
10 9
6 3
6 2
7 5
6 8
4 9
9 1
8 7
2 3
7 1
9 9
9 9
3 9
9 3
3 10
2 4
3 6
7 2
10 3
1 3
4 10
6 6
1 5
8 9
10 5
10 10
1 5
7 6
10 8
8 3
8 5
2 4
5 1
3 6
9 10
9 3
9 8
10 4
4 7
4 6
6 6
5 7
3 3
8 6
4 7
9 1
4 7
3 5
10 10
1 7
