n 50
m 2
cap 10
Processing
49 17
80 91
64 84
92 88
44 49
32 100
10 34
85 36
53 67
85 15
88 100
51 96
88 54
72 52
66 77
56 100
31 65
50 8
28 25
39 59
86 33
21 75
68 54
96 85
26 53
79 88
78 15
37 88
59 43
27 73
19 48
52 34
18 71
43 8
83 79
37 81
56 96
41 64
11 7
9 44
46 75
7 27
59 37
6 34
61 54
30 65
9 28
78 82
89 2
60 56
Size
7 7
9 10
2 4
10 3
9 3
9 1
9 9
1 10
1 9
10 8
2 5
6 3
2 1
10 7
7 7
1 3
4 3
9 6
7 2
5 10
6 1
8 3
7 7
6 10
4 8
3 10
1 8
5 5
2 5
8 3
4 2
1 4
10 7
4 2
3 10
3 4
2 9
1 10
4 2
8 6
10 4
10 7
1 9
4 6
7 10
4 10
2 5
7 3
6 3
7 3
