n 50
m 2
cap 10
Processing
71 40
43 97
10 22
90 10
97 51
88 91
89 68
54 56
20 76
14 39
40 6
51 32
3 58
76 83
65 59
62 61
41 59
15 22
100 14
90 29
31 68
80 62
45 49
27 88
15 13
32 14
40 25
93 31
19 40
97 93
47 100
15 2
57 96
33 4
98 55
74 72
58 93
63 49
86 59
7 25
10 2
79 51
16 12
76 83
77 85
4 23
84 10
4 39
80 95
72 71
Size
6 6
6 3
5 10
5 5
2 8
2 9
3 5
5 1
6 3
10 2
5 7
10 3
4 9
4 1
9 2
2 8
6 1
3 9
6 7
1 5
5 1
3 1
9 4
3 5
9 2
2 5
9 8
1 4
7 4
10 3
1 5
8 6
8 8
10 1
1 2
4 1
8 5
2 2
6 1
4 10
2 1
2 3
4 10
7 5
10 6
2 10
1 8
1 7
7 2
5 1
