n 50
m 2
cap 10
Processing
78 22
49 51
32 4
62 45
58 48
78 6
9 59
9 76
54 64
69 28
34 69
89 79
35 88
60 49
33 74
64 14
97 42
8 84
32 40
69 68
29 38
55 37
88 69
55 34
10 46
74 12
50 19
91 49
75 47
52 59
19 51
58 35
86 16
99 55
22 5
44 65
87 83
63 10
87 72
28 90
70 74
35 85
99 44
6 81
46 40
45 94
77 57
96 65
59 29
74 91
Size
5 6
7 1
6 10
2 7
1 6
4 9
2 1
3 6
4 10
10 6
3 8
6 6
5 6
1 9
8 10
2 8
3 3
3 10
4 8
6 2
8 8
1 3
4 6
8 9
2 7
2 7
7 5
6 8
1 9
1 1
9 9
8 9
4 2
7 9
3 5
9 9
6 4
1 4
9 3
9 1
5 2
6 5
6 8
10 1
2 6
7 9
4 5
7 7
1 10
4 9
