n 50
m 2
cap 10
Processing
76 44
39 67
66 4
13 77
25 98
33 61
73 47
94 4
60 93
20 81
11 76
42 95
29 18
15 89
41 27
56 87
64 9
59 78
93 5
99 83
93 13
66 81
89 12
61 89
55 73
16 84
51 51
91 48
62 30
3 66
58 69
15 58
74 3
14 52
68 83
10 56
72 25
81 38
43 27
25 57
25 98
63 81
61 71
74 5
96 26
26 23
2 72
71 88
23 60
69 33
Size
9 6
9 5
9 5
6 8
10 6
10 10
2 4
5 8
3 2
8 4
7 2
5 9
6 2
9 3
6 2
7 6
1 5
6 1
4 1
6 4
7 8
4 7
4 9
4 1
4 4
1 8
4 1
4 1
10 2
8 10
3 6
5 6
10 9
5 6
7 3
2 2
4 2
8 6
4 4
9 1
3 4
6 2
7 9
9 10
10 2
6 6
5 5
8 3
2 7
2 10
