n 50
m 2
cap 10
Processing
59 98
20 100
78 15
98 21
44 62
29 18
51 27
46 40
18 47
97 16
20 21
20 72
51 3
22 14
60 89
63 79
42 48
58 40
17 33
39 36
69 24
10 99
58 18
49 78
95 18
68 26
18 87
13 92
57 83
91 93
81 36
2 73
14 69
21 32
43 76
88 43
89 58
78 21
54 21
86 26
85 33
68 85
67 52
32 77
2 9
41 77
62 69
66 21
33 6
96 36
Size
7 4
4 5
9 8
2 10
7 8
9 6
5 4
3 7
5 4
1 4
3 2
2 6
3 8
6 3
1 5
3 3
8 1
10 6
5 2
1 10
8 10
1 7
6 8
10 3
6 7
4 10
5 7
8 9
2 4
2 9
3 9
10 1
2 5
5 4
5 4
1 9
6 3
9 3
1 4
2 9
5 8
6 7
9 1
6 6
1 10
3 1
3 5
2 10
6 8
4 3
