n 50
m 2
cap 10
Processing
87 97
67 62
49 29
39 33
11 62
90 20
10 39
97 2
90 45
30 35
16 97
86 48
3 23
53 41
9 90
29 29
90 74
40 91
61 35
5 29
56 88
47 22
38 65
72 76
98 56
46 87
8 98
48 44
68 55
64 99
80 98
54 26
84 97
55 61
32 14
64 94
1 7
13 42
5 82
32 14
12 36
17 16
47 20
27 32
57 3
1 8
54 80
38 21
39 19
95 17
Size
5 8
8 5
2 7
9 2
10 8
7 1
7 4
9 10
9 2
8 8
7 7
10 5
3 1
2 5
6 5
4 9
3 9
3 6
5 7
9 8
7 1
7 6
3 6
4 4
5 4
3 7
6 3
3 3
8 1
10 3
4 10
10 1
8 2
5 5
4 1
6 4
9 10
1 5
2 10
7 5
3 8
6 8
8 3
4 1
3 10
7 2
4 1
8 5
1 10
8 8
