n 50
m 2
cap 20
Processing
35 43
35 28
25 96
42 95
96 90
57 31
94 15
60 62
54 94
94 68
73 58
86 31
81 60
89 26
55 94
84 36
18 99
18 29
49 65
78 11
26 76
42 89
4 62
55 68
41 78
47 65
40 69
9 70
81 83
87 29
35 1
42 18
72 91
4 65
35 74
80 17
23 89
45 66
76 31
99 11
29 78
66 52
44 27
25 69
48 46
28 42
57 24
63 63
12 42
57 40
Size
10 2
10 9
7 4
8 2
8 8
3 9
8 10
10 9
6 4
6 4
1 2
4 9
10 2
3 2
9 8
6 8
7 9
9 4
10 4
6 4
1 4
3 9
3 10
8 4
7 2
7 7
2 2
10 1
9 7
7 6
10 1
1 5
7 10
10 5
8 3
3 2
6 3
10 9
6 2
6 6
9 6
7 1
2 10
2 7
9 7
9 7
9 5
1 4
7 4
7 1
