n 50
m 2
cap 20
Processing
60 18
56 15
67 41
56 29
24 21
22 66
54 29
47 66
18 40
4 57
15 47
34 31
23 6
77 21
58 7
69 63
93 63
50 9
19 96
36 21
93 30
56 52
80 66
81 27
27 31
53 82
11 10
88 70
26 63
40 52
77 53
99 56
75 20
29 47
70 69
67 51
4 44
30 99
44 20
100 65
4 20
23 38
20 61
49 19
15 33
27 12
100 85
80 67
78 58
68 8
Size
1 5
10 8
4 9
10 1
5 5
5 7
6 9
5 9
9 7
9 8
3 2
1 5
5 1
2 6
10 4
6 6
8 7
7 10
10 2
3 2
7 10
3 4
2 10
2 7
5 2
7 10
4 9
3 5
5 4
3 10
3 7
6 3
4 3
2 7
2 8
5 10
1 8
1 6
2 10
8 5
10 2
3 1
5 1
2 5
2 3
6 4
8 4
3 5
2 8
6 4
