n 50
m 2
cap 20
Processing
98 90
96 71
30 43
99 49
17 84
95 19
73 44
67 69
66 55
2 25
81 58
67 69
62 78
92 51
25 91
71 41
38 14
99 94
24 19
39 98
54 87
91 91
54 5
5 82
43 11
2 79
95 15
66 48
45 38
5 52
65 91
69 86
22 98
87 70
53 81
10 21
92 80
31 66
39 46
91 21
75 20
3 33
11 41
71 44
25 25
98 54
27 63
42 38
38 93
12 3
Size
4 2
6 2
1 1
3 10
4 5
10 1
1 4
9 5
2 8
3 1
5 1
10 1
3 1
9 1
9 6
10 2
7 8
4 3
2 6
9 7
5 5
9 2
7 7
3 4
5 1
2 3
3 6
4 3
10 1
10 3
2 8
6 6
3 4
7 4
4 3
6 2
3 9
3 5
2 6
9 9
9 1
8 9
3 7
3 2
9 2
3 7
6 9
8 3
10 5
1 3
