n 50
m 2
cap 20
Processing
41 91
28 12
45 47
83 27
21 26
49 24
81 16
99 13
6 46
30 88
40 72
9 53
2 5
13 51
63 4
88 55
36 20
17 53
23 2
27 87
32 34
90 44
75 19
43 21
69 76
31 62
23 12
91 97
16 7
17 11
34 3
60 100
12 77
91 55
69 48
30 84
81 26
63 47
38 52
34 24
93 36
80 18
62 37
74 98
90 48
13 15
32 73
58 76
64 80
67 27
Size
8 3
7 6
10 6
3 6
8 9
3 7
6 5
5 6
4 3
5 2
10 9
10 1
6 10
6 5
1 9
10 2
5 10
1 4
4 3
10 6
4 6
9 4
9 7
6 7
3 2
7 1
5 9
8 10
6 4
5 7
1 8
8 6
7 1
8 2
3 3
1 3
9 10
2 4
1 1
1 7
1 5
4 9
1 2
3 1
1 3
8 9
9 4
7 6
8 9
6 4
