n 50
m 2
cap 20
Processing
96 5
32 55
14 97
39 85
34 76
78 85
90 13
95 41
34 59
69 18
74 71
35 90
92 38
97 59
79 12
16 10
28 50
54 27
78 27
32 80
100 91
33 70
39 57
40 54
66 39
88 75
57 44
44 25
35 48
96 19
73 71
12 41
33 61
91 51
96 89
12 44
5 59
23 72
72 10
8 16
79 98
19 23
63 38
13 89
84 5
5 28
59 49
37 60
32 2
2 32
Size
9 3
7 8
7 8
3 8
9 8
9 4
1 8
9 3
2 5
4 3
7 10
10 10
7 4
7 5
2 1
4 1
8 8
4 7
10 2
5 2
10 3
7 2
3 5
9 4
8 6
10 7
2 3
5 5
3 1
9 2
7 3
4 5
6 10
9 3
4 7
2 3
1 3
3 3
6 1
6 8
1 4
4 5
4 5
1 7
5 5
10 9
4 6
5 9
10 4
9 9
