n 50
m 2
cap 20
Processing
12 6
50 35
94 30
89 55
36 45
24 6
97 30
88 4
11 60
44 36
15 3
97 56
46 56
67 8
83 29
47 24
57 44
33 33
71 35
100 46
49 36
40 3
52 22
94 56
1 55
27 9
63 61
27 3
16 88
64 45
79 95
7 3
51 5
87 32
65 98
61 10
53 95
14 63
24 37
82 32
99 86
97 42
48 75
84 40
31 37
67 67
61 56
13 86
25 90
25 96
Size
1 10
7 7
4 5
8 2
10 3
3 1
10 10
3 8
1 9
10 2
6 1
10 10
6 9
5 7
5 8
8 3
10 4
2 8
5 9
8 9
1 5
9 3
4 2
3 2
9 10
1 6
9 2
10 2
5 4
7 8
6 10
8 6
1 2
2 4
6 5
9 10
2 7
9 9
9 2
6 8
10 8
8 4
8 9
5 4
10 8
2 8
1 1
9 10
1 2
1 6
