n 50
m 2
cap 20
Processing
71 23
3 16
83 64
72 54
84 3
79 49
51 86
37 85
56 96
15 39
76 6
43 97
43 65
95 32
90 86
59 99
38 74
89 90
41 21
79 17
60 89
50 57
45 35
54 16
43 1
69 4
41 92
69 16
93 23
10 60
50 65
69 83
91 97
28 62
88 90
63 75
24 29
17 44
8 3
27 2
49 78
27 99
66 12
26 23
29 22
48 2
80 98
39 70
7 39
14 4
Size
6 5
7 1
2 4
2 5
7 4
4 6
3 7
6 3
4 8
1 7
5 1
9 3
5 5
8 8
7 4
8 7
9 6
7 3
9 4
7 9
1 9
4 1
2 8
6 8
7 8
1 2
4 2
2 5
9 2
5 9
3 1
4 10
2 1
7 9
1 2
8 9
6 8
6 2
4 7
9 7
2 1
8 7
9 10
2 4
5 4
1 8
9 7
1 2
7 2
4 3
