n 50
m 2
cap 20
Processing
93 2
74 28
39 51
98 15
70 47
16 79
51 96
84 70
68 2
52 43
72 7
19 23
87 36
27 5
69 94
50 43
98 20
84 26
77 43
10 99
68 35
96 69
65 62
70 92
43 73
56 92
22 11
22 65
58 18
100 91
34 82
12 3
66 5
69 53
14 98
29 12
63 22
5 40
56 1
65 59
32 12
56 12
41 41
81 95
20 73
21 76
19 12
44 68
24 56
73 50
Size
7 10
9 5
7 4
9 6
7 3
3 7
9 1
5 1
6 10
2 7
5 4
10 7
6 10
3 8
4 9
8 7
6 2
7 2
3 6
1 8
10 8
5 10
2 6
1 3
10 7
4 10
8 7
3 10
5 1
10 3
2 10
3 4
8 4
7 4
1 6
2 7
10 10
4 9
5 1
5 7
8 7
5 10
2 3
3 9
8 5
4 2
1 8
3 10
6 10
3 7
