n 50
m 2
cap 20
Processing
11 89
62 51
50 43
84 76
39 99
31 86
49 35
2 95
77 4
56 81
68 55
98 82
15 25
21 12
96 65
58 34
27 23
65 18
64 97
18 41
3 81
3 31
31 100
11 6
35 11
65 66
14 14
74 5
5 73
67 23
93 78
56 71
3 37
97 72
7 63
53 51
28 70
16 100
90 79
8 12
89 26
25 33
35 37
36 57
39 42
98 7
63 68
60 57
14 75
89 66
Size
3 9
9 6
2 10
2 7
1 6
3 6
4 9
2 5
1 5
6 8
5 2
9 10
7 2
5 4
6 9
6 9
6 3
6 6
1 1
8 9
1 7
10 5
6 2
4 7
10 5
3 1
1 3
5 4
1 2
2 1
5 2
10 9
3 2
1 3
5 1
4 3
9 5
4 9
7 5
2 3
1 2
5 8
5 9
7 6
1 8
4 8
10 7
6 3
3 5
6 10
