n 50
m 2
cap 20
Processing
3 46
75 38
87 44
70 76
18 8
12 92
27 55
24 75
93 76
8 83
18 13
21 68
95 32
40 67
32 67
24 30
85 94
19 18
56 40
58 71
60 17
52 73
52 19
8 15
56 67
54 76
76 46
44 84
14 92
98 86
33 10
50 1
93 7
92 8
64 69
25 8
26 35
71 55
95 38
83 5
15 18
30 39
25 22
65 65
46 65
98 67
79 72
53 28
99 91
5 100
Size
9 8
2 8
5 10
2 6
8 6
5 2
5 4
9 5
8 5
8 7
7 2
4 1
3 8
3 4
7 7
1 3
10 1
3 8
3 1
4 2
5 2
2 9
9 4
7 10
7 3
9 1
2 6
2 2
5 10
2 1
3 10
2 2
3 5
5 4
4 6
10 5
5 4
8 7
4 1
8 2
7 7
4 9
9 10
10 9
8 3
1 7
10 5
2 8
10 1
10 1
