n 50
m 2
cap 30
Processing
72 19
32 71
49 12
12 26
84 77
6 59
27 84
100 35
50 25
65 78
2 49
91 10
8 83
45 49
24 24
42 11
86 63
46 40
98 21
22 17
41 84
82 88
65 60
31 48
67 80
79 60
43 8
6 40
83 64
50 32
37 83
20 69
64 52
30 17
82 6
33 91
65 44
98 16
19 32
75 61
34 17
57 28
93 25
88 54
98 78
47 72
79 93
43 93
95 23
48 43
Size
2 1
9 7
3 1
8 7
2 10
3 3
8 4
3 2
6 1
6 5
5 10
5 4
10 10
1 6
6 4
4 10
1 7
3 2
1 10
3 8
2 10
10 8
10 1
2 5
6 1
9 10
7 2
10 5
1 2
2 4
1 6
7 2
5 5
3 7
2 4
9 8
7 8
7 9
1 4
1 7
5 7
10 4
2 10
4 2
9 2
7 7
7 6
5 1
8 1
1 8
