n 50
m 2
cap 30
Processing
40 59
75 20
2 22
79 100
1 75
20 52
19 55
50 73
76 6
7 60
61 85
73 74
53 16
65 16
1 48
54 5
29 69
47 1
38 53
19 12
72 33
33 74
93 11
29 37
94 94
64 44
72 63
61 76
14 67
94 40
57 79
29 25
12 60
66 14
67 24
17 85
68 79
68 22
98 15
45 28
12 45
51 64
58 94
29 86
39 4
59 20
93 26
40 32
56 99
27 8
Size
9 9
6 2
4 1
10 6
1 9
8 7
1 6
1 4
7 5
2 1
2 1
5 10
2 10
6 5
1 7
10 5
8 4
1 1
6 9
3 10
8 7
7 10
9 9
4 8
10 6
2 10
10 1
2 1
7 2
2 10
5 9
4 6
3 3
8 5
4 7
7 6
10 2
6 2
3 2
1 10
7 5
6 1
2 2
10 7
5 5
4 5
8 4
9 4
5 10
2 6
