n 50
m 2
cap 30
Processing
2 23
27 50
9 66
78 69
18 99
67 68
16 24
73 1
2 64
47 44
14 43
75 29
54 99
94 66
11 85
41 26
92 100
69 86
99 69
55 99
58 75
27 71
97 90
24 56
55 67
1 93
6 2
85 42
6 82
16 59
41 14
37 25
63 26
63 66
72 9
94 44
97 99
61 95
57 71
83 86
59 12
55 93
14 24
81 86
35 45
17 22
9 49
48 46
56 38
97 92
Size
8 6
7 3
3 5
8 10
10 1
5 1
8 7
1 3
1 2
7 1
9 4
4 9
2 8
6 4
3 3
4 4
2 3
6 1
4 6
3 1
4 4
1 8
10 1
1 4
8 8
3 4
1 1
6 10
5 8
7 2
1 10
1 10
9 2
4 5
7 4
5 8
9 4
3 2
3 5
7 5
10 9
2 1
8 1
10 10
10 7
2 1
5 5
1 2
3 2
7 7
