n 50
m 2
cap 30
Processing
42 29
39 67
37 15
30 34
81 58
32 96
78 50
40 44
11 72
19 95
30 27
13 43
11 4
44 58
53 67
6 29
1 96
28 99
58 73
44 12
65 85
47 94
39 85
91 51
32 50
55 82
72 12
30 11
3 42
15 80
54 30
6 21
47 24
22 70
8 69
60 46
88 45
57 67
58 37
51 16
33 10
35 43
8 16
49 64
4 15
100 9
86 92
26 38
97 22
73 40
Size
5 2
3 10
9 2
6 3
9 8
6 3
8 10
6 1
7 8
9 5
9 3
6 5
3 2
3 10
6 3
1 10
2 5
3 2
6 9
2 9
9 3
5 7
6 6
10 9
10 2
5 9
4 7
3 5
5 10
5 6
2 10
1 9
9 5
1 2
10 7
4 8
6 5
3 8
5 1
3 9
6 8
6 3
1 1
5 9
6 6
6 2
6 9
10 8
6 8
7 10
