n 50
m 2
cap 30
Processing
58 44
41 79
40 52
67 43
36 8
81 79
96 76
59 79
64 100
47 77
26 1
100 99
82 52
81 19
50 2
5 3
30 62
48 84
57 47
91 8
87 52
7 25
87 97
5 6
91 39
53 86
54 92
81 68
46 29
43 72
70 73
34 88
3 86
83 79
86 19
24 5
61 37
52 1
44 33
37 90
72 17
11 95
24 18
91 41
66 81
50 37
96 24
35 35
67 66
29 96
Size
6 6
7 5
7 4
10 3
9 8
3 6
8 6
9 8
9 1
6 3
9 4
6 4
6 8
8 8
5 1
5 7
10 7
2 7
6 4
9 2
6 9
7 10
9 7
10 4
9 8
10 6
5 2
8 2
1 6
2 7
9 6
10 7
4 8
8 4
10 4
5 9
3 3
8 7
5 2
1 1
2 4
5 2
9 1
1 9
3 9
3 9
3 6
6 6
8 7
7 10
