n 50
m 2
cap 30
Processing
43 33
58 92
41 69
59 10
88 86
61 86
79 74
100 47
45 2
81 74
77 57
35 88
4 30
72 2
13 75
60 84
1 96
51 89
93 13
74 69
51 50
96 97
69 38
89 87
88 69
6 63
44 98
55 11
69 11
46 60
19 29
79 16
14 53
17 98
78 58
3 74
41 88
100 15
13 29
77 99
21 31
57 15
65 69
10 9
10 68
70 54
43 80
69 33
63 96
68 56
Size
7 1
6 4
1 7
1 7
4 3
8 5
9 8
9 8
5 10
9 1
6 7
2 10
10 1
2 7
7 7
2 9
8 4
9 1
8 1
2 9
3 3
10 10
3 10
9 5
2 5
6 8
9 3
8 9
10 6
5 4
3 4
1 2
3 1
8 8
10 10
3 4
9 6
6 4
3 4
3 1
5 4
1 1
6 7
1 7
1 7
6 2
5 8
7 10
1 4
8 10
