n 50
m 2
cap 30
Processing
24 67
66 66
32 80
83 62
22 77
68 17
72 18
87 98
27 12
41 69
41 83
29 22
44 15
29 40
41 82
16 12
31 53
37 62
71 63
93 44
92 89
56 45
67 80
56 82
72 50
15 6
83 6
53 26
100 55
25 30
51 83
85 23
89 7
29 39
43 46
7 7
33 88
66 55
61 80
73 49
83 38
69 83
98 99
42 4
9 43
65 44
86 71
86 74
60 14
30 88
Size
2 6
2 4
3 6
10 4
4 10
1 3
1 3
8 7
8 1
6 3
6 6
5 2
10 1
7 2
7 9
1 8
1 9
8 5
5 8
10 6
8 3
2 6
10 4
4 6
1 3
3 8
10 5
9 7
1 4
1 8
4 6
6 8
4 4
1 6
8 3
10 3
7 6
4 2
10 8
5 6
1 7
10 6
8 9
3 2
5 8
10 10
10 9
6 8
8 8
5 8
