n 50
m 2
cap 30
Processing
34 46
53 99
85 32
64 79
49 39
79 93
23 74
34 45
31 18
25 54
88 96
25 50
18 76
45 82
9 45
69 48
9 79
86 42
49 4
49 7
25 97
54 60
53 52
67 15
72 54
13 95
41 86
72 51
18 39
47 89
100 32
15 94
21 1
75 39
76 54
47 8
95 18
69 51
53 14
82 66
42 29
91 96
17 6
63 41
65 51
89 78
62 84
22 33
57 10
58 40
Size
7 6
8 1
9 1
7 2
8 9
2 6
6 3
8 3
7 4
7 4
9 4
1 5
5 4
9 8
9 10
8 9
10 7
9 4
4 3
6 1
10 9
5 6
6 1
1 10
6 10
10 3
6 7
9 10
2 7
5 1
4 2
1 4
7 4
1 9
6 2
5 7
5 10
4 10
2 7
7 10
10 5
1 5
8 5
8 3
9 9
5 9
8 6
5 6
6 10
3 6
