n 50
m 2
cap 30
Processing
37 55
80 86
78 72
29 78
1 21
97 27
75 38
85 47
71 43
70 38
11 100
94 22
31 28
24 18
90 77
85 12
74 97
38 99
93 48
10 73
37 6
5 86
84 4
29 3
35 17
67 70
22 5
77 85
51 90
66 57
83 83
73 59
83 24
55 10
29 77
46 59
42 66
34 14
23 25
81 79
9 22
28 19
45 90
7 16
21 90
86 54
17 41
78 85
11 44
29 4
Size
10 4
2 5
8 1
9 3
8 6
10 9
5 3
2 9
3 3
7 1
2 3
7 1
10 4
6 10
7 3
2 8
3 3
8 4
3 8
1 6
9 3
10 3
1 2
6 3
5 4
6 1
1 6
2 7
6 10
2 7
8 10
7 5
6 7
4 6
8 2
6 8
2 5
4 3
4 9
9 9
10 5
10 10
9 10
9 7
6 10
8 7
4 3
1 8
3 5
4 2
