n 50
m 2
cap 30
Processing
13 64
30 52
75 91
70 87
1 28
24 33
81 19
69 99
56 97
66 2
63 79
45 62
96 93
59 49
32 9
26 84
22 84
7 95
94 57
97 79
7 56
80 6
80 93
27 94
36 64
9 77
63 63
82 24
62 44
77 68
11 60
63 42
76 87
26 6
79 1
17 11
46 46
73 93
44 53
8 93
11 12
36 1
31 51
27 61
37 2
20 69
64 81
22 65
26 25
84 6
Size
1 5
1 3
1 2
10 4
2 7
3 1
10 10
2 5
6 6
4 3
4 6
9 7
3 10
8 9
3 9
4 6
8 3
8 7
8 5
3 1
1 1
3 6
9 1
4 1
6 10
9 2
2 2
4 2
4 1
5 10
2 1
10 1
7 6
1 5
4 3
10 5
6 8
9 1
7 7
1 3
8 10
9 5
10 3
1 8
6 4
4 1
2 6
7 8
8 3
4 4
