n 50
m 2
cap 50
Processing
66 94
94 72
39 67
46 17
43 17
36 80
60 1
68 94
71 6
29 35
45 55
25 57
83 2
75 71
86 46
14 79
31 86
21 11
24 24
52 51
9 58
52 94
38 17
4 98
18 70
73 25
89 79
98 79
46 56
35 72
16 87
83 67
30 48
98 36
60 89
76 24
13 72
34 62
93 96
96 74
7 51
13 23
53 11
19 46
18 46
28 26
23 7
42 84
84 27
85 51
Size
10 5
7 5
1 3
5 7
7 10
2 9
1 10
7 6
2 5
3 1
8 6
4 9
6 9
5 3
9 7
5 6
5 4
7 1
2 5
9 3
5 5
6 10
5 5
7 8
1 6
2 3
10 8
6 7
7 4
7 5
2 4
1 9
10 8
5 6
3 8
2 1
4 7
7 3
10 8
3 6
9 5
8 7
8 2
7 6
5 2
5 2
7 7
9 9
6 2
1 9
