n 50
m 2
cap 50
Processing
36 11
99 91
100 22
99 27
45 8
3 94
73 32
63 40
46 3
25 42
53 61
70 38
89 84
12 4
58 2
86 79
45 54
7 84
43 94
46 4
91 44
79 8
80 54
68 5
28 43
97 22
4 50
67 89
70 50
87 50
9 39
65 7
39 98
13 51
43 11
12 96
7 80
18 28
33 43
59 17
74 31
89 4
95 79
27 88
17 86
49 21
46 44
19 79
85 48
91 2
Size
7 4
10 5
1 5
5 4
1 3
3 2
5 7
4 8
2 3
5 10
2 9
4 7
6 10
4 1
6 9
2 7
8 2
7 6
9 7
2 8
1 7
5 9
7 1
7 10
5 10
4 2
10 10
4 2
4 2
2 2
8 8
2 1
7 10
8 8
10 5
2 10
5 2
5 7
4 1
1 4
4 9
7 8
5 5
1 7
8 1
2 10
6 8
4 10
4 8
8 1
