n 50
m 2
cap 50
Processing
28 43
15 39
29 1
73 27
62 34
99 10
29 27
52 23
87 100
66 36
7 4
98 66
91 100
58 100
94 8
36 2
82 24
86 11
41 89
49 6
40 65
84 15
29 43
67 26
39 83
58 4
61 35
74 47
60 26
75 70
6 4
85 59
100 84
43 94
36 13
88 72
99 51
62 53
96 83
62 24
74 67
21 61
22 100
70 49
59 33
63 51
7 38
79 31
1 7
26 58
Size
10 9
7 3
2 8
10 6
5 1
4 9
4 7
9 9
9 1
10 5
7 1
9 5
10 3
3 5
8 3
8 9
7 6
8 4
5 4
10 1
4 5
2 8
1 10
8 6
5 6
6 5
4 5
5 2
3 2
3 2
3 7
10 3
4 1
9 10
5 3
8 10
10 9
8 7
10 1
5 7
10 3
5 5
4 9
1 1
6 7
6 9
7 1
8 10
2 7
9 2
