n 50
m 2
cap 50
Processing
33 43
19 18
16 56
21 79
63 60
1 68
11 8
39 26
49 20
43 4
53 51
48 98
65 49
30 60
39 60
68 37
7 31
76 48
18 30
87 81
6 50
93 69
49 9
42 97
22 49
49 46
39 55
73 31
32 90
66 82
82 67
90 76
92 86
80 52
97 92
55 92
13 42
46 47
23 1
44 56
24 79
77 40
97 87
90 83
16 5
18 46
21 41
73 100
38 68
21 75
Size
4 2
5 3
7 5
6 1
4 4
7 3
7 6
10 10
8 3
2 3
3 9
3 8
1 7
1 3
7 10
6 10
1 10
5 8
9 7
4 9
9 1
9 6
10 4
3 7
8 3
8 9
9 9
4 4
5 8
8 4
7 9
10 7
3 4
3 10
2 3
10 5
4 5
8 6
2 5
3 3
6 10
1 1
1 3
4 9
5 10
6 3
10 8
9 4
3 5
8 5
