n 50
m 2
cap 50
Processing
77 51
63 43
34 4
33 49
7 29
10 4
45 18
71 45
28 83
12 31
27 37
56 72
64 36
56 86
89 82
61 20
58 64
14 59
16 55
86 21
53 19
77 5
46 15
93 34
74 7
14 72
81 16
51 45
33 82
26 20
54 10
53 39
92 78
55 81
62 69
4 9
70 44
51 11
84 100
39 60
55 60
53 43
73 63
44 26
96 1
29 69
10 62
80 91
87 88
9 69
Size
8 4
3 4
4 2
4 8
2 5
3 9
3 3
9 1
2 3
4 3
3 8
2 6
10 2
3 2
8 4
3 10
2 3
3 1
1 10
7 1
9 3
1 2
8 2
7 2
7 2
6 8
3 8
10 8
8 4
9 1
8 4
2 7
7 2
8 8
3 7
6 3
5 7
8 5
8 8
4 3
4 4
1 5
10 5
1 6
1 10
8 3
4 1
9 2
5 7
8 10
