n 50
m 2
cap 50
Processing
40 18
24 28
30 33
73 34
74 14
75 15
98 34
13 65
37 89
32 33
41 12
58 17
53 90
28 38
99 77
88 60
58 73
29 20
98 3
67 30
2 40
10 6
74 63
72 16
23 56
11 75
10 69
14 36
68 34
22 16
14 21
85 68
96 14
41 41
96 28
13 8
20 49
84 73
66 85
83 70
40 49
69 80
70 66
30 38
12 20
27 2
24 97
92 100
90 51
78 99
Size
9 8
1 7
10 4
6 10
1 2
2 9
9 6
9 2
8 1
7 9
1 7
6 6
2 6
8 6
4 2
4 9
8 5
8 5
10 10
8 4
5 2
8 2
5 7
8 7
4 7
4 7
2 10
2 10
10 6
9 9
2 3
7 4
10 1
6 7
5 8
2 5
7 6
10 2
5 10
8 6
5 8
6 7
5 5
3 5
5 6
7 6
8 9
2 6
10 8
7 4
