n 50
m 2
cap 50
Processing
82 92
89 38
72 33
39 99
92 64
17 53
98 57
43 42
81 81
98 16
53 56
79 95
96 68
82 92
31 27
40 13
46 93
60 43
27 35
37 75
36 19
34 38
78 9
65 28
61 34
46 33
25 8
53 14
8 31
95 48
61 35
66 59
31 17
100 27
43 66
12 87
79 67
41 53
26 31
15 30
51 32
68 74
31 96
22 31
34 89
82 49
65 49
81 61
82 52
78 41
Size
3 8
1 2
7 6
7 6
7 7
5 6
1 5
5 7
7 4
4 2
3 10
9 7
9 8
3 1
9 3
3 3
3 7
5 2
9 10
2 5
10 7
1 4
5 5
4 7
2 9
10 6
8 1
9 5
2 3
3 8
8 9
2 3
7 3
8 6
7 1
2 3
8 2
8 3
4 8
2 1
9 9
7 6
1 10
2 3
8 9
5 8
2 10
4 3
8 8
3 1
