n 50
m 2
cap 50
Processing
47 16
24 74
75 14
6 22
74 95
7 9
97 71
31 45
9 48
76 79
56 48
25 94
49 53
57 13
60 6
47 75
78 16
100 72
54 34
99 39
42 19
65 37
5 72
63 24
68 91
64 50
89 86
57 81
35 37
95 8
69 56
2 57
81 43
94 9
54 55
87 26
60 49
45 92
27 43
87 24
67 7
54 11
6 55
67 29
28 41
96 10
77 81
29 98
64 90
15 11
Size
5 6
7 6
3 1
7 2
2 2
7 9
2 3
1 8
7 4
3 1
8 9
10 4
7 2
7 3
10 8
6 8
1 2
10 3
10 5
9 1
10 7
1 10
9 9
1 8
8 3
5 4
1 6
10 8
7 1
3 5
6 2
6 10
4 8
1 7
8 1
2 6
10 5
2 2
10 8
10 3
3 9
10 7
4 5
4 2
5 4
9 6
8 3
3 8
9 6
10 9
