n 50
m 2
cap 50
Processing
28 97
29 69
14 25
71 31
10 44
71 10
35 92
3 69
76 42
9 17
86 34
73 7
64 27
67 60
98 79
76 36
7 72
55 36
47 56
34 74
96 69
68 71
88 37
81 1
97 40
86 53
88 84
22 60
91 81
3 79
64 50
84 93
97 100
13 59
65 31
89 92
37 54
52 91
79 11
58 75
73 56
39 90
81 49
61 13
44 12
36 50
50 16
50 43
93 35
24 14
Size
4 5
10 10
4 4
10 7
3 5
7 1
3 1
9 4
8 10
10 3
6 1
10 9
3 6
1 6
5 7
1 10
8 5
2 7
9 1
8 8
6 10
9 4
1 9
4 8
9 2
2 8
10 4
7 1
2 9
4 3
4 9
3 10
7 4
8 3
8 4
2 7
2 6
1 8
3 6
6 1
10 6
9 6
10 5
4 6
9 8
4 5
1 3
2 2
6 7
5 7
