n 50
m 2
cap 50
Processing
30 64
3 84
26 17
13 46
96 27
10 56
90 53
65 11
43 8
76 1
100 73
93 19
54 24
27 68
37 80
77 60
97 18
42 23
96 21
69 53
11 10
6 21
99 29
42 15
24 3
40 54
64 33
35 39
33 5
15 49
4 21
19 93
1 14
82 7
56 32
87 6
16 40
44 9
74 81
36 5
32 9
57 19
48 15
16 83
62 69
72 25
96 21
64 7
91 21
83 59
Size
10 3
2 3
4 3
7 8
8 6
6 4
8 4
6 6
2 7
8 9
2 10
1 9
7 5
2 9
6 7
9 10
2 2
2 5
6 4
6 7
2 2
3 6
3 1
9 9
8 1
8 4
6 6
1 3
3 9
5 3
7 10
8 3
5 8
5 10
9 8
7 5
7 1
2 4
8 1
6 4
7 10
1 2
7 1
8 4
2 1
7 9
8 9
2 10
6 2
3 2
