n 50
m 3
cap 10
Processing
87 61 20
51 90 39
67 55 13
35 51 68
56 79 30
88 39 99
27 8 3
61 87 8
92 60 43
4 22 43
58 70 70
65 79 57
97 17 67
2 64 63
27 86 12
20 28 69
13 48 72
61 46 16
90 93 52
4 59 18
75 70 80
27 84 81
86 57 55
41 73 16
5 65 78
50 21 98
71 16 15
30 78 70
93 93 46
61 5 98
95 47 95
6 91 65
88 19 84
100 71 83
79 49 40
69 55 5
50 81 89
85 17 55
17 73 7
95 95 83
87 4 58
34 43 26
2 90 9
12 25 84
82 89 52
47 36 58
3 23 34
78 21 54
53 26 63
98 69 98
Size
9 7 3
4 1 4
9 9 3
6 6 5
8 2 2
7 8 1
8 5 9
7 8 5
2 9 9
5 9 10
5 5 8
2 9 8
7 3 3
3 7 3
9 6 4
3 6 10
5 10 2
2 6 6
3 3 3
3 3 2
2 9 9
5 10 2
5 3 6
8 7 2
7 10 1
8 3 1
8 5 3
9 10 3
10 5 10
6 10 4
9 8 5
5 3 6
3 9 10
2 8 4
1 5 5
3 8 9
2 5 7
5 8 7
10 1 9
9 8 1
8 7 3
4 4 1
1 8 2
3 10 6
7 3 9
3 7 6
6 3 3
2 7 3
4 1 7
10 10 4
