n 50
m 3
cap 10
Processing
13 22 82
80 72 97
74 87 46
66 61 54
54 88 23
84 15 93
35 28 7
42 80 75
81 38 56
28 20 64
92 35 54
42 34 48
22 26 46
65 84 12
10 43 51
76 21 46
72 5 26
85 64 85
37 12 95
64 35 7
42 59 93
19 11 48
77 100 22
98 82 11
59 21 20
80 60 57
52 7 90
18 96 14
82 57 43
32 65 50
94 2 77
18 99 44
46 21 56
24 48 49
29 11 68
82 66 23
12 54 95
57 49 16
82 48 33
61 7 15
95 8 11
35 100 90
63 14 93
35 10 72
1 38 35
47 60 31
26 54 100
31 62 17
83 63 54
23 45 37
Size
9 2 4
9 3 7
10 1 5
5 10 7
3 9 8
3 6 2
9 6 5
10 4 5
8 5 2
6 5 2
4 1 1
4 9 10
7 5 2
3 6 6
10 7 10
2 1 5
5 4 1
2 2 9
7 5 10
2 9 1
7 2 7
1 8 10
1 7 10
1 9 10
10 6 5
4 5 6
9 3 4
7 8 6
3 10 7
6 2 4
8 1 1
9 1 2
1 2 1
4 2 7
9 9 5
9 3 6
10 1 10
9 9 7
6 1 2
5 2 1
1 4 1
1 9 8
10 2 7
9 4 9
9 6 9
4 8 6
4 6 10
9 2 7
1 8 1
2 1 1
