n 50
m 3
cap 10
Processing
37 52 88
65 30 74
53 12 62
95 3 93
34 12 95
10 74 98
38 16 67
47 36 62
69 7 43
71 64 84
74 5 49
39 93 97
17 34 43
58 91 94
33 61 89
70 71 58
11 2 61
45 52 72
21 28 7
82 49 33
1 69 22
13 44 9
1 37 6
71 4 81
81 72 12
44 15 80
59 90 16
21 68 5
19 73 46
60 43 99
35 39 72
48 3 6
21 39 56
53 59 36
17 20 66
12 8 27
38 67 32
12 90 84
4 25 34
61 10 11
62 93 40
63 15 74
10 53 73
23 87 22
5 63 9
38 66 28
2 42 42
26 72 33
6 30 62
76 94 4
Size
4 7 6
4 6 4
1 7 4
1 5 9
1 8 1
5 8 5
5 9 9
1 10 6
10 5 3
4 2 5
4 2 5
6 5 9
1 6 2
9 3 8
2 3 7
10 7 1
4 8 10
7 1 7
9 9 10
2 9 7
4 7 8
2 2 3
1 9 1
2 8 3
7 8 4
4 6 10
4 6 10
9 10 2
10 7 7
5 8 6
5 1 10
7 7 9
7 6 5
9 8 4
5 6 1
7 5 1
2 8 8
4 4 1
10 1 2
8 1 10
3 6 6
9 10 2
7 7 7
9 2 5
5 10 4
4 7 10
9 10 8
7 5 4
1 9 1
5 1 6
