n 50
m 3
cap 10
Processing
72 91 6
95 42 94
67 96 8
61 39 95
90 20 39
99 51 78
70 50 97
51 76 95
16 30 95
63 21 47
50 76 79
7 60 39
99 98 19
4 15 75
35 71 72
57 33 77
63 79 28
15 11 41
51 15 51
94 87 61
89 51 84
89 51 59
19 7 81
24 30 30
98 92 90
64 89 60
29 19 93
91 53 86
90 66 100
90 100 48
20 59 51
11 60 5
35 82 92
22 43 23
22 55 30
67 90 68
39 74 23
2 72 29
78 11 30
99 81 30
9 66 28
21 100 32
84 32 12
53 45 60
92 50 22
34 9 65
63 3 66
65 87 25
87 68 79
40 64 83
Size
5 7 8
3 1 6
1 6 7
5 1 8
6 8 4
9 4 1
3 5 7
7 10 3
1 4 8
7 4 5
1 9 3
10 3 2
6 8 1
6 9 6
6 3 10
9 1 4
3 5 9
6 7 10
8 2 7
9 2 7
9 8 2
9 9 10
2 1 6
3 6 4
8 5 6
10 1 9
10 9 4
7 6 3
6 1 6
3 4 3
4 8 2
7 1 7
4 4 4
1 7 5
1 9 7
3 10 6
3 8 9
3 5 2
7 3 4
5 8 4
5 4 2
4 10 3
2 4 1
10 6 10
9 1 8
3 7 3
7 5 5
2 5 2
7 6 4
3 1 2
