n 50
m 3
cap 10
Processing
18 52 20
67 66 31
13 39 53
43 53 59
8 60 52
44 53 54
97 90 15
76 89 83
84 12 36
69 82 87
77 59 69
83 74 56
14 99 46
2 21 86
47 40 33
68 18 41
75 49 63
77 99 61
57 7 99
36 69 66
6 20 69
15 49 92
3 24 45
13 61 30
20 29 3
88 10 59
18 40 96
50 12 97
16 11 53
72 16 61
22 4 75
91 73 57
84 61 45
92 83 14
90 57 93
83 19 100
68 32 60
24 4 53
66 10 72
34 78 43
99 68 16
93 23 53
20 2 54
25 17 6
41 56 83
75 43 20
71 92 13
94 61 58
55 53 83
23 74 76
Size
7 8 9
1 6 6
10 10 7
4 2 10
7 3 7
1 10 9
10 6 6
1 9 1
10 5 2
6 3 8
10 3 4
4 6 3
4 10 10
4 5 5
7 1 9
9 10 5
2 7 4
5 9 10
9 3 8
10 5 6
9 4 9
2 2 8
8 7 4
2 2 4
3 10 5
10 4 5
2 7 7
3 4 3
2 2 7
8 3 9
1 5 10
1 6 7
9 9 9
8 2 5
9 3 3
5 7 1
1 2 7
4 5 5
7 9 5
8 1 10
4 6 3
5 3 7
2 7 4
2 7 5
4 10 7
9 4 4
7 1 6
6 4 9
10 1 9
2 4 3
