n 50
m 3
cap 10
Processing
28 96 30
57 44 89
76 17 82
83 65 66
99 59 30
94 80 82
20 29 68
32 10 23
67 7 7
12 51 54
90 22 69
86 8 98
6 89 48
86 61 36
7 21 25
86 24 45
10 76 99
46 67 63
54 75 46
8 82 46
6 48 1
45 72 32
72 27 11
86 47 33
42 35 20
71 45 14
40 20 2
32 42 80
22 79 48
11 53 89
12 15 48
52 58 12
39 85 35
47 19 99
94 54 78
34 64 40
99 70 74
26 19 21
48 51 80
28 88 60
46 49 44
88 7 77
75 81 62
26 4 17
11 98 94
100 6 30
77 17 67
5 86 78
55 72 28
47 31 59
Size
5 2 5
3 7 9
4 2 4
6 10 4
10 7 4
3 7 3
3 5 5
7 9 8
3 6 6
1 8 6
10 3 9
2 2 9
7 5 7
2 1 9
9 2 8
4 2 4
6 1 9
7 6 8
10 4 3
2 6 2
7 4 3
7 10 4
5 1 10
2 6 6
6 1 4
8 4 1
2 1 5
4 3 7
4 9 7
1 1 1
10 5 9
2 4 5
1 4 10
4 5 4
3 10 3
2 5 7
7 9 1
9 6 9
1 9 5
7 10 10
10 1 4
6 4 9
10 8 8
1 4 7
4 1 8
9 7 6
2 1 6
9 7 4
2 5 6
2 3 7
