n 50
m 3
cap 10
Processing
99 51 70
12 76 88
32 60 5
13 45 23
94 36 57
62 87 80
69 92 44
24 14 29
72 28 87
32 74 93
70 68 33
100 95 50
46 69 24
34 38 57
14 59 38
36 34 56
51 42 77
16 25 49
32 80 41
11 3 23
4 63 7
33 6 93
18 99 16
32 94 28
86 88 31
18 37 83
19 6 79
77 75 15
76 66 38
24 20 21
44 19 70
81 23 88
1 28 100
40 77 26
59 38 69
10 13 68
4 44 22
99 13 23
29 19 4
29 82 19
23 37 74
72 15 68
45 95 42
17 66 96
1 5 1
48 23 80
27 60 82
81 11 54
29 92 87
61 29 92
Size
1 4 1
10 6 7
10 3 6
8 6 3
2 4 3
5 6 9
8 2 6
6 3 6
10 8 8
10 5 7
1 3 7
2 4 5
4 7 2
3 4 5
7 2 7
8 3 2
1 3 7
2 3 5
1 1 7
2 8 10
8 2 8
10 10 9
10 7 8
5 3 1
3 10 8
1 3 8
4 7 7
5 6 10
6 10 3
7 9 10
3 3 4
8 3 4
3 6 9
10 7 6
10 10 1
4 1 2
2 4 7
1 6 4
7 9 9
5 9 5
6 4 4
5 8 2
10 5 2
2 6 4
2 4 8
1 1 6
1 7 5
10 6 1
3 4 10
2 5 3
