n 50
m 3
cap 10
Processing
19 4 26
20 78 45
31 50 15
85 41 32
91 78 56
51 32 18
43 63 42
75 21 76
61 28 70
59 72 47
17 55 17
94 24 1
93 52 53
3 95 52
60 78 69
69 9 100
100 18 46
51 43 80
12 78 73
80 37 1
13 42 82
63 26 53
70 64 69
45 90 41
95 91 92
82 54 97
60 44 47
48 91 68
33 73 45
43 10 90
59 82 78
27 76 88
16 46 40
72 24 36
86 80 12
6 27 19
22 85 46
83 11 64
6 70 87
19 97 37
41 46 61
59 1 6
42 26 47
36 24 58
28 39 6
65 99 12
86 76 64
25 14 73
58 63 25
70 10 33
Size
3 4 8
10 2 5
4 4 4
3 1 7
2 3 10
5 9 2
9 5 10
8 10 1
5 2 6
1 8 6
3 7 6
10 10 6
4 6 2
5 4 3
7 9 4
1 9 2
9 7 5
8 10 1
6 5 8
6 9 8
7 10 1
5 2 9
2 6 10
2 6 7
8 10 9
8 6 2
8 9 1
10 9 10
8 7 4
6 8 9
8 1 9
1 10 10
6 8 3
3 10 3
2 2 1
5 8 10
9 4 9
4 4 8
4 6 7
10 7 7
2 4 6
2 6 2
8 1 3
7 1 7
4 10 1
6 2 10
3 3 4
8 10 5
4 1 6
4 5 8
