n 50
m 3
cap 10
Processing
11 92 84
62 38 21
50 65 22
40 98 18
78 55 49
24 87 20
55 43 31
97 14 71
39 24 73
100 24 58
81 94 1
63 5 93
20 82 30
50 80 52
67 81 82
50 56 85
70 72 71
20 9 1
41 32 5
25 10 88
63 68 95
58 47 23
78 57 45
19 67 85
20 61 4
54 37 97
31 41 18
45 81 85
90 64 1
3 38 40
44 27 41
84 1 66
45 9 20
70 11 27
47 51 33
100 74 56
93 20 26
36 60 33
68 61 53
58 41 61
100 3 74
42 84 36
87 50 49
32 24 84
1 30 29
42 23 5
32 53 49
66 80 67
52 81 85
33 55 16
Size
1 5 1
4 2 3
10 1 2
10 5 4
8 6 1
7 4 4
2 6 9
7 10 3
4 2 6
1 5 2
4 5 3
4 8 5
8 10 10
5 9 8
4 9 10
8 2 3
9 4 6
9 3 8
2 7 8
9 9 7
10 10 7
6 9 9
10 4 10
4 10 5
1 6 4
3 4 3
3 6 8
6 9 7
3 6 6
7 7 1
4 6 8
9 5 4
9 8 3
8 7 7
5 10 8
7 9 4
8 4 10
1 7 2
9 6 7
3 5 10
10 9 1
8 2 4
8 7 3
10 1 4
6 1 7
7 4 7
7 1 5
7 10 2
10 4 1
9 7 10
