n 50
m 3
cap 10
Processing
63 27 96
86 34 42
90 45 19
15 86 68
90 77 85
3 14 89
13 78 18
8 9 31
65 67 64
35 47 26
58 39 66
49 75 80
39 77 91
79 11 54
19 59 97
76 27 26
17 57 6
65 1 14
38 65 42
74 40 19
49 60 75
26 94 31
54 41 80
47 78 40
50 44 49
1 22 20
84 7 88
67 92 61
35 11 11
98 6 87
11 80 4
33 18 21
80 25 75
57 75 50
21 100 30
27 48 31
48 46 51
29 92 14
21 6 52
53 84 42
4 67 5
31 10 55
35 25 39
38 33 20
60 9 85
14 54 88
32 22 49
96 25 30
47 43 5
97 51 23
Size
1 5 1
10 7 9
6 7 1
2 8 10
3 4 6
10 10 2
3 7 3
6 8 5
2 3 1
9 2 2
10 8 8
2 2 9
3 7 5
6 7 1
8 5 6
10 7 2
9 1 9
9 4 4
6 6 5
5 10 10
5 1 1
5 5 6
1 4 8
6 8 6
3 3 5
10 8 2
2 2 4
2 9 4
6 4 7
1 10 7
2 2 8
8 5 5
4 8 8
9 9 9
1 8 8
7 1 1
3 5 8
5 8 10
1 6 8
5 10 4
2 1 10
4 6 7
8 5 3
10 6 8
6 4 4
5 6 10
2 4 8
3 4 3
5 1 7
7 3 8
