n 50
m 3
cap 20
Processing
53 4 42
59 42 89
82 94 11
52 38 43
57 52 37
20 54 7
98 68 1
41 35 90
18 94 3
23 48 53
46 96 44
81 26 69
20 7 56
71 87 53
70 14 45
93 96 77
60 45 30
70 62 54
2 27 51
85 6 53
48 43 22
94 24 75
74 76 4
91 71 52
48 92 91
19 33 60
11 6 99
85 19 32
87 88 83
71 13 60
48 59 96
85 85 67
61 89 44
5 94 60
72 14 67
15 20 55
27 30 19
35 83 13
5 100 64
75 37 17
93 67 100
73 40 92
2 84 45
37 55 87
52 74 80
75 39 73
56 40 55
51 38 75
44 87 87
100 2 44
Size
8 2 10
9 9 4
2 3 7
5 3 3
4 2 5
6 2 5
4 1 4
10 8 6
4 1 5
3 10 5
8 9 5
8 5 2
2 5 5
6 3 3
1 5 1
6 5 5
7 8 2
9 8 10
10 10 7
2 8 4
5 10 6
3 7 5
3 6 5
2 8 7
9 6 8
3 2 4
6 9 5
7 8 3
2 2 6
9 4 5
2 1 5
5 5 5
4 3 4
2 3 3
7 1 4
9 8 2
8 2 9
3 5 8
9 9 5
3 1 3
4 8 5
6 1 2
3 1 3
7 8 4
6 2 1
6 9 3
1 3 4
6 3 6
2 10 2
3 4 5
