n 50
m 3
cap 20
Processing
4 63 74
78 62 70
13 84 41
18 23 9
10 98 16
95 75 69
96 95 50
63 28 99
71 10 72
45 98 20
12 97 33
67 75 51
100 65 21
75 38 71
86 79 96
57 26 98
95 58 31
99 33 35
54 82 14
65 50 45
84 54 39
48 3 53
48 7 3
92 76 2
38 14 25
48 17 44
33 83 26
92 74 76
21 91 70
51 96 53
60 77 51
65 71 96
76 93 29
71 82 63
52 75 50
58 22 69
47 1 80
89 87 73
25 94 9
21 58 28
24 11 44
73 50 90
58 59 31
7 52 64
30 70 58
28 59 18
24 93 59
8 15 25
43 2 20
73 55 92
Size
8 1 4
3 1 2
4 3 10
7 6 6
3 9 7
2 4 1
3 5 5
10 7 7
10 7 4
4 1 2
1 7 3
3 3 1
1 9 8
4 4 9
1 5 7
10 9 2
3 2 4
10 2 9
3 4 9
5 5 9
9 1 1
3 10 10
6 10 1
2 10 5
1 8 9
4 9 7
1 2 6
9 7 1
2 3 8
4 5 7
8 9 9
4 10 9
9 2 1
3 8 6
5 4 6
6 5 8
8 9 8
3 1 3
4 9 9
7 7 8
2 6 2
3 7 2
2 5 6
7 10 1
2 3 5
5 7 8
2 6 9
6 10 4
6 10 10
9 3 8
