n 50
m 3
cap 20
Processing
71 29 74
94 2 66
83 72 58
55 43 96
17 40 72
63 64 7
54 50 74
81 30 32
46 91 4
57 39 84
77 33 61
73 48 78
66 19 90
54 78 20
53 79 77
24 25 23
7 57 36
65 43 95
99 2 45
31 82 11
30 34 47
36 64 49
4 82 81
67 66 52
49 90 99
45 19 9
35 5 52
70 58 50
25 69 68
81 68 37
78 4 17
25 61 38
64 96 87
29 99 81
60 14 48
64 47 39
2 45 2
63 86 54
51 23 84
98 73 76
20 49 65
98 1 51
86 19 96
2 77 13
83 28 69
62 30 4
79 95 67
40 32 23
80 31 46
8 25 1
Size
6 8 6
1 8 4
6 8 6
7 1 1
5 3 7
5 8 4
4 8 7
5 9 8
2 9 9
5 9 3
6 5 6
10 2 4
3 3 9
2 10 7
6 6 1
3 5 5
5 9 2
6 4 4
10 5 6
5 2 5
1 4 6
6 7 2
3 2 6
5 3 3
8 2 9
4 3 4
3 9 3
3 2 3
3 7 4
6 8 7
6 7 10
5 2 8
10 3 5
9 7 1
4 4 5
5 7 7
5 1 9
4 10 3
6 1 9
5 6 2
3 8 7
10 5 10
10 7 9
10 7 1
4 10 2
3 2 3
4 1 4
6 1 7
1 9 5
6 4 8
