n 50
m 3
cap 20
Processing
38 96 71
24 92 18
78 4 88
36 30 88
92 53 67
71 54 36
14 12 79
96 9 88
62 35 81
44 29 59
86 2 10
26 80 89
62 34 9
14 94 22
85 5 63
8 26 15
85 8 14
97 48 30
4 73 24
82 36 85
65 37 17
69 1 31
41 37 66
57 84 65
44 91 44
31 23 35
59 52 18
61 93 36
55 68 81
79 64 89
38 16 2
41 66 91
68 52 6
67 100 54
64 71 84
39 58 31
29 81 54
84 8 29
27 60 60
81 30 14
16 34 32
19 48 17
49 52 43
42 26 72
100 50 72
52 21 66
80 80 27
41 29 49
90 7 4
5 12 78
Size
3 9 5
3 3 9
1 1 10
9 2 6
4 5 2
1 3 9
8 6 8
10 9 8
2 2 10
10 5 6
5 3 2
7 9 9
3 7 7
5 4 7
7 10 1
3 6 3
4 1 1
7 3 6
10 5 10
1 4 6
2 3 9
10 2 2
8 10 3
8 3 5
4 4 10
7 10 3
3 9 1
10 6 1
6 4 9
10 5 5
7 6 1
6 6 5
7 10 5
10 7 8
8 3 9
3 10 3
3 2 1
7 7 9
7 1 5
10 2 9
6 2 8
2 1 7
10 2 2
8 9 3
1 6 9
3 4 2
1 3 1
5 4 10
5 6 10
2 1 3
