n 50
m 3
cap 20
Processing
57 94 33
31 47 87
73 51 13
15 45 57
25 7 45
33 39 72
43 87 32
81 68 61
87 8 36
54 77 77
24 8 26
56 82 18
66 18 93
11 53 85
65 89 61
35 87 70
60 28 69
40 48 100
59 30 2
64 70 57
86 98 6
55 6 27
49 14 15
41 2 3
89 44 23
52 3 81
67 15 83
10 55 76
66 9 70
91 84 9
79 75 65
51 80 98
98 56 10
82 90 83
25 87 81
2 13 72
16 50 39
7 96 66
53 85 42
47 23 39
83 74 68
73 41 66
63 89 73
25 5 59
26 52 51
17 6 5
84 98 43
100 67 29
85 33 46
11 65 35
Size
2 2 10
7 6 3
4 7 9
7 9 10
8 10 10
7 2 9
1 9 10
8 5 3
8 4 2
2 3 4
6 10 9
10 8 6
4 5 6
4 3 4
8 4 7
4 5 1
7 2 8
2 2 7
3 2 3
6 3 2
8 10 1
4 8 7
6 5 4
9 6 4
5 5 3
10 2 8
3 1 5
3 3 10
4 1 2
6 10 10
3 1 10
9 1 1
6 9 4
3 1 5
7 7 6
10 10 8
10 5 4
7 10 5
2 7 7
3 4 7
3 8 8
9 6 2
4 2 1
9 9 5
2 5 5
7 10 3
1 3 2
9 1 6
1 2 8
1 1 3
