n 50
m 3
cap 20
Processing
88 66 8
86 88 50
42 99 82
45 10 62
14 65 63
92 79 95
44 34 17
33 77 20
31 60 34
69 42 1
14 44 14
21 81 65
92 56 44
50 59 50
93 45 54
30 25 44
49 58 6
72 38 31
89 70 98
33 30 92
69 71 65
41 4 33
99 76 60
58 9 29
64 58 56
80 3 67
8 68 70
88 16 95
19 46 71
32 3 13
54 34 86
88 89 96
78 4 87
6 29 19
29 24 38
97 70 40
18 29 24
79 93 40
57 72 49
18 60 33
17 35 39
33 99 69
80 4 74
67 96 86
5 49 6
86 83 22
86 57 94
48 40 44
53 7 68
96 93 54
Size
4 8 6
9 2 2
10 6 2
3 4 7
3 7 8
7 4 2
9 7 10
4 7 6
1 1 7
1 6 5
1 7 6
5 9 7
8 3 9
3 3 7
1 9 10
10 4 3
2 10 9
6 5 4
7 10 1
9 4 8
10 4 4
2 3 4
6 3 3
10 7 8
10 5 4
2 3 6
7 2 2
9 7 10
8 8 3
3 2 2
10 9 1
1 8 10
3 8 2
1 2 3
5 10 2
4 3 5
6 7 7
10 3 2
5 7 6
2 4 3
3 5 1
8 8 6
2 3 9
4 1 9
1 1 1
10 5 1
10 3 2
8 6 2
9 5 8
8 9 4
