n 50
m 3
cap 20
Processing
2 5 77
3 76 36
56 31 72
81 2 94
52 62 60
27 75 86
57 58 48
47 18 97
75 41 21
53 74 2
59 49 93
55 100 41
81 22 15
61 10 99
5 8 21
19 100 68
13 5 39
59 80 20
41 43 23
15 55 98
91 79 86
5 23 87
75 77 56
69 16 10
64 68 87
97 13 45
5 1 45
34 77 78
18 45 72
42 62 63
67 90 68
21 40 14
22 68 55
44 51 42
29 86 59
88 49 27
91 81 86
73 67 15
50 83 48
18 22 8
1 5 69
52 79 53
26 90 6
14 22 15
60 43 98
66 89 23
46 23 91
58 28 45
56 88 42
39 59 41
Size
8 3 6
1 6 7
4 5 8
4 10 10
1 7 7
3 6 9
3 6 9
3 10 6
1 4 6
8 5 10
6 3 4
5 10 2
5 5 10
8 5 3
8 5 4
2 2 1
2 5 6
5 1 1
3 9 10
5 9 10
9 4 6
2 5 8
7 5 8
1 7 8
2 7 9
3 6 4
1 3 4
9 6 1
2 2 6
10 10 2
9 5 6
4 8 10
5 5 7
9 1 10
4 5 1
5 5 1
6 5 1
8 6 7
10 10 8
6 5 9
7 3 8
10 2 5
6 3 5
3 5 2
6 3 10
9 10 4
5 6 4
3 7 9
7 1 5
2 4 4
