n 50
m 3
cap 20
Processing
26 27 39
10 27 33
94 1 64
63 41 45
35 100 58
30 27 35
81 60 80
37 2 87
31 3 76
63 55 31
20 68 66
40 66 34
66 99 74
31 33 98
13 96 49
87 88 13
25 11 87
43 54 24
3 84 77
80 26 63
2 90 80
43 94 84
28 38 43
29 93 58
49 47 52
98 47 67
22 86 65
37 29 47
22 22 61
34 88 92
56 18 83
29 45 69
86 24 32
100 92 11
66 38 65
92 97 62
91 73 91
43 59 17
44 87 96
18 34 22
8 82 89
61 5 26
36 96 67
88 48 4
23 66 72
50 59 70
3 2 64
97 27 25
71 69 5
99 81 71
Size
3 1 4
4 2 4
10 6 9
9 6 5
6 6 9
6 9 9
6 4 2
2 10 3
10 8 6
10 2 6
6 2 8
4 10 4
9 6 2
1 1 2
9 1 10
9 10 7
5 4 5
2 10 9
2 9 8
8 6 7
7 7 2
8 5 3
2 6 1
4 5 5
4 6 1
8 7 6
9 8 2
4 8 2
1 1 5
5 8 4
9 9 3
2 10 1
10 9 4
8 2 10
4 5 7
3 7 1
5 10 8
6 7 9
8 3 8
4 10 4
4 6 1
8 4 3
7 3 10
5 1 8
1 9 8
1 9 10
2 9 1
6 7 6
1 10 9
5 7 4
