n 50
m 3
cap 20
Processing
96 12 71
90 96 25
72 12 16
67 31 43
80 85 22
30 13 84
27 75 88
82 83 12
24 91 8
50 23 86
98 81 93
37 15 54
33 86 25
48 38 34
64 69 81
40 24 23
99 43 26
60 32 49
43 65 30
92 59 57
9 24 54
67 89 69
100 37 1
53 70 85
33 88 42
67 80 19
38 9 22
88 40 41
15 68 91
68 32 42
61 93 22
93 90 18
96 67 53
49 44 78
91 90 56
34 21 33
54 51 25
82 62 44
27 24 11
73 65 30
61 38 51
16 67 66
49 68 49
24 23 27
96 72 90
72 24 77
60 29 80
21 44 85
87 68 4
15 32 17
Size
8 7 10
10 5 6
4 4 5
1 8 1
7 6 7
6 8 2
2 2 8
6 1 9
6 3 6
2 10 4
10 4 7
9 3 7
10 2 4
2 7 9
6 10 5
6 5 6
9 7 5
3 9 10
7 6 6
6 3 6
3 8 9
4 1 8
8 3 6
9 2 7
4 9 9
4 2 1
5 8 7
4 2 6
3 5 4
4 10 3
9 9 7
4 7 10
5 2 3
9 6 4
4 8 3
5 5 2
7 9 2
8 2 1
9 4 2
9 5 9
9 3 4
3 1 10
2 1 4
1 3 5
6 10 4
4 7 4
7 3 7
10 4 7
6 6 10
4 7 8
