n 50
m 3
cap 20
Processing
15 99 74
87 22 16
16 7 71
6 10 56
43 7 90
9 27 14
40 88 16
21 37 1
83 6 1
80 52 100
28 39 1
100 26 89
67 56 42
37 26 28
83 18 59
80 77 55
10 99 44
5 88 77
51 70 29
39 94 70
44 59 84
22 86 89
67 65 46
44 80 46
34 24 28
11 8 12
68 75 74
71 45 77
89 69 15
90 34 88
40 93 95
61 64 1
42 19 96
18 51 74
5 11 91
58 90 65
30 95 82
97 33 9
15 94 95
22 38 61
70 18 57
99 32 48
90 77 18
7 38 67
15 4 20
31 98 58
19 78 25
61 83 84
26 61 25
13 48 74
Size
8 9 5
1 9 7
9 9 3
10 10 7
4 4 9
2 10 2
9 2 9
9 5 8
7 4 5
6 3 7
4 6 4
8 3 9
9 8 7
10 10 1
6 7 3
5 6 7
4 2 9
1 7 10
9 6 9
8 6 5
2 6 5
5 9 1
8 6 8
9 4 2
7 9 6
9 3 1
6 5 5
10 1 3
3 2 1
1 9 6
1 9 5
2 5 5
1 9 6
1 2 2
3 10 7
1 9 5
4 5 3
9 8 1
3 8 3
10 8 6
7 9 7
9 5 2
8 8 2
8 4 8
2 6 9
10 3 4
6 7 7
5 1 7
2 2 6
8 4 7
