n 50
m 3
cap 30
Processing
21 22 55
7 36 79
86 40 72
57 63 17
72 9 36
54 12 26
75 11 49
40 14 89
28 77 54
20 79 7
65 59 30
36 14 92
24 24 5
36 32 12
85 28 9
79 83 24
58 44 53
49 39 57
41 7 15
9 83 59
9 50 41
78 5 8
87 6 30
68 100 47
62 8 71
50 14 88
96 3 92
62 2 85
39 64 59
27 51 7
23 29 44
69 77 6
93 55 15
38 73 59
99 6 58
18 90 81
50 13 39
78 6 20
10 67 96
78 51 94
51 13 96
27 77 6
2 20 79
57 31 48
48 34 33
40 3 45
3 86 70
19 43 66
15 1 99
53 59 84
Size
2 6 9
3 10 4
9 2 3
6 5 9
3 1 9
9 7 1
9 8 6
3 9 6
7 4 10
5 9 2
8 7 7
6 1 3
10 10 1
5 6 10
10 8 3
8 2 8
1 1 1
6 10 2
9 2 2
5 1 3
7 6 8
2 9 1
7 6 1
6 1 4
6 2 8
5 4 7
5 2 7
4 1 8
8 6 7
8 8 8
1 1 9
6 1 3
9 3 10
1 2 2
8 6 1
10 10 6
7 10 3
4 6 10
6 9 9
6 1 5
10 5 1
7 6 2
7 9 10
6 5 9
2 9 1
3 10 2
2 5 10
9 10 7
10 4 1
1 5 1
