n 50
m 3
cap 30
Processing
58 92 46
81 96 82
73 67 20
86 56 3
62 98 92
58 39 27
98 72 1
40 99 73
72 45 18
34 21 79
23 35 14
62 48 43
55 73 26
2 19 78
61 67 36
13 99 37
29 75 59
89 82 11
80 89 21
3 93 22
78 16 9
11 78 80
49 21 30
16 88 62
100 63 55
42 53 26
24 22 80
87 45 25
61 90 58
16 56 84
61 16 15
40 63 88
23 3 79
66 23 74
15 65 40
27 26 17
36 57 4
69 32 87
38 28 63
80 90 78
93 26 20
52 43 10
63 66 100
26 18 18
48 61 45
57 38 82
10 100 57
8 8 58
9 79 64
11 39 14
Size
1 3 7
9 6 4
10 6 5
10 1 1
7 7 10
3 5 6
1 10 4
9 4 10
8 5 8
1 6 8
8 2 9
7 9 7
1 8 5
3 5 2
9 7 10
5 4 7
3 4 5
5 2 2
5 4 9
6 1 6
3 8 9
7 4 3
10 2 2
9 5 2
10 4 6
10 1 2
3 1 5
4 3 2
5 10 4
5 8 3
1 8 5
2 6 5
8 4 10
1 3 6
2 1 8
7 3 4
7 7 5
5 5 9
8 9 2
2 10 3
1 5 10
5 1 6
1 8 3
2 1 7
1 8 6
1 1 9
9 4 5
1 7 10
6 7 5
1 2 1
