n 50
m 3
cap 30
Processing
87 4 56
85 92 50
74 26 91
53 65 30
52 85 64
40 50 5
68 88 98
52 64 45
77 55 38
37 65 26
4 74 1
43 56 75
23 74 31
65 32 64
17 87 27
38 42 58
53 69 56
97 33 31
98 35 51
92 71 95
57 89 34
34 62 17
21 42 35
4 93 56
87 18 36
12 79 92
16 57 10
64 50 35
56 58 51
10 11 18
17 43 32
14 20 17
61 89 87
18 74 94
31 17 85
39 1 79
89 63 31
18 57 34
84 33 27
84 40 38
33 95 34
32 31 90
73 50 25
64 46 26
31 7 33
58 5 60
35 70 86
38 95 35
75 63 2
37 47 4
Size
3 10 5
9 8 2
10 9 8
6 4 10
3 7 7
1 4 3
4 4 4
8 8 1
6 1 2
10 3 1
6 5 5
4 3 8
2 2 1
4 1 4
1 1 1
7 4 2
8 4 5
1 9 1
2 1 3
10 1 3
1 5 5
9 8 5
8 10 4
8 9 1
4 3 10
6 5 3
10 3 7
2 3 6
9 2 4
5 3 7
7 2 6
3 10 7
2 1 9
2 10 9
5 1 10
1 6 9
6 2 5
8 10 3
3 10 3
10 10 3
2 6 8
5 4 1
2 1 8
8 3 7
7 3 4
8 4 5
8 9 6
9 10 5
4 8 9
8 5 6
