n 50
m 3
cap 30
Processing
97 28 51
99 10 4
36 10 15
97 15 92
8 4 56
48 60 21
80 79 71
57 88 21
20 51 13
26 12 95
81 28 3
13 92 6
80 35 87
28 51 74
96 81 43
3 14 64
1 9 79
57 3 7
89 75 81
73 38 49
98 58 10
19 2 83
85 26 58
68 50 79
90 70 69
18 9 26
48 25 73
48 25 52
72 3 26
61 46 72
33 58 57
42 4 48
49 28 46
8 79 28
23 86 25
36 54 40
100 7 61
15 10 3
42 13 40
56 54 78
77 34 39
40 50 79
46 39 82
93 91 3
54 36 90
1 86 65
88 50 66
22 28 90
50 62 82
86 59 57
Size
8 8 1
1 4 10
7 6 10
8 4 1
1 7 4
1 4 2
4 10 6
6 9 10
6 3 8
3 9 9
3 7 7
7 5 9
3 7 8
2 5 9
10 2 8
10 1 2
8 3 4
6 9 1
9 10 3
8 2 5
2 4 3
1 6 2
3 4 8
10 4 3
9 3 9
8 2 8
8 2 8
3 9 7
2 7 1
1 5 2
9 8 3
6 2 9
6 8 6
10 1 2
9 9 7
4 7 3
3 2 8
7 7 6
10 10 2
5 9 9
9 7 9
10 6 4
3 1 4
6 7 8
10 4 7
2 3 8
8 3 8
4 5 10
2 10 5
8 4 8
