n 50
m 3
cap 30
Processing
71 86 97
40 28 43
37 6 11
74 35 76
71 38 24
91 24 96
53 28 65
93 4 42
43 46 28
2 20 36
58 20 12
42 45 41
46 89 71
71 22 31
68 83 46
79 26 77
100 9 86
92 24 24
50 39 97
70 77 72
75 16 32
26 11 28
36 83 47
48 74 21
92 70 86
96 89 62
42 78 69
88 64 18
65 20 33
5 76 48
15 54 94
39 98 60
2 63 96
20 84 59
22 72 55
87 4 73
93 75 2
68 35 85
65 81 6
17 94 81
9 52 22
48 22 70
43 31 46
63 35 33
37 3 43
45 86 7
97 76 21
65 80 54
75 97 44
80 18 18
Size
5 3 7
6 5 3
7 3 5
8 3 4
1 10 7
4 6 5
3 10 8
6 2 9
4 10 2
4 6 9
4 7 7
5 6 5
3 1 3
10 9 9
3 2 10
2 6 7
9 1 10
3 4 1
4 5 5
1 3 1
6 7 2
9 8 4
4 9 9
2 5 7
1 2 10
5 9 9
7 10 5
1 3 2
7 3 2
10 7 4
5 7 10
9 2 3
4 7 2
5 9 7
7 2 8
8 8 2
2 7 7
7 1 5
1 10 1
6 6 3
7 4 7
4 9 9
4 8 2
3 6 3
3 5 10
9 10 4
5 7 2
10 1 1
8 3 7
4 10 8
