n 50
m 3
cap 30
Processing
54 36 29
45 90 45
85 68 20
62 79 86
62 96 99
26 22 14
64 14 86
93 26 97
82 63 32
9 14 62
21 84 88
93 50 3
62 54 77
56 53 48
2 34 58
99 44 31
54 34 77
64 65 19
32 13 41
63 1 86
44 86 52
42 79 14
78 96 55
70 83 33
11 78 93
64 93 1
22 23 73
41 49 48
26 73 21
21 65 99
71 14 95
19 14 66
31 77 36
51 83 34
29 22 94
93 16 100
97 64 49
30 22 32
77 59 70
67 75 3
52 44 20
33 80 3
53 97 50
82 48 41
46 21 29
68 21 17
72 83 99
63 99 31
99 39 40
12 16 40
Size
1 8 1
4 3 2
8 10 6
8 7 9
6 3 7
4 8 5
8 6 6
1 3 8
2 1 3
2 5 8
1 8 5
5 9 10
3 7 8
2 7 3
4 5 2
5 8 10
10 6 5
1 5 6
4 6 9
10 1 10
4 9 10
6 2 2
8 9 5
3 9 5
5 1 4
9 3 7
1 3 2
10 9 10
5 2 10
6 6 7
9 3 3
6 2 10
10 3 7
10 2 1
7 5 8
7 1 9
6 6 7
5 6 2
7 9 2
3 1 9
3 2 3
1 9 6
6 1 3
9 5 6
5 1 6
7 2 4
8 4 9
8 9 8
4 10 6
3 10 8
