n 50
m 3
cap 30
Processing
9 69 38
48 36 76
53 23 84
94 69 84
12 69 63
6 14 89
99 29 92
80 88 82
20 78 31
4 40 32
9 78 2
42 74 91
92 65 7
95 76 50
74 99 44
25 63 63
76 43 48
66 43 49
77 37 62
34 24 29
2 91 54
92 64 83
43 25 3
86 9 80
30 34 71
76 77 38
19 12 79
98 98 42
21 13 94
32 31 9
86 7 82
73 33 86
18 84 40
89 48 6
17 67 15
45 59 28
42 5 69
21 61 15
15 92 83
56 11 62
54 91 4
10 89 81
25 55 17
91 81 89
34 95 99
80 10 21
63 29 58
93 95 91
47 25 64
41 76 45
Size
2 2 4
6 10 4
5 9 1
8 10 2
1 7 4
3 4 2
7 2 8
7 6 5
10 2 8
9 5 9
10 7 3
2 1 7
3 8 6
9 6 1
6 4 2
4 2 6
4 7 3
3 10 7
7 1 10
9 2 2
2 7 6
3 3 6
4 8 9
1 1 7
7 5 6
5 6 2
3 6 8
3 9 1
9 1 1
8 3 2
2 9 4
4 8 6
7 9 4
5 8 7
6 5 2
1 3 5
1 2 8
8 8 3
6 2 7
2 2 6
6 4 9
3 4 3
10 7 1
2 4 1
2 1 1
1 5 3
8 9 2
2 10 8
5 8 10
1 3 1
