n 50
m 3
cap 30
Processing
98 60 75
28 26 99
93 82 76
1 82 75
6 93 48
57 25 53
30 38 54
92 9 32
85 32 87
61 69 53
35 17 93
20 2 76
94 5 1
27 79 100
40 13 30
67 59 64
6 70 14
19 29 50
44 40 97
60 37 90
46 74 70
62 39 32
60 88 13
97 58 60
32 17 19
83 90 24
81 75 30
99 98 9
10 71 55
96 57 89
40 79 7
12 50 80
98 29 91
97 59 35
94 10 35
80 57 83
91 45 40
20 68 74
30 73 76
35 18 2
9 94 7
41 67 63
20 59 12
75 31 70
75 93 100
20 34 66
35 55 85
57 79 41
67 1 7
52 96 27
Size
2 2 7
5 1 6
8 6 4
10 3 10
10 7 6
3 8 3
3 6 9
7 5 7
1 10 9
9 9 8
7 8 4
9 8 10
8 2 6
8 3 9
7 4 6
3 7 6
4 10 9
1 5 3
1 6 7
9 4 5
5 1 7
10 4 6
1 5 9
8 8 1
7 10 9
7 10 9
10 4 8
7 10 8
10 7 6
9 1 1
1 7 1
9 1 10
4 6 4
3 1 5
1 6 9
9 3 6
5 6 6
2 5 4
9 2 10
9 8 5
9 2 1
9 7 5
2 4 10
4 1 7
7 3 1
5 2 8
6 2 3
9 9 8
1 3 3
5 3 7
