n 50
m 3
cap 30
Processing
99 65 24
12 76 26
60 55 39
67 43 70
17 77 27
42 40 57
8 53 28
67 29 82
73 22 93
20 13 42
31 62 59
38 96 33
74 22 34
8 49 18
7 67 43
56 26 57
9 3 6
95 72 18
14 6 75
46 84 10
59 15 54
1 15 42
74 6 67
62 36 57
65 75 66
68 100 13
63 57 10
14 59 56
60 73 43
6 87 99
3 70 41
68 72 34
53 61 8
87 5 57
59 54 56
93 60 44
89 98 57
73 77 42
35 16 70
35 89 50
86 16 4
43 49 14
38 54 61
14 22 1
90 30 80
79 62 68
83 36 31
86 23 54
8 59 11
80 60 63
Size
8 7 10
4 6 10
5 4 1
5 1 5
1 9 5
4 2 1
10 7 3
9 6 3
1 1 3
7 9 6
5 6 2
6 3 10
3 2 2
5 6 2
10 1 7
9 8 10
7 5 10
7 5 8
6 2 4
1 5 9
10 7 3
9 7 4
1 2 2
7 9 4
5 6 3
2 7 10
8 4 5
8 1 6
8 5 6
2 10 4
3 10 3
5 7 4
6 1 2
10 1 1
8 2 2
3 5 10
5 8 4
1 3 10
8 5 8
10 9 4
1 10 1
5 9 9
6 9 6
10 1 8
9 2 5
6 10 7
1 5 5
3 6 7
2 9 7
1 6 7
