n 50
m 3
cap 30
Processing
4 26 25
21 16 16
74 45 94
74 62 95
46 45 60
65 77 93
24 32 66
95 85 68
15 67 61
68 39 64
68 66 37
54 7 43
71 56 2
34 17 87
18 47 15
24 88 16
15 14 82
11 26 32
39 22 86
65 31 47
8 59 15
16 36 72
91 12 2
18 79 19
54 76 16
59 55 38
10 95 59
77 99 44
37 48 81
46 54 4
31 42 26
62 66 75
82 20 47
43 66 62
54 50 10
8 13 46
50 17 47
42 39 16
19 99 100
7 60 25
61 1 64
69 33 45
8 12 25
26 47 52
96 75 25
45 63 37
57 83 2
28 11 80
42 50 39
64 13 41
Size
6 6 9
10 1 4
10 4 3
6 10 4
8 4 2
10 5 7
5 5 10
8 5 9
8 6 2
5 5 9
9 5 1
6 7 3
4 1 4
9 9 9
1 1 6
8 6 6
5 8 8
3 1 10
3 7 1
8 7 7
7 5 5
2 10 6
9 4 6
10 8 8
7 9 6
3 6 1
4 1 9
7 4 7
2 6 10
3 8 4
5 9 8
7 3 10
7 9 5
7 10 6
8 9 5
8 3 8
7 9 8
2 2 5
2 1 3
6 1 1
7 4 2
5 2 1
4 5 9
6 4 10
8 9 9
5 3 1
10 8 3
1 8 9
10 5 6
4 3 10
