n 50
m 3
cap 50
Processing
21 53 77
43 83 40
72 27 79
7 6 83
71 93 85
42 5 56
87 72 12
31 76 19
8 83 20
50 13 52
49 67 12
30 58 88
42 59 19
64 88 76
17 36 9
11 12 35
71 91 76
50 71 94
18 99 34
62 82 19
24 71 25
36 44 17
59 54 81
75 94 16
23 4 70
28 4 73
64 18 62
61 27 15
52 68 41
5 97 30
18 79 70
4 81 96
46 98 99
44 54 14
75 58 91
27 46 5
80 69 16
17 10 55
7 21 34
32 49 65
85 68 18
100 35 19
36 64 83
1 73 67
52 77 3
24 47 2
54 66 32
53 39 14
97 54 19
50 38 41
Size
3 7 2
10 4 5
10 3 3
5 2 6
5 7 9
2 4 7
4 4 1
1 3 2
3 9 3
8 1 9
2 2 6
5 7 2
4 3 5
5 6 9
9 2 10
10 10 6
10 5 2
9 9 4
5 1 8
3 5 4
4 9 1
7 10 7
9 8 5
3 1 1
5 5 6
8 6 9
8 10 9
1 1 8
8 8 3
10 7 9
8 3 5
2 6 6
8 5 9
3 5 10
9 7 8
9 10 8
9 3 1
1 8 9
9 2 1
1 4 6
10 9 4
9 7 5
1 9 8
9 10 4
6 7 2
1 2 1
6 2 10
2 1 7
1 5 9
9 1 5
