n 50
m 3
cap 50
Processing
100 3 87
57 46 80
31 35 83
18 17 21
24 8 76
16 36 86
94 31 20
21 97 6
50 35 9
88 33 74
18 69 73
65 20 3
89 93 8
21 27 19
69 11 59
16 64 95
44 76 81
94 32 7
43 33 32
88 30 64
88 9 65
3 1 51
20 76 22
48 20 12
18 93 24
39 70 52
76 86 56
81 11 88
21 63 69
40 62 43
5 68 35
6 60 16
69 9 45
97 97 89
51 47 67
71 25 39
19 79 40
73 91 88
71 8 61
66 54 51
45 9 42
62 12 70
49 44 47
4 75 21
12 30 68
67 18 44
91 28 39
5 17 3
50 94 18
8 61 22
Size
2 6 1
1 8 4
10 8 4
10 8 9
4 9 4
4 6 2
6 4 1
4 4 1
2 6 9
9 10 6
1 1 1
6 7 4
1 3 3
4 4 10
1 1 1
4 9 9
3 4 7
3 2 1
5 10 10
5 6 3
10 9 9
5 7 7
6 8 7
1 7 7
2 9 4
1 6 4
7 3 10
6 3 2
8 3 3
4 4 7
6 8 1
1 3 3
6 7 2
8 4 5
1 10 6
6 3 6
7 2 6
2 1 4
2 2 9
9 1 5
1 1 5
2 8 4
8 3 6
5 4 3
1 4 9
9 5 7
2 5 8
4 6 8
7 7 10
4 8 5
