n 50
m 3
cap 50
Processing
6 55 12
31 76 73
80 55 95
92 26 36
37 46 91
37 48 98
99 99 99
49 14 20
49 74 74
23 37 65
56 90 66
26 67 47
91 18 78
51 29 33
40 79 26
37 16 58
68 4 94
32 31 45
46 31 21
76 3 96
52 25 84
33 28 91
74 72 47
95 64 17
64 48 20
67 59 88
22 4 18
88 74 45
36 54 60
11 55 65
25 24 6
48 3 2
8 30 70
94 83 36
93 53 78
84 90 51
11 59 74
75 23 61
12 64 50
20 72 21
19 33 20
76 21 8
91 10 98
47 2 36
14 65 8
6 24 56
3 74 76
88 39 52
19 21 74
81 92 65
Size
7 5 7
2 8 8
1 4 8
5 10 4
4 2 10
9 9 3
3 3 2
3 10 6
6 7 4
2 6 6
8 9 9
8 5 9
7 7 8
6 6 7
2 2 1
7 6 9
9 4 10
3 8 6
7 1 9
4 5 5
4 8 3
2 2 9
4 10 7
8 2 4
6 10 10
5 1 4
7 8 5
8 2 3
7 1 7
9 8 3
9 4 7
8 2 3
2 4 8
1 5 10
5 7 3
6 4 1
5 9 6
5 5 6
8 7 6
8 1 1
1 3 9
10 3 10
5 7 4
3 8 5
8 7 7
1 3 7
2 7 1
8 1 6
7 5 6
9 7 7
