n 50
m 3
cap 50
Processing
54 27 64
86 26 35
45 42 55
59 74 98
34 61 72
33 3 56
87 87 56
62 22 66
72 17 67
75 51 91
83 3 73
10 62 94
61 49 40
21 14 66
70 23 78
12 78 37
72 28 97
3 52 91
18 95 62
62 40 15
54 24 86
88 33 47
53 29 46
74 50 100
39 9 13
39 34 50
1 18 43
76 60 1
36 44 48
63 35 92
44 36 75
84 19 37
13 99 67
84 31 77
30 14 21
81 61 37
15 64 86
43 55 58
93 71 63
34 36 100
3 66 15
28 41 59
53 37 39
6 54 37
47 90 78
18 100 91
98 25 61
83 73 29
83 100 55
37 56 79
Size
4 8 6
2 1 8
2 8 6
1 4 9
9 8 10
7 1 3
7 1 5
10 2 8
1 5 10
4 8 7
7 3 4
5 9 9
5 8 6
1 4 1
3 6 9
6 6 2
7 3 3
8 5 5
7 8 3
1 9 2
9 5 9
5 5 1
2 7 1
9 6 6
3 5 1
10 7 1
7 1 6
8 8 2
2 7 4
6 9 2
2 5 1
2 9 1
2 8 8
2 4 3
5 10 2
10 6 5
10 9 1
5 3 7
1 4 5
8 10 1
7 3 9
1 9 7
5 5 2
7 6 7
7 10 3
10 10 2
2 2 4
8 6 6
3 3 7
4 7 3
