n 50
m 3
cap 50
Processing
59 71 83
68 56 99
90 62 61
22 17 55
19 21 64
19 14 75
77 18 71
56 45 37
20 75 82
60 48 35
47 88 3
3 9 68
69 39 85
41 67 67
28 41 12
88 91 58
39 55 26
79 69 64
77 31 78
93 69 83
75 36 64
49 97 15
21 72 54
29 49 19
77 87 17
97 37 46
3 20 95
72 8 47
80 63 26
69 26 52
59 89 51
51 37 68
56 90 91
41 59 69
60 68 52
80 82 33
32 93 78
95 18 10
76 32 100
53 73 1
84 6 52
62 59 37
1 91 99
20 2 69
80 43 46
48 8 11
50 47 63
2 48 73
1 66 59
68 81 20
Size
5 4 7
7 9 1
7 6 6
7 10 7
8 1 6
9 4 7
3 9 7
2 9 4
4 4 1
10 8 8
7 10 6
4 8 5
10 10 10
3 10 3
4 2 10
4 10 6
8 4 8
7 10 2
6 10 7
4 8 1
3 1 3
5 5 10
1 5 6
5 1 10
6 7 9
7 4 7
10 7 10
10 3 10
1 1 2
6 1 6
3 9 4
2 1 9
10 4 8
9 3 9
2 5 6
2 4 8
8 5 7
8 9 6
8 5 5
2 2 3
6 4 6
1 8 5
7 8 8
5 7 8
4 6 8
4 8 2
6 6 8
8 10 3
1 9 9
8 9 9
