n 50
m 3
cap 50
Processing
31 28 78
87 72 1
43 57 68
58 9 80
50 54 87
22 27 78
38 13 71
64 58 99
29 60 33
92 87 37
85 22 69
16 90 80
83 85 45
77 42 47
75 93 31
40 39 15
88 23 87
37 12 64
64 83 4
60 91 59
82 71 94
8 85 22
63 56 66
95 80 22
75 49 10
21 61 100
82 85 89
41 95 23
32 48 73
66 48 60
93 34 28
4 65 52
31 25 98
4 89 60
95 22 5
31 74 31
74 21 98
74 4 45
4 49 66
90 100 6
74 70 54
12 8 14
15 86 9
84 63 88
98 39 20
91 34 22
57 91 97
12 13 41
98 18 75
66 85 100
Size
10 7 5
3 3 3
7 3 10
2 7 1
8 10 5
10 5 4
1 9 8
4 2 4
2 8 7
4 7 9
2 2 7
1 1 3
4 3 4
2 6 6
7 4 1
1 9 2
5 9 4
4 2 2
5 9 2
3 5 5
7 4 3
6 1 10
4 9 4
7 10 1
9 4 3
4 6 1
4 8 1
9 1 2
7 4 2
3 5 8
6 7 2
8 9 8
5 7 8
10 3 8
4 3 7
9 3 6
1 6 8
9 10 5
5 2 3
3 3 7
8 9 7
9 3 6
4 1 4
10 2 6
9 6 5
6 3 9
10 3 5
1 3 8
4 10 3
2 8 3
