n 50
m 3
cap 50
Processing
58 41 37
56 36 46
63 66 35
29 40 77
67 54 60
4 83 60
88 97 28
11 89 77
22 48 69
26 70 16
8 2 33
21 69 8
98 60 79
96 77 69
92 97 58
93 98 92
18 75 15
92 44 83
52 36 73
45 94 20
89 55 62
6 54 56
59 19 94
38 27 68
9 81 74
51 54 60
22 23 47
19 8 83
2 56 51
9 45 28
75 12 16
84 7 38
7 82 82
33 98 85
67 59 45
95 81 9
19 58 20
38 52 21
52 97 60
54 70 66
72 85 33
20 62 83
55 39 96
20 62 35
62 97 93
98 24 76
21 2 1
33 25 30
20 34 1
42 99 90
Size
10 10 10
2 3 10
4 7 10
10 4 5
6 7 5
1 5 5
1 6 2
1 6 5
2 8 6
1 3 7
3 4 4
3 4 3
1 6 1
5 6 3
6 7 3
5 2 5
6 5 8
4 8 9
3 3 1
3 2 5
2 10 2
6 1 9
4 4 2
7 5 9
2 7 3
9 10 4
2 1 10
8 9 5
3 9 5
4 7 9
2 3 7
7 5 9
5 3 5
7 5 1
2 9 5
6 5 4
9 1 1
4 8 10
7 8 4
9 5 9
3 8 3
5 9 7
6 1 8
4 10 10
3 7 1
10 5 8
9 9 2
2 7 2
4 2 7
8 3 1
