n 50
m 3
cap 50
Processing
98 23 89
42 39 23
97 75 93
1 4 12
77 36 67
72 85 49
79 93 78
96 76 38
9 53 72
39 17 32
44 72 15
55 34 16
72 77 46
36 22 33
94 60 32
46 79 67
81 14 42
40 38 49
55 49 11
85 14 54
29 18 36
3 75 93
35 54 22
76 26 76
22 97 46
30 78 1
77 96 53
94 67 58
12 39 92
37 43 56
50 72 86
55 46 71
58 27 100
47 77 72
64 47 95
25 46 15
98 46 10
16 74 64
60 57 70
65 56 4
13 77 30
42 63 13
17 47 12
41 27 91
72 96 3
99 74 13
65 9 16
53 99 53
57 77 82
18 12 62
Size
3 6 4
8 9 2
1 4 6
1 7 3
8 5 9
2 8 6
2 6 6
5 8 9
1 10 6
2 5 10
3 2 1
1 8 10
2 9 9
5 4 4
5 1 4
9 7 5
10 2 5
1 8 2
6 4 3
1 10 9
10 2 4
2 4 3
4 7 7
3 1 10
8 3 2
1 5 3
7 4 4
5 7 8
10 2 7
2 10 5
6 9 10
7 10 5
2 2 7
2 7 1
2 1 8
1 1 2
5 10 10
3 7 4
7 9 10
8 2 9
10 5 4
8 2 5
5 1 7
1 9 7
7 5 9
10 9 10
1 4 2
8 6 7
6 5 5
5 8 1
