n 50
m 3
cap 50
Processing
82 81 25
91 37 27
12 50 88
25 47 78
44 11 18
48 29 55
28 88 11
38 9 62
39 13 40
52 49 98
49 66 13
28 24 63
71 99 44
45 12 14
46 37 28
43 12 71
65 10 93
49 9 84
13 77 1
60 24 70
94 14 47
96 30 83
13 51 19
25 98 62
35 79 64
68 74 99
8 21 96
100 34 29
31 55 9
11 10 87
44 27 97
66 70 26
25 60 58
3 41 14
89 52 45
65 5 2
18 58 86
98 19 3
61 59 30
90 16 35
51 11 3
92 12 26
86 89 32
66 33 64
52 40 18
64 28 59
13 89 6
51 95 67
92 53 36
40 12 40
Size
8 2 8
7 4 6
3 5 10
1 4 2
3 7 3
1 5 2
9 6 10
3 8 5
5 10 5
3 7 6
2 8 2
2 9 10
1 2 3
10 5 6
8 3 8
1 7 6
10 2 4
4 8 10
1 1 9
6 2 1
3 9 1
7 3 2
1 3 6
7 4 5
4 9 5
7 3 9
10 2 9
3 9 4
5 1 3
10 8 10
4 4 6
10 8 7
4 1 1
7 7 9
7 6 10
2 6 6
6 5 8
5 4 10
8 2 8
10 7 10
10 10 1
10 4 7
7 6 8
6 6 8
2 2 2
1 10 7
1 9 3
5 6 7
7 1 3
2 2 1
