n 50
m 3
cap 50
Processing
78 93 73
93 1 33
27 19 9
44 28 52
48 69 20
56 64 22
98 14 89
68 50 35
54 60 38
52 4 60
28 49 36
69 92 35
14 10 88
3 26 15
70 32 9
50 33 67
32 100 62
16 100 63
82 30 37
75 46 13
73 51 79
12 77 39
90 7 66
48 35 18
38 7 83
50 94 75
40 26 89
81 69 73
15 58 43
29 66 16
87 96 16
60 5 76
40 18 72
48 62 98
70 33 53
71 50 9
77 40 51
45 92 94
95 56 58
4 78 30
35 81 90
27 56 34
74 82 36
89 11 11
43 97 77
30 61 66
36 75 94
47 61 70
56 13 13
14 64 46
Size
4 10 1
8 7 2
2 3 8
6 9 7
6 3 1
3 9 2
5 8 4
5 10 10
5 3 2
1 7 10
6 9 7
6 3 9
1 3 4
10 2 7
7 4 3
8 6 1
1 1 4
3 2 1
2 3 7
9 6 7
10 8 8
3 8 7
2 7 5
6 7 3
3 8 9
5 10 2
6 9 10
1 7 10
10 10 9
9 3 4
2 2 2
6 9 10
9 5 1
1 4 2
5 7 9
6 2 5
4 4 10
2 7 2
5 3 2
4 5 8
3 5 7
10 8 9
7 2 8
8 2 9
2 9 6
9 10 6
5 1 2
2 4 5
8 1 6
6 10 2
