n 50
m 5
cap 10
Processing
68 30 7 86 64
72 57 1 57 20
87 93 48 73 59
50 83 52 96 44
20 4 25 58 100
35 70 48 56 82
86 93 43 57 98
82 81 10 30 76
74 86 51 18 86
88 14 49 45 89
39 52 74 82 36
32 82 69 44 7
68 84 68 89 13
76 17 63 16 87
17 36 39 77 61
31 65 26 10 64
14 22 21 63 14
98 65 96 34 100
33 11 76 63 61
43 52 27 27 54
93 47 36 58 79
19 72 1 77 73
81 5 49 42 58
59 31 35 90 76
32 76 85 98 93
16 39 19 92 38
13 34 13 41 90
7 12 64 15 95
76 10 45 92 91
63 56 62 54 50
81 85 88 13 17
2 68 80 75 19
47 6 40 91 58
57 1 59 70 23
70 83 30 47 22
21 74 34 84 11
42 48 39 64 50
43 27 2 71 50
85 68 90 82 14
64 86 29 73 67
20 36 48 97 71
31 24 66 12 1
43 71 16 86 99
32 39 90 78 34
20 87 3 95 64
70 42 22 92 66
58 71 33 42 89
94 19 38 44 2
98 36 50 35 35
8 50 74 70 75
Size
4 10 5 2 5
4 3 4 5 5
8 1 1 3 1
7 4 9 10 6
5 2 10 3 5
1 7 4 2 8
5 6 4 4 8
2 3 9 7 5
8 10 4 4 3
10 9 2 4 10
3 5 3 7 9
7 7 3 9 4
6 5 10 7 10
1 6 7 8 9
1 6 4 9 1
8 9 1 6 9
8 3 6 8 7
8 8 7 5 4
3 1 7 9 10
4 9 10 8 8
7 3 5 6 5
5 10 5 7 10
10 8 1 1 6
1 2 6 1 5
3 2 7 10 3
10 8 7 10 6
2 1 1 4 2
2 1 3 4 10
3 1 9 3 6
6 8 1 8 4
6 5 1 7 8
7 7 9 2 8
3 2 9 5 9
10 4 10 3 8
6 5 2 8 2
5 1 2 7 2
1 6 7 3 5
10 8 5 5 5
7 4 5 10 3
7 6 9 5 2
4 5 10 3 1
6 1 1 9 8
4 9 5 9 4
3 9 4 10 6
10 10 5 3 1
8 10 5 2 7
2 2 9 3 6
3 5 2 10 4
8 7 4 10 1
6 4 4 7 10
