n 50
m 5
cap 10
Processing
17 71 2 65 43
17 65 17 82 27
61 30 74 45 16
44 8 24 23 48
38 50 20 59 20
34 86 22 1 48
36 95 34 2 53
49 90 80 99 35
5 30 97 18 61
53 71 87 4 91
51 39 88 21 96
94 52 4 9 5
5 36 40 12 62
71 41 67 95 16
14 92 38 95 45
31 33 31 51 58
47 55 83 55 18
24 87 98 69 5
32 53 22 53 19
98 59 7 60 83
43 29 77 14 10
15 35 35 66 52
52 59 55 96 1
30 48 27 12 82
60 85 25 8 15
42 37 16 49 25
59 41 13 37 42
93 3 5 54 25
8 62 15 78 89
62 45 78 53 3
14 79 68 31 94
70 22 57 7 48
14 92 6 52 38
13 54 95 8 93
27 88 10 100 43
8 51 100 9 10
82 56 75 3 55
19 88 49 25 65
69 75 79 71 42
44 13 33 75 44
55 12 61 54 38
71 15 78 98 31
75 58 59 87 96
31 55 44 93 90
32 89 39 71 92
26 83 51 27 88
33 24 42 18 20
58 38 44 38 91
17 30 11 62 43
4 50 10 34 73
Size
3 1 4 1 4
7 2 3 3 3
3 2 3 3 7
2 6 5 3 3
6 9 5 4 2
7 1 3 8 3
9 5 3 6 8
9 5 4 8 9
5 6 9 4 6
2 10 8 3 5
5 10 4 2 6
7 8 5 2 7
2 4 1 5 6
2 9 1 5 4
9 5 10 3 5
5 2 1 2 9
9 2 10 8 7
5 3 5 3 4
9 6 8 6 9
4 5 9 10 8
4 2 3 5 1
5 6 6 3 3
7 3 3 5 8
8 4 2 9 6
1 1 5 10 1
5 10 9 2 3
2 10 5 9 8
4 10 5 6 2
9 4 9 4 10
1 3 2 6 9
1 4 5 4 2
10 8 1 10 3
9 8 3 5 5
10 7 9 6 4
10 2 6 10 9
2 5 7 4 10
8 4 5 10 6
8 9 10 10 2
8 7 10 10 10
10 6 8 4 9
10 8 9 3 7
8 10 8 9 6
2 5 8 5 1
6 1 9 2 5
2 5 3 8 10
5 2 8 8 7
2 4 9 5 4
9 2 6 2 1
4 4 9 10 2
2 9 1 8 10
