n 50
m 5
cap 10
Processing
68 4 98 66 32
52 92 61 61 27
60 97 48 11 39
67 54 98 5 72
78 20 90 98 68
26 54 98 89 40
9 32 4 96 41
20 100 4 46 76
3 100 95 84 9
20 91 15 77 87
38 80 82 1 96
9 50 74 2 47
92 24 59 90 75
58 73 71 51 43
51 9 52 41 8
73 7 39 3 8
71 53 34 53 89
81 58 23 45 15
34 10 92 24 95
82 56 20 49 13
40 56 21 59 27
26 36 29 72 57
6 19 43 15 51
48 40 31 98 84
35 12 69 71 53
9 51 14 11 90
8 9 36 87 68
44 18 49 57 28
4 65 3 43 91
35 55 1 51 12
43 80 16 8 12
92 27 81 1 83
19 70 74 73 35
12 4 45 80 24
89 83 16 5 14
10 47 81 37 48
6 91 67 32 74
52 60 54 58 85
57 22 46 35 20
3 4 98 64 9
35 8 95 92 29
27 65 20 11 78
81 46 38 79 84
64 26 50 25 10
99 22 35 32 66
82 38 13 10 37
86 20 51 33 84
14 61 13 76 99
9 15 12 69 36
14 3 10 19 38
Size
4 8 6 5 7
5 3 2 9 8
1 2 1 2 9
10 8 3 1 5
10 5 10 4 10
5 5 4 9 5
8 10 9 7 1
2 10 5 4 10
8 1 9 3 3
2 6 6 3 6
6 2 10 6 7
3 4 10 7 3
7 2 5 10 3
10 2 9 6 1
3 4 7 10 7
2 9 10 9 5
1 6 8 7 8
8 8 3 10 9
1 6 10 1 7
1 3 6 7 3
8 1 7 7 10
7 3 9 7 5
7 4 6 1 4
5 4 6 1 9
4 1 8 7 8
4 10 9 6 5
6 6 7 2 1
4 10 10 7 2
9 4 8 9 4
2 3 8 7 8
3 6 7 7 1
4 10 5 2 2
7 3 5 6 2
8 7 7 6 3
1 9 4 10 7
2 4 2 9 8
4 9 1 9 6
3 2 3 10 2
5 10 2 8 6
3 6 4 3 6
10 1 7 10 2
1 7 3 10 1
4 10 9 5 4
4 5 10 4 5
4 6 7 1 3
9 7 1 10 6
9 1 4 10 7
2 7 9 1 6
7 10 3 6 5
2 9 6 10 1
