n 50
m 5
cap 10
Processing
48 42 12 88 5
29 69 70 25 44
24 55 58 36 2
75 54 38 28 75
50 15 27 98 29
56 70 21 18 16
35 70 71 60 64
50 80 82 84 58
86 24 10 24 90
21 29 87 36 35
7 21 1 17 25
61 74 30 7 1
40 60 83 34 56
59 74 47 67 2
20 76 52 40 76
26 93 84 81 42
18 39 84 84 10
30 80 89 28 67
22 12 79 38 8
17 60 57 4 58
87 85 47 87 25
33 45 14 100 78
97 78 78 46 49
41 62 51 88 97
82 81 43 51 58
1 17 83 67 62
74 46 21 40 5
9 39 78 73 15
78 69 76 14 61
68 37 78 48 73
29 41 73 97 77
35 71 62 24 17
47 70 86 70 6
6 38 15 13 55
75 82 92 93 49
94 71 46 67 46
1 50 11 51 52
59 91 46 76 84
68 66 32 58 100
45 68 51 71 61
50 21 50 94 93
57 58 68 2 75
85 60 24 3 26
68 13 9 35 7
63 14 48 100 46
35 17 91 55 64
65 72 71 52 72
93 32 45 65 76
23 69 82 67 84
72 64 49 58 5
Size
6 9 1 4 10
6 1 1 8 1
7 10 9 2 6
2 4 1 8 1
9 7 4 6 5
1 6 9 1 8
2 6 2 6 1
7 2 10 8 10
4 6 1 6 7
5 9 8 8 3
10 2 5 7 1
3 9 3 5 6
4 7 9 3 6
7 9 4 2 9
4 9 8 7 2
6 7 10 2 9
7 3 8 9 4
6 6 6 4 8
1 10 8 1 4
9 7 5 3 8
3 1 3 3 10
9 2 3 7 2
8 9 10 4 9
7 10 1 10 2
7 6 5 6 8
5 5 8 7 3
8 2 3 9 10
6 2 1 5 6
10 10 4 7 7
6 8 7 6 8
9 2 10 3 1
7 1 6 6 7
8 3 8 10 5
2 9 9 8 3
7 4 8 7 7
4 3 2 5 2
5 8 4 6 3
8 2 9 4 8
9 1 1 7 4
5 2 10 8 6
6 4 4 1 9
3 3 8 10 2
2 1 10 4 7
4 3 9 5 6
1 4 10 2 9
3 6 9 2 3
8 6 8 10 9
10 4 4 2 10
3 5 7 10 3
10 2 10 1 9
