n 50
m 5
cap 10
Processing
29 59 12 100 16
11 7 54 14 35
44 82 7 69 61
83 84 37 89 45
92 38 42 32 23
96 99 54 66 87
68 34 51 14 62
56 40 57 53 27
34 31 5 8 59
99 12 43 53 46
98 45 44 92 82
8 6 4 30 68
93 16 32 4 69
90 26 15 23 4
59 58 39 5 86
26 98 73 43 1
56 3 21 10 18
53 25 98 89 54
3 26 79 74 28
30 85 57 28 80
50 24 64 79 87
33 84 62 24 91
24 56 31 50 38
14 17 80 36 61
60 99 64 89 12
2 97 4 65 56
75 98 74 66 83
32 72 87 37 52
7 49 47 2 55
93 59 90 97 11
17 33 49 70 11
34 61 53 63 99
83 91 79 82 88
44 20 91 89 50
41 48 41 51 28
43 42 86 21 3
3 37 66 78 94
50 37 17 30 44
66 3 39 82 30
14 82 63 2 28
16 74 66 76 7
64 5 52 34 63
85 36 91 86 92
11 18 18 19 87
37 65 74 39 88
6 85 77 46 21
31 3 88 96 26
74 30 53 74 76
34 13 32 49 23
82 73 10 82 93
Size
7 7 4 7 1
10 6 10 4 7
6 4 8 10 8
9 9 7 7 8
5 2 5 1 2
8 5 6 6 4
3 6 4 1 9
2 5 1 7 2
5 1 2 9 3
8 5 4 1 5
4 1 6 4 8
10 4 9 1 3
1 6 8 5 3
8 9 7 5 7
1 6 2 9 10
4 4 8 3 7
1 9 10 2 10
2 8 10 2 3
8 5 8 1 1
2 5 9 9 8
2 4 6 5 3
6 1 3 9 9
10 6 9 2 4
9 5 1 2 3
10 2 4 3 4
10 10 10 6 2
1 1 1 6 3
3 9 7 10 3
7 5 4 6 7
10 2 2 10 3
5 6 7 7 8
7 9 1 2 5
3 9 4 3 2
9 8 3 9 1
1 1 8 6 3
5 9 8 9 4
4 4 5 3 10
6 5 10 5 2
4 5 10 4 3
2 7 6 7 2
9 1 5 7 1
1 10 4 9 1
8 8 8 6 3
1 1 3 7 7
9 5 6 6 3
4 7 3 7 3
6 10 7 9 9
1 2 7 7 1
10 4 1 8 6
2 8 6 2 2
