n 50
m 5
cap 10
Processing
13 51 90 77 5
49 16 66 2 69
100 1 45 53 46
53 15 31 80 82
69 75 2 84 32
71 73 42 83 55
35 76 85 37 21
86 23 64 4 25
67 61 98 21 52
56 79 62 90 35
79 85 36 98 86
26 2 70 40 58
71 29 87 56 9
85 61 80 82 69
58 50 51 28 52
17 9 39 27 46
5 56 62 16 26
98 20 58 19 50
19 84 79 61 95
37 98 13 7 65
3 60 64 96 33
18 91 44 81 99
32 89 95 41 71
30 23 6 65 80
87 22 33 95 45
52 17 71 39 80
34 33 82 23 41
30 89 49 46 24
90 50 16 11 56
28 54 63 35 48
21 18 66 51 12
26 50 27 12 39
52 2 1 47 55
72 36 36 22 79
63 38 30 83 39
41 12 55 12 37
12 49 51 76 94
55 76 67 97 53
37 8 86 43 59
24 56 56 63 64
54 83 87 99 90
97 45 93 71 35
28 78 96 16 50
81 14 83 11 8
66 69 81 46 60
65 14 22 32 8
94 56 61 19 66
16 99 50 80 13
29 95 8 89 95
40 25 87 98 2
Size
2 3 8 2 3
5 10 9 4 4
10 6 5 1 3
1 6 7 10 5
6 9 10 7 6
5 7 9 9 1
5 9 9 4 2
3 9 10 7 9
6 4 10 6 9
2 2 1 10 6
4 6 10 3 7
7 1 10 2 1
1 1 3 4 5
5 3 10 8 3
8 9 8 7 5
10 9 9 9 2
1 2 7 7 10
3 7 3 2 8
7 4 2 6 6
4 3 1 5 2
8 5 4 10 2
4 10 10 5 8
9 5 1 9 5
9 4 10 2 1
9 1 8 7 5
3 2 6 8 4
4 3 2 4 10
3 3 5 4 2
3 10 5 7 5
1 6 8 9 3
4 8 1 8 3
6 6 4 1 6
9 8 10 2 8
1 7 1 5 4
3 10 3 2 2
6 1 7 2 2
5 5 4 5 4
9 5 7 1 1
8 8 3 9 9
3 9 1 10 4
5 10 6 8 9
6 3 8 7 7
7 3 5 6 2
4 5 7 4 2
10 6 8 1 6
7 7 5 7 4
5 6 5 1 5
10 6 2 1 8
2 5 9 8 9
3 3 8 8 2
