n 50
m 5
cap 10
Processing
63 92 51 49 48
24 71 35 96 93
82 28 83 25 63
68 28 3 42 67
18 32 26 99 5
49 6 53 73 7
61 73 14 2 80
23 90 77 30 86
54 7 94 61 37
55 86 44 28 82
34 32 24 78 93
69 10 36 10 80
90 26 86 63 93
46 14 69 54 10
31 8 36 52 34
33 56 97 77 60
56 31 13 62 15
79 6 41 37 36
6 40 43 99 21
40 30 100 41 72
54 59 65 10 49
82 63 5 44 66
71 62 13 75 66
49 10 45 72 80
59 95 79 52 38
39 98 39 29 88
16 89 93 76 90
9 92 44 89 64
87 35 98 21 39
9 96 98 90 15
55 37 9 38 49
3 48 11 72 53
63 54 44 87 35
2 87 13 61 56
45 66 68 62 73
21 85 71 21 39
95 26 92 36 25
87 86 26 12 62
40 19 88 61 92
57 54 66 22 61
69 95 44 86 45
81 76 29 44 40
58 31 81 55 86
39 66 13 13 64
16 46 82 40 99
36 15 70 54 20
6 2 11 87 14
44 25 50 8 32
89 99 10 92 63
19 75 87 53 54
Size
7 3 4 6 10
6 10 7 3 10
9 6 8 8 9
1 4 3 7 4
1 1 6 5 7
5 8 6 3 7
8 1 3 6 3
4 5 1 1 10
7 2 10 4 2
2 2 3 7 1
1 4 9 9 4
7 6 5 1 5
7 10 9 4 9
10 2 6 6 2
1 3 1 5 10
6 7 10 7 4
3 4 2 5 1
8 5 1 2 1
10 1 10 10 2
2 6 9 3 10
7 4 1 7 1
8 7 8 8 8
9 7 3 7 1
8 9 3 7 1
6 7 9 6 7
9 1 8 1 8
7 7 5 7 9
5 8 2 7 10
6 6 9 8 1
10 2 4 7 5
2 5 2 7 7
3 10 4 3 3
4 8 2 5 8
1 3 10 10 2
9 9 4 4 6
8 7 8 4 7
4 10 9 5 10
10 3 2 5 2
9 4 6 1 3
3 10 4 8 5
2 1 3 2 2
2 8 8 5 7
7 9 7 3 10
5 10 10 4 9
3 4 2 5 10
8 4 9 4 5
1 10 10 7 3
10 3 6 5 7
2 10 9 6 8
9 10 6 8 9
