n 50
m 5
cap 10
Processing
33 59 6 72 2
60 35 53 80 77
66 83 5 54 100
46 83 95 7 67
81 27 14 35 40
40 100 47 40 75
54 13 2 75 64
24 3 31 21 48
53 45 73 12 79
30 68 68 22 10
29 50 71 42 56
9 72 77 92 72
13 88 27 66 28
3 67 82 47 35
17 62 38 83 16
42 36 52 11 21
78 56 48 26 52
32 33 23 80 6
31 81 53 29 71
40 35 42 62 72
36 46 1 29 41
17 15 2 42 54
46 45 32 91 79
73 32 46 30 10
6 78 74 42 51
35 84 74 77 74
36 27 9 6 87
75 78 4 53 40
13 77 27 27 48
13 97 79 18 62
88 90 26 53 21
66 92 79 30 51
86 1 81 96 12
67 72 71 91 34
47 84 3 94 5
96 39 94 11 92
100 65 73 99 66
33 100 91 30 51
99 95 37 26 44
79 16 32 11 34
42 69 81 61 46
89 24 88 23 4
31 22 5 81 25
79 73 34 75 31
74 86 89 1 84
75 73 8 10 49
6 1 11 27 49
46 21 61 61 37
83 56 56 29 10
14 66 74 62 46
Size
10 4 8 7 4
4 4 9 5 8
3 4 9 4 6
8 9 8 7 10
6 4 7 1 7
6 10 4 9 8
5 10 9 10 6
3 1 9 8 8
2 7 4 8 6
6 1 7 3 6
8 6 9 4 7
9 10 8 2 2
1 5 5 7 6
9 5 7 7 8
6 3 8 3 2
5 7 4 10 3
9 3 6 4 8
2 3 4 10 7
4 3 7 2 7
10 4 7 1 8
9 6 8 7 7
8 4 6 8 10
2 7 2 10 5
1 7 1 8 8
6 10 6 5 4
4 3 3 6 3
3 8 10 3 10
6 1 10 10 9
8 5 1 2 7
10 2 1 10 8
8 9 8 10 3
6 8 3 5 6
7 8 9 3 9
7 8 2 4 6
1 1 6 1 6
9 10 8 4 1
2 10 4 1 6
6 10 10 6 6
4 4 9 1 5
10 5 7 1 7
4 8 2 4 8
6 7 3 8 3
6 9 6 10 10
5 4 6 4 4
4 10 6 6 4
4 9 10 3 4
8 1 6 5 1
9 3 9 4 9
10 8 2 10 3
4 3 8 4 7
