n 50
m 5
cap 10
Processing
52 96 83 2 24
40 60 63 94 33
98 95 99 19 72
20 54 73 58 84
59 92 70 2 22
73 100 9 53 92
62 58 12 29 8
48 18 51 27 5
55 90 56 52 74
100 7 27 72 68
71 95 24 93 17
62 65 58 90 56
11 49 50 46 55
89 14 84 66 98
97 23 67 32 94
45 39 70 70 86
48 32 24 1 51
86 81 46 34 1
8 63 21 3 31
73 38 100 44 6
46 96 46 38 99
66 100 65 53 21
27 22 23 58 46
30 12 27 11 20
66 45 8 59 60
41 25 64 74 20
99 44 65 44 94
86 19 26 35 82
24 45 62 35 3
45 54 52 45 18
55 43 89 50 78
79 23 95 52 93
84 65 23 40 92
100 44 3 93 13
97 29 63 98 76
93 68 84 26 41
26 75 34 97 21
41 64 20 21 37
50 60 24 85 31
51 5 28 23 85
55 62 45 58 18
2 60 93 74 32
56 5 73 54 22
82 29 78 73 78
16 76 63 18 90
23 37 38 11 34
69 5 69 43 48
27 89 18 79 88
76 67 46 74 15
33 78 28 41 55
Size
5 6 1 6 1
8 5 5 3 5
1 5 9 10 5
3 8 1 8 6
9 3 5 10 4
7 7 3 7 5
9 3 8 1 1
10 2 5 10 8
6 4 4 4 6
1 8 7 7 10
4 1 5 5 9
7 6 5 1 2
10 8 5 5 3
3 1 1 2 10
7 5 9 8 5
7 10 4 4 6
10 2 4 4 10
10 5 9 6 3
2 7 6 2 1
4 3 7 2 3
10 2 9 1 3
4 6 9 10 6
7 5 3 4 6
6 6 3 6 2
10 10 2 3 2
7 3 7 4 8
7 7 2 5 10
5 2 5 9 7
7 4 4 7 3
8 4 9 1 8
1 4 4 6 1
1 9 5 5 8
8 1 10 6 10
9 4 5 2 10
2 5 9 10 2
3 5 4 3 2
2 8 1 4 1
6 7 4 7 2
2 7 9 8 2
9 2 5 9 1
8 5 9 10 10
8 2 5 1 6
8 5 2 1 2
8 2 2 10 7
2 10 4 1 1
8 7 8 2 9
10 1 3 6 8
7 8 3 4 1
4 7 8 9 1
2 2 2 10 6
