n 50
m 5
cap 10
Processing
32 52 60 13 64
78 57 69 43 34
92 18 34 24 90
61 54 94 48 75
91 77 34 70 24
83 92 58 4 82
86 55 30 65 51
78 33 36 13 80
94 47 3 96 43
49 58 24 91 49
3 98 64 86 40
65 33 54 80 83
10 99 52 5 61
72 92 77 72 45
46 43 33 65 40
62 88 40 51 49
45 45 50 17 8
94 96 7 95 10
64 13 13 22 27
67 44 68 41 14
13 100 81 72 28
57 58 94 32 68
50 88 93 56 2
88 64 92 88 37
30 53 43 33 72
6 35 14 97 75
39 57 70 91 80
35 53 56 2 32
88 72 10 97 1
71 89 34 97 84
8 50 31 42 2
39 88 65 84 98
25 19 62 23 85
11 5 10 34 1
52 89 86 82 43
63 71 88 5 49
55 16 84 26 43
20 27 53 35 37
57 19 71 38 35
33 41 69 20 36
85 45 30 74 9
28 3 27 21 53
16 2 27 76 94
33 45 8 22 64
100 45 38 86 56
93 84 14 43 65
58 48 31 91 80
98 4 37 88 73
67 80 15 86 31
18 4 46 89 25
Size
7 2 10 1 6
5 10 5 8 4
6 1 9 2 5
1 2 6 7 6
1 2 9 9 2
5 9 2 9 2
8 5 3 3 8
4 9 8 3 1
6 5 8 10 1
5 5 10 7 10
4 9 10 8 8
4 10 5 6 7
2 9 3 6 7
5 1 8 4 2
9 7 7 8 8
1 3 1 10 2
9 6 3 7 10
7 7 1 2 2
6 4 6 8 6
4 3 4 6 8
9 10 4 9 7
4 6 8 9 8
3 1 9 10 5
6 9 5 9 5
10 8 10 5 8
1 8 8 4 1
6 7 8 7 8
2 5 10 4 3
7 8 7 6 8
7 4 1 6 2
5 2 2 7 5
4 2 2 6 5
5 5 3 7 5
8 1 3 2 1
9 2 1 9 1
1 10 9 7 1
1 8 2 7 5
8 4 6 7 6
10 3 6 4 1
9 9 2 2 4
4 5 2 8 6
10 2 2 2 3
3 8 9 2 6
9 2 1 2 9
3 8 2 3 2
4 3 3 6 10
10 2 1 8 1
1 9 8 9 3
5 7 1 4 7
10 10 4 4 1
