n 50
m 5
cap 20
Processing
3 23 27 11 35
27 26 68 3 34
23 50 30 29 5
22 14 20 87 90
54 94 43 41 18
35 1 59 26 50
35 54 55 27 39
55 52 28 99 69
73 43 53 6 45
50 13 13 64 59
89 83 99 98 32
14 92 77 63 55
74 18 77 30 66
15 24 74 26 46
34 79 92 66 55
13 34 87 48 15
97 66 93 91 52
84 3 28 2 14
17 59 8 89 89
64 53 44 79 32
4 100 10 31 83
67 33 33 71 14
16 31 17 6 42
30 65 71 38 20
67 66 13 100 73
52 62 17 16 72
82 18 11 78 35
76 39 34 82 80
9 17 72 89 59
4 73 26 53 53
39 23 19 73 77
17 96 74 36 3
42 25 82 12 67
68 13 57 34 68
38 53 100 56 57
100 51 1 17 25
12 12 5 29 83
44 65 4 69 83
73 7 21 89 54
59 83 9 55 90
6 22 84 34 2
53 80 66 17 60
60 53 27 40 27
29 42 26 13 4
19 24 15 17 59
84 47 32 76 49
26 6 21 50 63
20 94 61 45 78
66 49 89 50 89
56 14 76 47 43
Size
7 3 6 2 10
7 3 9 3 5
4 1 10 4 9
6 1 9 6 7
7 7 10 1 10
9 1 9 10 6
4 10 7 8 3
3 8 4 10 1
4 5 1 6 10
10 2 7 8 10
3 10 7 7 1
7 6 7 1 10
7 6 7 6 5
9 7 8 1 7
9 5 4 3 8
5 10 3 9 2
1 5 1 2 2
7 3 9 5 10
6 6 3 7 8
1 3 10 2 3
9 10 1 7 7
5 6 7 7 3
3 6 7 2 8
5 3 3 7 6
7 10 10 9 3
7 3 7 2 10
3 5 2 3 2
10 3 4 5 3
7 6 8 10 9
10 5 8 4 8
4 4 3 4 9
4 4 9 5 4
8 1 8 6 3
1 3 8 8 9
7 5 3 4 4
3 10 4 4 9
8 6 10 7 2
7 4 2 10 10
2 3 3 10 4
2 2 10 7 10
2 5 6 3 7
1 8 10 1 1
3 5 5 3 6
7 1 6 5 7
3 2 3 1 5
8 5 7 5 3
9 9 6 6 5
2 3 2 9 3
1 7 8 8 8
2 4 5 4 3
