n 50
m 5
cap 20
Processing
21 19 35 69 35
67 3 52 64 87
80 27 57 73 84
29 46 79 49 51
67 13 65 10 97
69 86 23 2 26
73 67 24 82 59
29 34 64 99 78
17 17 88 38 77
35 34 95 73 30
13 11 6 57 88
30 30 98 24 46
84 83 50 55 27
46 66 26 75 46
15 100 7 29 56
100 83 99 44 10
73 19 26 12 45
39 41 69 80 33
36 50 43 29 14
20 71 26 64 50
63 46 66 72 68
86 77 87 2 44
68 15 94 38 87
90 22 50 14 71
34 25 55 96 79
95 45 15 90 83
42 74 81 8 29
86 17 2 61 76
55 6 13 16 69
98 5 12 14 34
66 21 17 55 76
58 46 6 68 33
28 2 19 96 71
78 51 88 32 26
35 41 18 60 68
33 66 34 51 32
20 9 36 77 27
84 43 26 56 90
40 14 15 11 89
36 85 39 66 65
8 21 49 9 20
79 78 24 37 37
16 12 8 9 61
65 4 29 16 96
57 48 37 98 25
52 27 50 49 18
57 58 63 93 24
44 19 14 30 58
85 51 50 1 45
79 41 78 33 14
Size
3 5 8 10 8
4 3 2 8 8
9 4 3 8 1
9 2 1 9 10
10 9 4 9 1
1 4 10 3 9
6 2 3 2 10
10 2 6 6 7
9 2 10 3 7
4 1 8 4 3
10 2 2 10 7
7 10 7 9 4
10 9 5 10 4
7 8 5 5 1
5 6 6 6 9
4 2 3 10 1
6 7 4 4 3
6 5 8 2 8
6 4 10 1 6
9 6 7 5 8
8 5 10 7 2
9 1 5 10 8
6 10 1 1 7
10 3 7 9 7
8 3 2 9 5
3 3 1 2 6
7 3 6 7 9
5 1 10 6 2
4 2 6 9 2
2 1 8 4 9
7 2 6 2 1
5 9 10 10 2
2 1 3 6 6
1 2 7 7 10
4 3 5 2 5
6 3 5 8 3
10 9 6 1 1
7 1 4 2 7
4 4 7 8 10
3 5 3 1 6
1 1 3 9 10
5 6 7 6 1
3 10 3 6 3
3 2 6 5 2
3 6 1 1 10
2 7 4 6 9
3 4 10 8 7
10 9 4 8 5
4 10 6 7 3
9 10 8 1 10
