n 50
m 5
cap 20
Processing
47 55 13 2 39
13 79 23 99 32
42 67 22 100 56
53 62 68 71 40
65 17 20 1 35
23 32 35 7 28
13 9 37 22 48
17 8 42 43 1
67 76 93 69 38
79 46 41 28 72
81 32 61 96 17
43 57 100 5 17
98 95 34 38 29
59 20 97 53 12
25 50 85 27 4
33 6 47 39 7
73 56 68 23 62
74 30 94 3 58
61 26 3 25 100
26 47 66 100 75
89 26 83 34 60
53 44 27 64 24
58 47 15 99 12
46 6 43 58 21
8 57 26 42 73
26 86 1 46 1
91 84 32 22 87
27 95 67 7 9
17 33 16 41 64
86 43 75 67 33
38 74 52 62 73
28 44 8 48 92
41 58 91 79 21
23 6 12 10 58
95 34 61 96 71
10 61 48 20 48
43 67 5 71 77
59 95 88 68 2
33 74 82 76 79
10 43 48 91 65
44 16 72 27 26
89 40 48 9 77
25 44 60 45 26
55 88 88 4 7
80 56 77 1 69
88 77 62 22 22
92 1 11 67 84
15 57 30 52 47
26 48 94 64 97
27 4 38 44 11
Size
6 3 1 9 3
8 7 10 6 4
4 4 5 10 10
6 5 1 6 7
1 7 8 4 10
8 2 6 8 7
7 9 7 5 6
1 8 7 4 7
4 6 9 2 7
4 9 6 5 9
6 8 3 7 4
4 6 7 1 4
6 1 7 4 6
6 9 7 9 4
5 9 5 2 1
6 4 4 1 8
7 5 8 8 6
5 7 3 4 7
4 1 5 1 8
5 9 3 7 9
6 8 2 5 4
6 3 5 2 8
5 2 7 3 7
9 6 1 4 7
7 4 5 7 5
7 6 7 2 9
7 4 4 1 2
10 6 9 1 3
1 8 5 2 10
5 7 1 3 2
7 10 4 5 5
4 6 8 9 4
3 8 4 6 8
4 7 5 4 8
6 5 8 8 8
1 7 10 5 9
1 1 6 2 8
10 5 1 10 7
9 5 3 2 6
1 1 4 9 4
10 4 6 10 3
4 8 6 8 10
9 10 9 2 10
4 5 3 5 5
5 1 2 7 5
8 7 5 8 3
10 5 8 1 7
5 7 4 7 10
9 4 10 1 3
5 7 7 3 8
