n 50
m 5
cap 20
Processing
89 77 67 7 40
61 2 42 26 18
91 92 52 48 93
98 5 60 11 78
10 99 44 35 83
37 21 20 18 77
64 28 82 35 37
5 96 57 98 18
9 90 79 13 48
86 17 58 91 71
29 55 48 26 72
4 52 77 82 42
58 18 59 53 79
100 34 86 6 92
39 37 8 1 68
27 87 39 87 62
80 29 83 61 23
92 37 80 51 81
85 85 16 77 40
16 69 98 47 13
8 87 82 64 28
60 92 75 67 53
29 29 25 85 16
56 78 14 63 34
83 72 23 58 77
90 10 96 78 7
9 47 55 25 42
54 78 34 53 56
87 50 76 43 30
100 52 15 44 73
1 10 67 2 15
31 13 42 93 21
98 87 21 50 11
17 16 68 44 22
54 87 33 29 100
38 92 5 28 85
97 25 13 36 40
39 16 28 98 100
48 33 82 80 33
79 8 24 9 51
73 87 39 1 64
88 40 78 19 5
49 8 17 14 48
16 69 41 16 57
8 23 86 48 31
91 32 69 69 7
1 9 18 21 32
45 69 26 92 83
11 30 100 83 41
51 93 60 49 25
Size
1 5 8 2 9
3 4 2 3 1
10 9 1 2 3
7 5 1 5 3
5 6 3 3 9
2 1 8 10 9
3 1 6 10 5
9 5 1 5 4
8 5 3 7 2
2 9 8 10 2
6 3 3 10 6
7 7 1 8 8
8 1 1 3 9
9 8 2 9 3
4 4 3 8 3
6 3 2 2 8
5 6 1 4 5
4 6 8 8 9
9 4 9 7 1
5 8 4 6 7
7 1 6 4 7
2 3 2 7 5
3 1 7 2 9
9 8 3 3 4
2 5 6 8 8
8 4 5 10 6
3 4 8 4 6
5 9 10 7 8
10 1 7 7 6
10 1 10 7 10
3 8 4 6 10
1 8 2 4 6
4 6 8 5 5
4 1 1 4 1
7 6 6 1 5
9 8 3 6 8
8 7 6 6 3
3 2 2 10 5
10 4 3 4 7
10 5 6 7 4
4 7 7 3 7
4 6 5 9 7
6 9 10 9 4
8 2 2 5 2
5 9 2 4 10
9 4 10 7 6
8 2 5 10 7
1 1 3 2 9
10 6 4 4 9
8 5 10 7 4
