n 50
m 5
cap 20
Processing
99 83 30 28 30
15 23 16 25 82
41 3 45 46 2
64 42 43 65 73
62 9 89 76 44
29 18 84 22 42
91 36 19 39 7
15 5 8 74 6
3 67 58 6 96
66 36 72 89 72
19 66 72 74 9
12 35 20 69 79
12 19 33 47 100
20 29 52 26 66
66 35 91 76 12
93 41 26 70 69
94 18 49 59 8
64 87 55 32 61
5 52 23 25 13
61 29 54 25 26
17 49 100 18 45
95 48 50 37 36
62 64 48 56 78
20 98 97 45 57
20 80 25 85 3
29 55 50 2 27
61 41 77 57 60
41 48 68 50 47
4 65 61 29 29
60 9 43 18 7
96 83 26 67 61
37 8 60 67 19
54 87 71 50 13
17 6 93 41 63
96 10 72 45 74
74 31 30 15 35
10 65 27 8 26
23 49 43 42 65
50 52 32 91 70
82 23 17 10 3
100 61 36 1 62
8 93 42 11 15
14 37 77 82 78
84 2 33 40 78
20 95 99 36 87
69 89 46 70 67
90 50 45 61 81
37 100 31 82 37
23 53 19 10 10
3 10 55 2 22
Size
2 4 2 4 9
6 2 4 4 4
1 7 3 3 9
6 10 10 4 4
9 4 5 7 3
10 5 8 3 3
2 10 8 9 3
7 5 7 3 9
8 3 9 9 9
6 3 9 6 4
6 1 4 5 9
5 7 2 10 3
10 5 8 8 1
8 10 8 5 10
3 4 4 1 5
10 6 10 4 3
5 4 2 8 2
8 1 6 7 10
6 6 2 1 1
3 4 8 6 1
9 8 8 9 2
10 9 7 2 9
6 3 8 9 1
3 3 9 1 1
7 9 3 10 8
4 10 5 3 2
6 8 4 3 7
2 9 8 4 2
9 7 10 3 5
9 6 8 9 3
5 3 3 8 2
8 8 4 9 10
4 9 4 8 9
9 9 8 10 1
5 3 3 6 7
8 4 1 2 8
4 3 2 8 8
6 2 2 1 6
5 1 10 1 9
7 3 1 9 2
5 7 10 3 6
2 1 3 3 1
4 4 6 6 6
5 2 4 2 10
2 5 7 7 7
7 1 2 9 2
9 3 8 4 7
3 10 5 5 7
6 10 7 10 3
1 8 6 7 10
