n 50
m 5
cap 20
Processing
49 86 27 28 30
50 10 34 25 85
62 54 17 44 89
14 74 74 7 27
53 16 29 81 3
64 8 29 83 90
91 3 83 70 98
37 41 11 65 100
93 37 73 43 3
74 72 64 77 38
65 65 66 53 63
3 8 67 20 27
53 18 11 62 53
13 31 67 77 68
15 96 49 68 61
64 27 39 29 79
38 67 97 67 33
73 33 15 13 24
2 55 54 33 1
6 30 93 66 88
31 2 13 72 96
63 45 66 2 29
72 1 6 68 4
85 76 65 95 83
89 53 9 27 21
99 24 67 59 57
17 28 54 24 28
66 2 69 79 21
33 88 55 38 58
57 35 59 87 23
65 83 58 29 43
4 10 3 44 48
39 24 61 89 2
6 4 6 19 46
29 33 46 96 93
11 57 71 65 29
24 79 83 58 76
23 59 8 67 12
80 13 6 56 46
84 88 86 74 44
48 1 17 12 12
28 59 8 6 39
32 45 40 52 35
31 98 56 38 72
34 2 69 19 95
88 88 16 41 28
8 77 32 13 99
15 88 90 50 21
76 20 63 11 83
58 71 95 60 39
Size
4 7 5 8 7
4 10 9 7 6
1 5 2 7 1
6 10 2 6 2
5 5 4 3 3
1 7 8 3 10
1 3 10 5 7
2 7 10 5 1
7 7 1 2 10
5 4 3 7 9
7 2 4 9 7
1 3 9 3 7
2 9 10 10 10
10 1 3 3 2
5 7 7 10 8
1 6 1 7 7
2 4 10 10 6
7 4 5 10 4
2 7 9 9 2
10 6 6 2 9
1 10 6 4 2
1 1 6 4 2
6 2 6 3 3
5 4 2 4 1
2 9 10 3 6
1 5 2 3 1
3 1 6 2 3
8 8 3 6 8
6 9 7 3 7
3 3 3 4 6
5 8 6 10 1
7 1 1 5 7
2 3 1 3 4
9 9 6 2 1
8 2 3 4 7
3 6 9 1 2
5 3 1 6 8
2 5 4 4 9
7 3 6 9 5
7 6 7 1 1
3 1 8 10 9
10 2 9 2 9
10 9 2 9 3
2 7 1 3 5
9 4 1 2 4
9 3 8 6 8
8 2 6 1 6
4 3 3 6 5
6 6 8 8 3
2 3 3 8 6
