n 50
m 5
cap 20
Processing
96 37 62 64 95
94 20 46 48 20
85 8 47 9 31
36 84 92 23 94
36 64 33 3 58
87 2 65 9 100
62 58 69 50 49
98 77 31 88 8
57 56 86 74 63
21 11 32 50 93
71 85 19 82 9
39 100 57 25 2
40 41 77 4 72
4 19 96 81 1
53 26 20 29 92
67 60 53 48 41
4 66 10 97 12
1 45 52 83 27
68 95 90 63 35
62 74 60 27 19
87 56 32 60 41
20 65 52 90 52
93 25 64 53 39
85 65 16 85 63
58 19 97 76 64
99 100 1 94 63
3 77 74 40 83
83 38 19 41 98
18 15 74 39 59
24 58 27 63 86
72 11 26 73 29
48 45 50 89 43
86 23 88 76 88
13 39 24 52 92
48 97 27 28 3
79 57 48 2 57
47 50 89 84 87
31 18 73 90 1
33 59 8 83 100
80 69 74 94 75
100 58 72 32 6
41 35 67 29 70
58 45 100 31 7
12 5 40 32 45
33 100 14 93 17
44 55 19 27 7
10 18 43 68 86
67 94 48 4 46
28 59 48 60 27
25 21 37 32 29
Size
2 1 7 8 10
5 5 5 10 4
1 8 4 8 7
6 7 8 10 1
5 5 9 8 9
3 7 7 7 8
6 7 1 7 3
1 1 2 2 4
3 8 4 10 6
8 2 7 3 10
10 2 8 5 1
6 2 1 2 2
4 1 10 4 7
5 4 8 10 4
4 7 8 8 2
1 6 10 10 2
10 2 1 9 10
1 3 6 10 9
1 9 3 7 1
6 3 5 6 7
2 10 1 5 3
3 1 7 6 6
10 1 5 7 8
9 6 1 8 9
4 5 5 4 10
9 4 10 3 2
6 10 9 1 9
7 3 2 1 3
2 10 8 10 10
4 9 9 3 5
8 6 10 5 2
1 5 2 10 5
9 8 7 4 10
2 1 10 7 3
7 10 10 9 9
7 2 1 6 10
4 3 10 1 2
7 10 2 2 7
3 4 5 4 9
10 6 2 3 1
6 5 7 9 9
4 8 1 5 8
5 9 9 7 6
3 10 5 4 7
10 9 8 5 8
9 2 9 3 9
2 3 5 2 4
5 5 4 8 7
1 7 2 5 2
8 10 8 8 4
