n 50
m 5
cap 20
Processing
95 20 5 54 59
87 5 53 52 52
74 80 45 8 4
72 54 64 58 21
23 43 67 47 9
91 66 71 86 52
29 17 5 25 4
12 59 34 5 50
24 86 39 88 43
55 31 3 6 71
79 98 37 1 58
28 25 21 45 94
55 94 79 16 42
91 25 70 70 90
19 12 68 27 12
17 30 47 70 93
10 47 13 97 65
12 85 27 61 98
59 4 28 100 48
43 94 10 63 57
16 25 72 100 38
53 90 6 13 45
76 91 28 8 56
92 48 70 60 87
33 62 27 11 83
31 65 53 1 15
73 51 13 13 88
14 26 70 20 36
53 28 29 40 58
89 15 28 87 61
100 66 46 83 8
65 63 20 36 73
13 63 66 83 18
61 96 56 62 35
98 27 2 38 85
28 98 67 38 85
92 58 84 1 9
12 80 72 67 75
21 29 19 65 64
92 31 59 31 6
37 34 63 77 93
41 47 32 35 41
46 26 67 66 25
76 89 6 2 52
29 69 5 15 36
84 52 7 97 13
50 84 70 21 80
71 44 85 81 97
77 65 86 56 79
95 6 54 13 39
Size
8 6 6 8 2
3 9 7 7 9
9 7 10 3 3
6 6 4 8 1
6 7 4 5 5
9 3 9 9 8
1 8 2 1 7
9 6 2 7 9
2 8 6 2 2
6 8 8 6 1
1 1 8 4 5
6 10 8 5 1
10 1 4 2 8
10 5 7 8 1
5 6 4 7 7
10 4 10 7 3
3 1 4 9 7
6 1 6 10 6
5 1 6 9 9
6 6 7 10 1
9 9 9 4 7
8 1 1 2 5
5 2 9 8 6
3 7 7 8 8
7 9 7 8 2
8 9 9 10 8
2 4 9 9 1
1 4 7 8 10
4 2 5 4 2
1 1 6 10 6
3 5 6 7 7
1 2 9 2 4
3 3 5 8 10
3 4 9 2 8
9 2 5 2 8
4 1 5 3 1
10 5 10 6 10
7 8 1 6 1
10 4 8 3 9
1 8 4 9 1
3 8 2 1 2
10 9 1 9 3
3 4 10 5 10
4 5 5 1 10
9 3 3 10 1
4 3 1 2 9
2 2 8 3 1
1 4 9 1 3
7 5 9 3 10
2 9 1 2 2
