n 50
m 5
cap 20
Processing
77 69 25 97 49
28 91 19 15 26
5 83 85 50 68
15 31 13 84 75
1 36 49 69 81
1 69 50 24 87
70 86 49 87 56
51 61 92 88 83
10 63 70 66 37
11 31 86 38 28
80 17 45 9 67
57 65 15 37 85
61 90 64 89 46
24 55 40 55 50
6 74 49 77 88
35 35 99 28 95
91 13 17 24 23
17 43 83 90 98
21 95 11 87 45
72 39 48 84 15
99 61 62 29 3
96 63 88 64 1
76 31 62 76 82
9 28 99 34 97
99 16 89 52 97
95 33 45 19 7
73 82 36 19 7
51 38 7 15 29
9 97 10 34 91
15 13 91 18 50
63 88 36 9 58
71 60 40 40 92
22 10 39 44 2
31 1 74 26 32
40 90 64 49 23
71 35 26 4 61
43 67 24 89 53
44 90 39 99 77
93 57 98 23 100
87 42 3 17 46
66 30 30 100 50
37 52 58 28 58
75 18 29 2 70
59 49 95 88 57
4 27 24 84 51
40 10 91 42 40
49 61 59 92 87
47 15 77 40 45
81 59 86 66 20
22 23 61 68 48
Size
3 3 6 10 3
5 7 5 5 5
2 9 3 6 5
8 5 3 1 8
9 9 3 6 7
2 7 5 2 5
2 7 6 6 7
5 4 7 5 1
9 1 6 1 7
9 9 1 1 1
6 6 8 8 1
2 2 2 10 9
8 5 4 7 2
2 7 9 1 4
7 6 3 3 2
5 2 9 9 9
3 7 4 3 4
9 9 4 3 3
8 3 6 6 2
2 3 9 2 3
2 9 8 8 6
6 7 5 8 2
5 5 3 8 3
9 1 6 6 7
9 9 2 10 2
6 9 1 1 6
9 6 10 10 4
1 3 8 7 2
10 6 1 4 10
3 7 6 8 2
9 4 3 6 8
10 2 4 7 6
8 7 8 2 3
8 3 5 1 6
10 7 8 10 7
2 10 8 1 3
9 3 2 7 5
6 8 6 7 7
9 9 8 2 4
10 1 10 6 3
9 1 3 5 9
5 8 7 2 1
2 10 2 7 6
4 1 3 10 7
7 3 2 3 9
9 5 4 7 4
1 7 2 5 6
5 7 4 7 2
4 4 6 2 3
8 6 8 10 9
