n 50
m 5
cap 20
Processing
53 58 1 60 97
90 43 64 91 41
75 60 32 46 91
81 42 34 30 56
53 60 21 90 34
41 10 7 50 76
9 46 33 59 15
15 4 67 48 37
20 70 49 18 37
68 65 34 75 81
54 17 63 19 73
7 58 80 97 96
73 30 24 25 55
23 15 7 34 9
43 58 85 56 16
67 31 80 72 91
45 14 30 100 64
55 12 33 42 15
49 26 78 3 42
37 89 52 62 97
50 24 1 24 82
22 23 45 10 15
16 61 53 77 11
63 42 84 1 5
28 62 26 2 32
24 100 41 100 32
29 67 9 54 19
100 44 58 63 83
28 61 51 53 19
47 58 66 86 96
7 31 70 42 34
88 43 70 81 9
18 47 42 45 72
15 63 91 91 15
25 81 82 23 56
50 85 78 34 34
45 78 14 79 77
69 24 65 7 81
18 36 71 17 2
43 79 28 67 46
64 97 6 96 13
95 57 96 40 2
50 29 90 37 98
5 91 43 14 60
76 67 45 87 40
57 86 60 31 37
53 96 33 76 84
89 59 8 60 35
33 43 29 81 77
55 62 43 30 59
Size
2 4 6 10 3
8 10 8 10 4
2 5 6 10 2
5 1 10 2 4
4 8 2 7 1
10 4 9 4 7
10 10 10 9 7
9 7 7 6 5
1 4 4 2 7
10 5 5 1 2
7 2 2 3 10
10 1 2 5 8
6 3 6 2 9
6 3 9 7 2
9 1 4 2 7
5 8 8 8 8
6 10 3 7 1
1 7 10 4 10
5 3 4 4 1
6 7 7 4 2
4 4 10 5 2
7 9 3 6 7
8 8 3 4 4
2 6 1 10 9
3 3 8 10 5
10 2 10 5 1
5 1 7 5 5
4 3 5 1 3
3 4 5 7 7
6 10 4 5 6
9 2 4 8 1
8 8 1 7 4
1 8 3 10 10
7 6 7 2 5
7 2 9 4 8
5 3 3 3 3
1 2 10 8 4
2 1 8 7 9
5 8 6 4 2
7 3 6 6 10
2 1 2 3 1
9 8 5 6 7
8 10 9 4 10
6 8 5 1 8
5 2 1 4 2
10 7 6 1 7
2 8 6 4 7
4 9 7 5 1
10 1 9 9 5
1 8 3 10 9
