n 50
m 5
cap 30
Processing
35 22 19 8 83
45 99 98 59 66
36 83 42 55 2
47 79 59 14 36
62 63 70 26 79
100 87 6 29 51
85 55 70 24 70
64 53 63 46 80
91 13 66 50 6
74 23 95 78 58
38 81 77 81 90
19 64 100 5 56
41 99 43 60 29
36 10 42 70 3
50 95 49 31 63
69 34 56 80 52
97 4 88 29 90
74 94 57 68 86
8 88 50 92 100
41 51 55 2 69
35 24 93 8 26
74 41 4 16 91
68 42 87 93 74
84 57 89 39 20
51 13 12 82 19
54 6 41 48 80
24 70 13 72 8
16 66 99 68 41
68 67 42 76 63
29 23 13 69 65
74 49 37 55 64
55 60 74 90 6
19 96 56 13 29
90 58 13 22 20
2 56 85 34 60
1 23 16 29 66
66 43 18 90 60
5 78 79 78 25
9 6 60 70 28
81 36 70 39 99
98 5 96 44 8
77 2 30 54 43
30 24 94 26 100
23 12 51 47 39
59 10 39 58 59
83 98 22 95 46
1 1 59 41 13
67 73 28 70 53
29 64 100 56 90
56 25 3 94 79
Size
4 1 10 5 5
7 7 1 10 4
2 8 2 3 7
10 1 2 8 9
7 7 10 3 2
1 8 3 6 6
9 3 3 10 10
1 8 9 2 2
3 5 9 7 7
3 9 1 2 9
2 8 2 1 4
6 5 10 5 9
4 6 2 6 7
7 2 7 4 7
5 6 10 1 7
2 2 5 8 7
5 4 10 2 2
4 6 6 2 5
1 7 4 8 8
7 10 5 3 5
8 3 10 6 6
10 8 2 3 3
3 1 5 1 7
5 2 10 4 4
3 8 5 1 4
10 10 8 5 7
3 7 7 8 8
10 6 3 5 3
6 1 3 1 8
2 10 10 2 8
2 3 6 3 1
3 1 6 9 3
1 9 3 6 9
3 5 10 2 1
5 4 6 4 10
6 2 10 9 7
6 9 7 1 3
6 3 8 3 8
4 6 8 7 5
3 9 4 7 10
7 7 1 6 8
6 6 8 8 9
7 8 9 7 7
5 1 9 1 3
1 10 8 1 2
10 10 8 10 1
10 6 4 2 2
1 6 9 1 7
7 8 7 5 1
7 4 9 9 2
