n 50
m 5
cap 30
Processing
41 15 31 30 46
27 45 87 35 43
46 62 15 8 51
95 78 39 89 26
42 2 13 69 76
97 43 17 91 4
45 70 16 43 74
72 3 52 38 54
46 54 30 60 98
36 83 62 74 12
96 28 32 3 20
52 36 80 44 43
28 58 98 53 87
42 61 92 94 67
3 73 11 78 9
87 88 3 16 36
73 49 33 25 17
58 45 65 46 21
66 15 81 6 79
2 3 34 20 71
66 43 69 56 30
96 78 45 91 62
30 44 91 55 8
26 100 6 89 92
4 54 38 32 96
50 46 64 55 63
19 71 80 98 96
60 66 22 46 69
94 29 38 4 29
75 38 14 48 52
41 20 66 99 68
50 47 37 67 29
54 29 92 55 81
3 81 84 39 70
61 47 1 45 95
73 92 39 63 33
24 63 57 5 29
14 19 1 13 57
88 3 21 75 70
21 68 60 55 46
64 86 28 70 53
56 9 36 63 47
73 45 20 20 61
29 98 7 81 12
38 23 64 92 25
40 70 54 64 52
58 22 65 97 66
69 73 72 82 33
86 78 58 63 25
13 75 3 42 43
Size
7 2 3 1 10
3 10 1 10 3
8 7 1 6 5
10 4 9 7 3
10 5 9 9 4
10 4 6 6 9
1 8 8 1 1
3 10 6 5 7
5 8 2 7 2
2 6 5 10 4
7 3 9 3 9
8 7 5 9 5
1 7 9 7 4
3 8 7 10 8
6 3 9 4 9
10 8 1 4 5
7 8 6 8 3
7 3 5 10 9
1 10 6 4 10
7 10 3 1 5
10 10 2 8 5
7 9 10 6 3
1 6 3 1 8
2 3 10 3 7
3 1 1 4 6
1 10 2 7 3
4 3 5 10 2
7 7 9 4 10
1 5 4 5 8
8 5 10 4 2
5 5 10 1 1
1 2 9 10 9
5 9 10 1 2
2 2 3 10 8
1 7 8 10 6
3 10 5 5 7
8 3 9 4 2
9 1 7 4 1
8 8 6 8 9
9 4 7 5 2
7 2 4 9 1
2 3 5 4 8
7 10 2 1 6
1 2 8 9 5
7 9 6 6 6
9 10 8 10 8
6 9 5 4 6
8 4 4 9 6
9 5 3 3 5
8 5 1 10 5
