n 50
m 5
cap 30
Processing
25 88 89 26 81
45 14 15 64 30
23 57 53 24 74
59 68 45 67 79
54 51 36 10 9
85 46 42 62 25
37 73 22 40 57
58 70 9 99 2
30 60 35 71 28
82 50 65 2 96
81 74 5 26 48
77 36 31 65 90
63 91 75 35 100
50 5 78 64 96
77 21 34 31 9
33 83 97 47 22
56 54 60 13 32
38 44 78 52 64
43 36 31 8 72
42 86 41 71 17
32 9 34 19 67
21 58 9 50 91
99 24 55 53 89
31 64 65 75 5
86 10 38 78 83
67 78 47 86 25
55 49 31 55 36
84 17 63 68 23
96 16 56 46 48
5 6 57 87 85
67 80 90 77 49
9 33 52 91 100
76 39 73 14 44
42 79 35 97 71
62 36 27 87 63
56 2 39 38 39
57 4 25 25 94
60 35 88 12 20
65 72 65 13 19
74 43 13 41 48
88 78 35 27 28
85 23 63 76 30
36 96 61 44 92
41 52 1 87 5
97 58 36 5 8
12 75 74 68 92
34 67 30 62 23
6 16 55 35 71
16 34 73 68 70
15 48 49 75 30
Size
2 6 10 7 10
10 7 1 1 2
10 2 6 1 3
6 10 4 10 1
1 7 3 4 3
3 7 1 1 3
7 4 2 6 10
1 6 3 8 4
9 9 5 6 8
3 5 1 3 9
2 4 3 10 1
10 3 8 7 4
7 3 5 7 7
7 9 7 8 4
10 3 1 4 4
6 5 5 4 5
8 7 5 4 8
10 8 6 5 7
5 4 4 7 8
10 5 6 3 9
10 1 1 9 10
9 5 8 10 9
7 1 5 5 2
8 9 3 1 9
8 8 8 2 1
9 4 7 6 7
7 6 1 8 3
4 7 1 9 9
8 10 6 10 5
3 8 4 5 6
10 9 3 10 6
2 4 8 7 3
9 2 7 8 10
7 1 4 1 4
10 6 6 10 8
9 1 8 7 7
1 4 10 6 8
1 4 2 1 7
7 6 2 4 8
7 5 2 1 6
8 6 3 9 9
3 8 6 9 6
10 3 9 6 2
5 6 10 6 2
1 6 10 1 4
2 2 1 9 7
4 8 3 8 9
8 5 4 5 1
1 2 2 4 1
6 9 10 3 4
