n 50
m 5
cap 30
Processing
52 59 5 77 23
64 93 40 11 47
12 41 51 99 59
11 29 9 74 56
63 94 66 54 24
26 32 12 3 93
73 80 30 7 67
85 32 65 81 69
80 51 11 25 40
47 13 51 76 78
90 34 44 62 8
58 31 2 69 41
24 92 11 80 60
76 72 47 4 13
32 59 24 75 46
48 24 91 78 90
97 89 36 81 35
96 37 57 78 89
27 35 87 5 100
47 5 67 2 91
1 4 78 64 72
28 47 30 76 7
11 57 36 17 18
37 69 76 15 66
27 92 19 15 47
72 37 81 42 76
65 54 97 50 76
42 59 11 27 96
4 59 39 24 54
37 45 4 75 39
33 18 92 39 77
26 34 9 100 44
75 53 66 1 36
28 82 1 43 19
86 53 44 28 39
19 52 76 61 27
97 91 64 45 29
39 19 93 39 26
27 13 37 85 76
91 21 54 43 96
44 56 85 38 41
16 4 8 64 20
30 93 71 41 65
1 25 53 28 67
63 11 97 42 94
96 34 93 23 36
87 95 75 52 100
53 52 30 24 44
20 37 6 51 8
100 60 20 21 78
Size
9 3 9 8 7
6 3 1 1 5
6 1 3 2 8
7 4 1 5 2
3 10 6 7 8
9 2 3 5 5
7 1 7 2 5
10 4 2 8 10
2 7 1 7 8
6 9 6 4 7
3 10 5 5 3
2 5 7 4 6
4 2 8 7 4
10 9 10 7 10
5 6 2 3 7
9 1 6 2 1
9 4 8 6 10
3 3 8 4 3
2 3 4 7 1
4 5 5 9 3
3 3 4 6 10
7 7 9 10 4
10 2 6 4 7
7 8 3 1 5
5 7 9 7 5
5 9 6 1 2
3 3 1 10 2
6 1 9 2 7
5 10 8 3 9
5 1 3 8 2
9 7 8 4 4
4 8 9 10 8
3 8 3 5 3
1 5 1 3 9
2 8 3 7 3
4 6 6 6 10
4 7 10 3 9
4 4 1 1 3
5 4 10 9 5
1 7 3 4 4
2 6 9 9 1
9 10 1 2 7
10 6 10 4 7
1 8 8 3 9
1 1 2 8 8
9 6 4 9 10
1 7 6 9 5
4 9 3 7 2
4 6 5 9 2
7 6 10 1 2
