n 50
m 5
cap 30
Processing
94 5 76 54 72
41 18 33 32 12
2 88 27 31 24
83 65 83 44 29
75 30 54 92 41
18 33 34 42 86
67 50 42 31 91
46 27 74 41 35
60 35 11 43 81
60 7 64 77 49
19 53 14 59 11
95 24 55 1 54
42 58 93 80 89
92 6 14 94 55
74 6 84 60 48
68 61 69 9 15
38 41 9 9 16
35 91 74 20 40
62 90 97 12 69
75 22 74 22 96
85 71 35 63 39
60 92 61 74 13
25 32 1 69 98
57 89 13 2 36
65 20 72 50 99
64 50 11 78 97
53 61 99 86 92
77 6 52 61 48
75 22 50 57 19
98 11 100 91 89
43 90 21 73 30
9 46 48 55 11
98 21 44 82 10
69 14 27 91 36
45 4 45 82 20
84 42 90 39 27
43 44 13 89 28
4 53 29 30 62
92 36 3 90 29
46 93 99 89 25
18 22 79 37 78
29 72 92 56 57
45 48 65 26 8
15 41 42 74 20
49 11 29 79 58
8 52 90 28 12
74 76 88 78 57
42 97 66 27 82
14 27 36 24 74
85 73 56 78 45
Size
8 9 7 8 1
6 10 7 2 1
2 3 6 9 2
9 8 7 2 4
4 1 4 8 5
10 1 8 4 2
6 9 8 1 7
3 8 2 10 8
1 5 2 1 3
7 5 7 9 4
8 3 3 4 7
10 5 4 8 6
5 6 4 3 5
2 9 1 9 7
1 3 4 8 5
2 5 9 6 7
7 3 9 7 10
10 10 9 9 2
3 1 1 2 3
10 3 7 3 5
2 8 2 2 4
10 7 7 3 8
10 9 2 7 5
9 8 6 3 7
1 9 6 6 6
7 8 7 1 1
4 5 8 10 1
4 6 3 10 4
5 9 4 5 3
1 6 7 8 5
2 6 8 3 6
2 3 2 8 1
9 10 9 6 1
2 8 8 4 6
10 10 1 6 1
9 1 6 5 4
4 1 8 5 3
4 4 7 7 1
2 10 6 6 2
10 10 3 2 5
5 7 5 2 8
3 9 3 4 6
8 3 7 1 10
9 8 1 1 2
10 8 6 3 8
5 3 4 9 2
2 8 4 6 5
8 10 4 5 7
7 8 8 10 6
8 1 4 8 2
