n 50
m 5
cap 30
Processing
64 19 33 75 46
63 51 61 3 99
74 51 26 15 41
26 32 18 56 100
38 91 32 91 5
89 84 15 51 6
13 53 7 95 9
46 70 41 70 27
33 99 49 38 88
39 57 50 22 62
93 96 29 11 59
37 52 28 63 15
17 8 37 47 4
42 45 10 44 60
8 52 69 56 10
39 56 63 54 97
14 81 86 38 2
10 46 37 88 86
21 80 86 52 82
68 31 66 44 77
51 29 1 38 72
48 80 72 67 7
15 97 34 28 15
14 39 68 49 29
64 63 30 48 26
46 89 87 79 97
84 66 94 97 74
46 74 73 33 63
81 84 92 84 25
29 45 97 30 19
78 91 58 1 73
42 85 28 51 41
66 80 74 47 88
46 72 87 91 17
74 13 10 23 7
34 53 40 61 35
98 69 55 38 49
5 20 67 53 68
11 71 94 45 4
82 84 74 30 1
5 6 4 60 92
20 91 20 92 100
39 78 88 91 77
20 68 68 49 82
13 97 90 39 20
84 100 86 21 18
28 57 76 95 56
100 84 98 22 68
69 75 25 90 27
97 39 77 93 14
Size
10 8 3 7 9
9 10 8 9 6
4 8 4 10 9
10 3 4 5 10
2 4 9 3 9
6 3 6 7 3
7 4 6 6 5
5 3 3 8 8
7 5 5 3 3
7 2 5 7 5
6 9 5 7 5
7 4 6 5 10
6 6 4 2 8
1 3 9 4 2
5 3 2 3 3
3 6 8 5 3
4 5 1 9 8
1 7 4 8 7
1 3 9 3 5
8 9 6 7 2
1 6 8 4 2
3 3 6 6 8
6 5 4 1 6
5 8 7 7 10
6 5 4 4 2
10 5 1 4 8
8 7 1 5 5
1 9 6 2 9
6 9 1 9 2
6 7 3 5 6
6 1 3 10 3
4 10 3 3 7
9 1 2 3 2
1 5 1 10 8
7 5 3 9 10
7 5 6 6 3
1 4 8 2 1
1 2 2 7 2
1 1 10 2 2
10 2 10 8 10
2 6 5 8 3
5 6 2 5 2
10 4 8 6 1
7 4 2 8 10
2 5 1 4 4
4 9 2 7 5
6 5 1 4 4
1 2 10 9 3
3 5 8 10 3
2 9 6 8 3
