n 50
m 5
cap 30
Processing
12 78 64 22 37
53 71 81 68 55
68 88 99 21 46
40 83 38 87 11
20 83 51 51 71
70 52 64 56 74
22 82 45 36 33
49 89 36 32 33
77 5 8 56 16
53 32 56 32 36
28 93 84 19 78
68 25 58 23 1
96 82 4 70 50
35 86 43 20 89
42 17 79 99 75
71 98 66 31 68
29 59 45 9 13
58 99 47 21 51
36 11 76 74 100
24 36 41 55 60
90 67 96 95 11
14 84 16 70 91
46 51 27 37 39
24 94 30 42 78
100 32 51 75 37
21 14 29 3 47
8 57 26 15 77
74 76 78 59 66
59 49 90 89 38
97 49 47 19 79
41 64 28 88 94
64 35 80 39 27
37 19 86 98 39
4 3 98 50 85
91 59 37 85 13
54 19 39 70 41
21 7 40 61 32
43 84 78 51 44
8 84 38 3 30
81 33 74 24 59
85 42 63 45 33
85 31 92 94 1
46 40 9 91 75
63 40 61 82 7
38 59 65 79 92
100 35 10 9 77
84 80 34 94 62
63 3 76 37 87
60 12 71 87 71
39 97 57 34 28
Size
5 2 2 5 7
4 5 5 3 1
7 2 8 8 3
10 5 10 2 2
5 1 3 9 2
2 2 5 7 1
4 3 10 1 4
4 5 10 8 5
3 10 8 5 3
10 4 8 1 4
9 8 5 8 5
3 7 1 7 5
8 7 9 7 5
10 7 1 2 8
3 4 6 7 5
8 7 7 2 5
8 2 1 7 4
6 9 1 1 4
3 8 1 9 9
10 4 7 7 3
7 3 2 4 4
2 8 10 2 10
2 7 4 5 2
7 6 6 9 1
3 3 10 2 6
5 2 9 4 4
8 3 2 9 6
3 9 2 8 2
5 6 5 2 8
7 6 6 9 5
6 8 9 7 9
7 10 7 5 9
4 2 1 7 6
5 9 9 1 6
6 4 1 2 3
1 7 7 4 9
6 4 2 10 8
1 8 9 9 5
7 2 9 6 3
8 2 7 10 2
8 3 3 7 2
8 6 8 8 4
2 3 10 3 9
8 4 3 10 7
6 10 6 8 7
8 3 6 7 1
7 9 6 9 7
10 9 4 4 4
1 8 9 9 2
2 7 2 5 5
