n 50
m 5
cap 30
Processing
56 3 57 98 51
39 27 84 100 62
52 20 34 69 92
50 82 66 72 79
59 12 86 31 63
88 61 25 6 70
37 87 50 84 21
60 21 31 42 47
85 30 40 45 78
17 82 28 59 41
97 39 20 43 60
78 20 36 44 48
51 50 16 35 65
38 67 19 26 88
48 54 49 85 6
30 26 66 13 43
90 87 5 70 3
47 99 59 36 14
27 26 47 46 55
22 88 68 10 10
28 64 77 17 83
52 60 47 60 84
88 18 48 70 16
10 22 78 43 43
60 25 53 50 1
15 67 39 2 84
54 54 74 32 97
98 28 2 1 91
57 85 74 1 20
86 77 36 34 77
85 6 65 32 79
73 50 19 30 7
38 32 86 95 43
51 10 87 7 24
44 23 65 45 66
29 8 10 20 44
92 25 54 92 63
67 2 86 68 5
66 95 65 76 49
47 67 57 73 90
100 10 67 64 52
20 85 56 19 93
69 23 76 5 40
88 31 1 64 66
44 68 59 9 46
61 25 12 3 13
4 8 13 85 65
49 84 7 31 43
8 2 81 75 26
82 77 30 72 68
Size
4 10 10 6 1
1 2 10 8 9
9 8 1 4 10
4 6 8 5 5
8 1 3 1 8
7 10 10 6 4
1 7 4 8 2
1 3 10 7 8
10 5 10 4 8
10 6 4 8 3
7 10 5 7 5
7 4 10 6 8
6 4 8 4 9
3 1 1 10 4
7 3 8 6 6
2 10 5 10 1
8 10 10 5 1
9 6 4 8 10
8 7 10 1 5
6 1 7 5 6
9 1 3 2 2
10 8 1 8 4
7 5 2 7 10
8 4 10 6 2
2 6 2 6 7
6 7 2 9 2
9 10 10 6 10
5 2 2 9 5
5 6 1 1 1
2 6 2 7 7
5 7 2 8 10
2 2 3 3 8
9 7 10 10 2
7 10 7 4 10
7 5 10 5 10
5 1 5 9 4
9 2 7 6 7
10 1 1 3 8
10 5 7 4 8
7 7 7 9 6
7 2 1 8 6
7 4 8 2 2
4 1 3 1 2
7 3 10 3 6
8 7 7 9 4
5 4 10 10 3
2 7 4 2 10
4 8 4 3 2
6 4 2 3 6
9 7 5 7 5
