n 50
m 5
cap 30
Processing
98 44 44 28 38
4 96 64 5 68
5 42 8 79 2
46 55 19 68 51
70 3 48 97 66
3 16 96 89 93
7 35 32 70 99
88 81 25 94 43
11 41 85 73 85
7 86 63 70 72
30 96 88 78 29
96 24 32 7 48
26 18 70 6 7
49 70 71 98 52
59 18 95 5 41
99 12 68 69 28
72 66 79 49 58
98 59 30 68 33
83 72 28 59 18
29 50 13 97 82
78 94 61 74 3
86 85 32 49 14
76 98 56 39 7
22 98 2 40 98
25 51 33 10 18
51 44 76 24 44
73 70 71 34 82
42 49 84 7 100
14 13 10 30 38
96 71 32 3 87
7 35 85 98 92
54 58 96 25 96
41 25 47 25 93
58 62 100 82 37
5 74 10 57 34
93 92 72 56 84
98 5 87 38 99
59 91 70 1 57
96 82 28 20 34
64 60 38 25 4
89 88 92 45 42
51 58 65 99 17
23 7 32 56 27
25 10 1 15 44
16 72 67 37 66
82 64 78 48 35
57 6 34 68 25
95 35 50 16 79
91 25 95 45 51
58 96 71 48 52
Size
4 9 4 6 8
10 3 3 9 8
7 10 7 6 5
5 2 10 2 5
8 9 5 5 10
6 9 4 4 8
3 4 1 7 1
2 2 2 9 4
1 10 8 2 6
5 5 5 3 4
9 3 1 6 8
2 4 3 1 1
8 4 8 3 2
7 7 6 5 1
6 10 4 3 5
2 2 6 3 9
8 7 9 4 6
3 7 6 6 3
7 4 2 4 5
6 3 6 10 7
5 2 6 7 10
5 6 5 2 8
2 4 4 4 9
10 2 3 9 4
9 7 9 8 9
9 3 5 6 10
5 9 2 1 2
4 3 5 1 1
1 10 10 4 3
8 1 9 8 3
6 7 5 2 2
1 6 2 9 3
6 9 5 8 8
6 6 8 5 8
3 5 6 6 10
7 1 1 2 3
8 7 7 7 9
9 2 1 2 3
2 7 7 6 7
7 7 10 7 5
10 7 8 2 4
4 8 9 3 6
9 7 7 8 1
8 6 10 4 2
9 2 9 7 9
3 3 2 10 9
1 7 3 8 7
7 7 6 7 6
9 1 10 1 8
4 9 3 5 1
