n 50
m 5
cap 30
Processing
10 38 29 77 69
74 13 55 78 28
79 9 44 18 49
46 82 70 69 58
25 27 82 42 67
85 29 43 78 46
50 20 64 57 54
28 36 29 23 40
97 47 34 66 2
92 61 55 70 14
69 18 82 88 77
24 13 97 25 25
39 88 87 32 97
63 21 35 53 9
59 2 34 95 16
78 74 11 18 37
74 14 78 94 17
60 43 88 43 69
8 99 28 8 43
25 100 84 30 22
47 83 16 43 59
26 22 65 94 10
88 29 77 58 13
27 37 49 84 70
16 55 48 60 11
46 70 20 13 61
62 78 32 100 45
67 13 21 52 23
45 22 7 4 76
5 35 53 94 73
4 64 2 56 91
89 69 1 51 72
33 2 57 73 100
22 80 75 64 51
50 26 34 77 44
79 39 23 98 74
70 16 24 36 66
49 57 81 47 34
64 90 13 38 68
1 34 9 95 31
24 26 87 16 68
42 2 91 38 47
8 1 85 4 40
87 19 34 54 36
50 59 41 79 2
81 53 13 59 68
86 13 61 12 19
68 79 45 100 3
87 13 29 39 11
25 79 66 18 54
Size
1 1 1 6 8
6 10 10 10 6
8 7 6 2 6
4 8 8 10 9
7 10 5 10 9
9 9 6 3 3
7 10 3 4 8
8 5 1 1 6
10 7 3 3 9
3 5 5 1 6
6 8 3 6 4
5 9 1 7 6
1 4 6 2 7
7 5 8 5 2
2 7 7 10 8
3 4 7 2 2
6 9 6 3 5
6 8 9 5 9
8 8 5 10 1
9 9 4 5 9
7 4 2 7 4
4 2 9 4 5
9 4 3 10 4
9 10 9 2 10
7 10 10 7 5
6 7 1 7 5
6 8 3 2 10
8 5 3 5 6
8 4 1 5 6
5 4 3 1 4
4 1 7 2 7
10 5 9 9 2
4 8 6 5 9
1 6 6 7 3
10 8 5 7 4
1 1 3 2 3
6 7 10 4 3
10 9 4 8 8
9 7 2 2 5
2 10 10 7 7
8 7 5 8 7
9 3 5 6 10
4 5 9 7 7
7 1 3 4 2
10 4 3 5 7
6 1 9 8 5
4 4 3 3 10
7 6 4 9 7
7 2 3 10 10
7 5 4 4 6
