n 50
m 5
cap 50
Processing
74 41 67 73 52
44 54 57 68 71
76 23 84 79 12
25 34 85 16 2
82 93 34 51 18
90 87 15 89 69
45 87 27 6 91
91 40 20 89 39
55 63 92 43 57
21 85 71 49 97
35 63 56 2 100
87 26 73 92 24
90 17 4 31 73
67 89 39 99 20
36 9 42 89 37
22 9 67 34 68
95 71 40 42 28
37 22 19 76 61
80 28 4 76 26
81 15 11 3 22
62 3 31 8 52
66 9 9 13 54
1 18 81 21 15
30 51 79 72 89
94 22 22 36 74
88 56 41 20 29
70 23 10 90 85
35 72 18 66 38
88 16 13 8 46
11 9 43 50 86
58 94 75 36 42
2 76 88 65 100
55 1 4 19 83
63 17 90 2 51
10 60 36 77 89
98 78 10 6 91
82 82 81 28 49
43 10 100 21 37
33 84 45 98 29
60 57 72 42 65
12 14 87 90 89
26 30 75 83 58
77 18 74 38 40
52 97 20 28 32
3 50 95 93 21
82 85 40 15 66
69 18 39 91 48
75 100 73 47 17
32 99 84 87 89
7 66 50 64 47
Size
8 3 4 9 3
8 2 6 4 10
9 6 7 6 2
10 10 6 1 7
1 6 2 5 10
10 8 8 6 4
10 4 9 3 2
9 8 4 8 2
10 9 6 8 1
2 7 4 4 1
4 3 6 4 1
9 4 9 5 1
6 6 4 9 10
1 3 6 6 3
4 9 8 3 3
10 10 4 10 9
6 1 7 2 2
4 8 7 6 3
8 8 9 6 1
5 7 8 4 2
9 4 8 3 7
8 10 1 4 10
1 1 9 4 3
5 9 8 9 1
2 2 5 9 2
10 3 1 5 4
6 7 5 5 1
5 9 3 2 2
1 8 1 3 6
1 6 4 4 9
7 8 5 2 10
4 1 9 9 1
10 3 1 2 9
4 7 8 5 9
4 9 4 8 4
1 3 6 1 3
1 5 8 7 1
1 7 6 7 10
6 2 1 6 6
4 7 8 5 3
2 10 7 7 9
3 8 8 8 2
1 7 9 4 1
7 2 7 10 1
10 1 10 2 9
2 10 6 1 9
5 8 2 6 6
8 1 7 4 10
5 5 9 6 5
8 6 4 5 1
