n 50
m 5
cap 50
Processing
40 79 96 68 3
34 40 93 98 82
32 43 28 72 37
75 70 68 35 50
100 89 17 83 55
83 77 26 33 36
1 18 3 3 81
7 32 79 43 55
60 6 71 38 98
43 17 19 36 65
58 56 9 26 43
24 6 76 81 34
10 77 29 98 95
36 71 81 3 18
21 12 56 98 62
1 27 43 32 75
12 75 68 76 47
60 66 28 48 57
32 65 12 7 82
60 79 42 54 9
11 57 45 26 34
83 33 24 40 37
33 12 34 91 9
12 81 21 12 21
9 92 36 39 18
85 100 23 36 36
98 77 46 19 54
59 21 63 21 80
52 87 83 30 65
69 53 6 60 54
26 29 73 49 28
83 23 52 82 100
99 65 5 71 86
92 73 2 99 21
100 30 91 70 24
7 88 22 24 59
70 65 92 60 75
33 53 33 6 84
93 73 23 42 65
33 37 82 96 14
37 88 54 27 44
58 50 36 59 64
91 55 20 44 97
12 79 20 64 80
20 40 57 92 19
25 84 42 72 86
65 99 73 40 45
58 74 9 31 66
98 72 75 99 90
36 29 91 63 6
Size
3 8 1 6 10
6 2 2 1 1
10 9 8 4 5
7 3 2 10 7
8 3 10 9 8
3 2 6 5 4
10 6 8 2 2
7 7 2 10 10
10 3 1 10 9
7 9 8 1 10
10 8 5 4 6
7 5 2 6 8
3 2 8 9 9
7 8 6 1 5
2 8 10 10 10
3 1 8 10 3
8 3 10 4 2
4 10 2 9 7
4 2 1 1 7
10 3 3 2 4
4 10 4 4 5
3 1 1 1 7
10 8 5 7 3
9 2 3 9 7
4 8 8 2 7
6 2 2 10 9
7 8 4 8 6
2 1 1 3 3
8 2 9 10 4
1 9 3 8 5
8 7 6 9 8
2 5 1 9 8
9 10 9 8 4
5 9 2 5 10
2 4 7 4 1
8 3 4 6 10
1 6 10 8 2
6 8 5 4 10
2 2 1 6 8
4 9 9 10 10
8 6 2 4 7
5 6 3 3 5
4 10 8 10 5
8 5 10 5 7
9 1 8 4 8
2 2 7 3 4
5 7 1 1 6
7 3 10 1 9
5 1 2 7 3
7 10 7 4 9
