n 50
m 5
cap 50
Processing
59 31 96 63 23
44 47 54 79 70
10 16 58 79 93
89 43 48 32 65
5 47 96 61 3
98 85 35 80 24
66 36 9 92 14
13 15 65 79 28
3 87 74 45 28
30 26 21 76 56
84 55 49 22 10
23 42 31 82 5
32 23 8 29 14
6 88 1 92 28
17 32 82 15 31
69 74 15 16 62
98 20 77 35 74
98 2 54 10 85
25 98 64 77 10
64 51 85 75 7
22 30 9 29 45
25 70 63 96 79
72 26 12 76 33
75 95 65 93 1
60 62 87 9 42
1 88 99 93 90
86 90 9 93 61
89 94 67 48 26
99 96 57 79 47
6 95 96 21 49
67 51 63 45 60
36 48 69 12 31
68 46 76 87 57
35 74 90 23 13
31 81 47 50 42
80 6 56 1 70
56 41 79 72 33
47 65 16 37 38
42 60 63 96 75
86 47 81 7 8
97 97 40 39 55
40 40 90 77 52
20 39 53 92 82
65 1 88 3 91
18 5 85 65 75
55 69 26 78 53
90 4 56 84 11
76 53 87 50 50
95 38 25 61 71
46 23 60 98 72
Size
8 4 9 3 2
4 10 1 3 4
8 9 8 9 6
8 7 5 1 10
4 8 9 10 3
7 2 1 1 5
8 10 3 9 5
3 4 1 4 6
4 6 3 2 7
9 6 2 6 7
7 8 1 2 7
1 2 9 2 9
9 5 3 6 3
4 6 10 1 10
5 4 5 10 1
10 1 7 4 4
5 2 5 8 3
5 7 8 4 8
8 5 7 7 1
3 9 4 4 9
8 2 2 1 4
3 9 7 10 8
6 1 6 4 4
5 1 6 1 3
7 1 1 8 2
8 2 7 10 7
5 6 4 5 6
3 4 1 3 6
5 10 5 7 6
10 4 4 6 4
5 4 3 5 10
5 6 4 4 8
7 10 5 6 9
5 4 2 3 3
3 2 1 1 2
4 3 1 3 1
1 10 5 2 8
5 2 9 10 7
3 6 7 6 3
5 7 1 10 7
8 4 2 8 6
2 4 7 6 8
4 9 5 7 10
3 2 10 5 1
7 1 7 2 9
3 6 7 2 8
7 8 5 4 4
10 2 3 10 6
8 4 3 9 2
9 10 6 8 9
