n 50
m 5
cap 50
Processing
96 42 73 67 80
40 6 9 85 90
63 54 97 98 60
60 41 28 61 42
69 19 16 100 20
74 81 68 38 81
7 35 34 52 33
67 54 22 51 75
86 86 14 87 75
13 47 89 30 87
82 61 6 81 92
93 49 42 16 56
65 24 7 74 44
74 17 90 96 9
11 26 47 73 65
7 34 15 63 58
4 10 18 92 33
55 96 34 66 33
5 69 37 42 22
85 48 64 88 83
49 47 83 42 90
51 47 31 37 49
37 88 75 18 54
49 77 70 100 17
91 88 72 45 2
75 55 36 21 49
19 76 16 40 31
24 89 83 38 80
40 10 5 98 79
57 78 73 50 39
10 59 72 84 79
13 57 25 13 31
52 18 16 76 84
51 42 98 6 91
21 61 90 41 73
35 71 97 51 29
56 47 11 79 84
73 89 100 65 44
9 90 62 91 52
35 66 4 58 79
33 37 89 45 64
61 88 90 65 71
60 84 24 7 46
32 5 76 12 52
58 13 68 81 83
96 35 88 75 91
90 51 68 58 24
20 93 95 59 96
61 99 18 84 50
80 76 46 14 34
Size
6 7 2 4 10
10 6 7 3 7
7 6 1 9 4
2 3 7 1 9
3 4 4 4 8
8 8 5 5 1
8 6 5 7 1
5 4 2 10 6
3 10 4 4 7
8 5 8 5 9
4 2 9 9 1
1 4 9 1 9
4 5 4 9 3
6 3 1 3 5
10 1 1 10 8
1 8 1 6 3
4 3 4 4 6
5 4 7 8 9
9 4 1 4 4
3 8 4 10 1
10 10 3 4 2
7 5 4 8 8
7 5 4 7 6
10 5 8 7 5
5 4 10 1 4
5 5 3 8 9
10 1 3 3 10
2 10 6 2 10
3 2 6 10 5
1 9 10 10 5
2 8 10 4 5
4 3 1 1 4
2 7 2 5 4
8 7 10 7 4
5 6 10 9 10
2 9 2 9 5
2 10 3 3 4
2 6 1 6 3
9 3 2 2 8
3 4 6 1 3
3 5 2 7 1
10 4 6 5 1
2 6 4 8 9
5 6 7 2 8
2 6 7 9 2
2 8 2 2 8
7 9 8 1 6
10 8 9 7 3
2 2 1 9 6
3 9 3 6 9
