n 50
m 5
cap 50
Processing
27 87 31 44 33
96 31 3 61 26
20 34 54 45 15
94 89 12 47 55
3 45 5 24 30
21 17 11 7 81
53 50 94 50 34
64 84 7 76 27
89 93 70 74 81
89 54 58 83 66
22 5 47 50 63
51 28 11 77 70
98 17 59 37 65
41 74 51 24 11
63 74 86 67 87
85 4 42 88 78
85 81 14 8 23
13 44 78 82 96
41 69 85 82 83
27 70 90 6 77
36 7 41 29 59
14 36 33 78 29
76 9 88 61 41
21 81 20 17 57
93 24 91 74 41
53 59 80 80 21
50 99 67 62 72
8 38 29 37 78
20 15 17 99 39
22 47 24 82 99
58 82 100 53 43
24 55 52 15 55
98 98 17 68 75
85 8 73 95 7
39 93 2 94 37
84 25 16 40 29
3 39 89 84 25
10 90 47 25 69
27 40 61 79 9
81 54 95 35 7
24 1 82 83 85
73 84 70 26 57
48 68 27 82 83
87 87 50 86 38
59 65 95 64 95
94 78 53 47 60
14 77 7 72 61
60 51 79 5 46
33 77 44 94 91
24 35 15 25 4
Size
2 7 5 7 10
5 5 2 5 2
8 7 10 9 9
9 5 10 1 3
9 6 7 4 7
4 3 8 10 9
10 10 4 4 2
8 4 5 10 2
1 10 6 8 9
1 7 10 2 2
7 2 5 1 6
9 6 1 3 10
10 5 6 9 7
6 10 7 3 2
8 7 9 10 1
10 6 10 6 1
7 10 6 4 8
6 2 10 7 3
4 1 1 7 1
9 10 5 9 1
5 1 2 3 7
5 8 9 8 2
6 2 5 3 8
3 4 3 3 6
9 2 3 10 3
10 1 9 9 10
5 2 6 6 1
4 5 2 8 7
6 10 4 8 8
3 5 2 3 8
9 8 3 8 6
2 9 4 3 2
4 5 5 9 3
8 8 8 7 8
9 7 4 5 3
3 4 10 8 5
8 1 3 6 9
7 8 3 7 7
2 1 2 3 3
5 7 5 2 8
3 8 9 1 10
4 7 8 1 2
1 10 8 4 9
3 5 2 7 1
2 5 8 9 7
4 8 2 7 2
2 1 9 9 9
7 7 10 2 10
6 1 8 10 8
2 6 5 7 1
