n 50
m 5
cap 50
Processing
64 65 78 69 4
89 79 46 65 90
9 50 51 76 41
90 53 29 98 25
12 82 40 79 76
75 1 90 97 88
79 69 19 83 56
91 11 66 68 34
95 97 20 92 45
80 16 42 81 46
94 5 49 79 56
13 19 49 22 53
44 78 64 32 83
82 44 56 74 11
18 75 50 64 36
54 32 89 68 73
51 78 91 89 97
83 39 52 76 22
100 97 47 93 40
30 74 6 47 37
65 92 66 48 73
98 80 41 100 96
90 73 84 91 55
65 14 64 8 11
35 3 11 9 48
95 22 66 79 88
40 64 20 7 4
24 100 68 35 88
34 83 68 25 95
59 2 92 14 12
82 32 70 44 25
78 21 86 45 71
62 90 10 58 58
79 42 47 24 88
31 72 2 2 82
69 21 68 36 30
49 40 95 65 46
71 50 68 16 23
5 72 34 83 4
5 59 8 41 12
35 58 67 69 65
48 81 27 7 9
18 56 12 6 78
30 67 19 72 4
95 80 31 15 59
60 53 19 32 32
81 68 79 58 6
85 64 13 12 8
50 60 9 38 79
82 82 35 25 32
Size
5 2 2 7 9
8 1 10 8 8
3 2 4 7 3
7 2 3 10 6
1 9 5 6 3
2 1 3 1 1
10 6 8 8 9
10 9 3 1 7
5 1 7 8 4
1 3 6 7 8
1 10 4 4 4
6 3 10 6 1
5 7 10 8 5
2 5 3 3 6
6 7 5 3 8
4 10 1 4 1
4 5 9 4 5
5 6 6 8 6
9 1 3 1 6
9 10 10 3 6
5 1 6 6 6
5 7 6 9 7
7 1 1 7 2
4 1 1 6 5
9 8 6 8 1
7 6 2 10 2
2 9 8 3 2
8 6 7 4 10
4 4 5 8 9
9 3 5 10 2
4 5 9 6 6
6 4 8 8 4
7 8 6 9 5
6 3 4 4 8
10 7 8 2 4
3 9 6 9 8
8 3 1 6 2
1 2 10 3 2
9 9 2 2 1
5 7 5 10 2
6 1 10 7 8
5 6 8 9 1
1 5 10 1 7
5 3 3 2 6
6 3 8 9 4
1 1 7 8 10
10 1 2 10 5
4 4 2 1 5
5 3 4 6 8
9 4 2 3 6
