n 50
m 5
cap 50
Processing
29 21 81 88 33
7 17 82 72 2
31 69 29 29 68
32 61 56 32 65
52 74 6 78 9
31 67 95 99 96
14 66 28 43 7
31 87 76 1 76
77 28 65 7 85
5 33 1 69 5
75 81 94 28 74
91 78 48 68 85
37 5 57 3 40
68 46 71 99 37
21 55 41 20 46
3 1 56 81 51
72 94 76 100 54
12 68 36 44 29
41 37 65 39 23
38 71 50 2 84
67 14 22 34 63
5 58 19 54 61
51 27 7 91 17
92 74 24 55 61
4 24 18 96 59
44 20 15 29 47
24 11 53 45 45
66 46 68 58 64
11 27 35 27 60
83 28 36 83 33
74 81 52 36 52
49 82 63 46 4
3 75 77 27 37
15 6 74 13 31
58 92 13 22 88
93 24 75 36 41
94 34 26 7 43
42 4 84 94 92
78 89 50 17 98
44 34 29 32 9
68 76 32 3 50
3 27 73 9 8
54 51 20 91 58
52 20 20 48 50
66 89 12 72 41
88 13 24 73 46
98 59 69 35 55
94 96 16 55 6
80 77 70 79 14
69 12 48 43 20
Size
3 5 3 10 8
8 7 9 2 8
9 7 2 7 1
5 3 6 5 9
6 6 8 9 2
7 4 1 1 4
3 2 8 3 5
6 1 4 1 9
8 9 8 4 10
8 6 3 10 2
9 1 8 5 8
9 10 6 7 1
6 6 5 5 4
10 9 4 6 5
3 9 5 9 3
2 6 6 6 7
3 5 8 1 10
6 3 3 6 7
5 3 1 3 9
2 1 5 5 6
8 1 1 5 5
4 1 6 8 2
6 1 7 8 5
10 9 8 8 5
4 5 2 4 8
8 6 7 10 10
3 4 3 6 1
1 5 2 6 6
7 2 10 7 9
8 10 2 2 8
4 10 5 8 5
1 9 2 9 4
5 10 7 7 10
9 5 10 7 2
7 4 8 1 6
10 4 1 7 5
5 3 4 10 9
3 5 4 1 6
5 10 4 10 3
6 1 6 4 4
5 2 9 3 7
9 7 1 9 3
6 5 4 9 2
6 7 4 6 4
7 1 9 3 4
8 5 8 8 2
4 8 3 1 5
9 3 1 10 9
5 6 6 10 5
3 5 6 9 1
