n 50
m 5
cap 50
Processing
31 15 5 6 12
56 86 66 32 57
87 79 71 54 9
37 33 48 24 51
35 96 10 39 97
68 10 64 81 45
33 50 18 61 92
28 63 68 8 58
4 2 82 8 21
89 26 77 43 47
57 40 69 45 37
13 80 11 39 95
87 72 16 78 36
19 75 58 91 89
62 38 57 50 51
25 57 100 83 20
49 33 2 73 94
68 34 28 89 11
77 67 100 82 32
68 99 92 95 32
96 75 22 48 38
95 63 78 70 19
53 63 25 19 35
91 100 62 33 89
13 26 52 85 82
29 82 79 13 14
58 25 83 65 58
11 43 77 82 79
62 17 29 31 97
60 61 62 35 91
13 88 38 76 93
33 67 58 35 34
99 17 8 34 83
1 82 16 17 76
32 95 47 21 70
81 51 43 4 100
40 36 4 59 74
88 45 81 93 99
94 38 58 52 5
79 62 45 57 48
80 38 95 68 3
80 96 33 8 74
43 33 44 27 72
57 49 13 40 97
20 54 69 51 35
76 45 94 100 24
1 25 64 22 5
11 13 75 44 12
53 12 24 50 32
4 49 94 79 5
Size
7 8 7 2 10
2 2 4 7 1
6 1 7 5 6
7 4 2 8 7
7 1 1 10 2
9 3 4 7 6
7 10 6 7 2
10 8 9 2 1
5 6 6 5 4
9 7 8 3 1
6 2 8 2 9
7 1 4 6 9
6 10 9 4 3
2 7 6 10 10
10 7 7 5 9
5 3 5 2 2
2 9 8 1 7
7 5 9 1 8
6 9 6 4 9
4 8 6 3 4
7 7 10 8 9
2 9 5 1 9
10 2 7 8 10
10 9 3 5 1
8 7 7 5 4
3 5 5 7 6
6 6 8 7 10
10 7 5 10 10
3 1 7 3 7
5 7 3 2 5
3 9 5 8 8
7 8 5 2 2
10 6 7 2 3
4 1 8 2 3
9 1 6 2 8
2 4 7 9 8
2 2 1 10 9
3 8 8 4 6
4 9 10 1 10
6 9 5 5 3
4 9 5 1 9
4 7 10 7 7
2 5 6 2 4
3 8 8 2 2
9 10 5 1 10
6 10 3 10 10
2 6 9 6 8
7 6 2 6 1
5 8 10 2 4
3 4 6 1 7
