n 50
m 5
cap 50
Processing
50 65 75 28 89
27 43 46 21 18
30 63 58 20 32
67 17 12 21 97
55 34 6 17 80
44 47 72 43 11
72 81 93 83 35
69 18 40 20 49
88 8 48 81 85
42 79 96 33 65
8 22 26 47 72
50 66 54 59 87
78 41 19 95 41
89 78 39 3 79
72 86 28 57 47
36 65 16 94 69
25 98 62 100 25
90 80 21 50 5
84 66 99 9 13
77 2 56 52 13
49 77 90 78 87
81 61 18 73 69
82 96 98 38 36
63 60 75 39 94
38 14 28 11 66
48 6 73 82 20
28 43 26 85 87
44 89 65 27 6
89 62 87 85 12
80 39 51 14 89
91 94 93 58 3
46 74 49 80 73
92 54 71 80 10
74 35 48 22 15
45 27 7 27 80
44 17 65 51 31
29 20 89 50 89
59 21 43 70 77
92 59 66 80 58
75 68 18 75 79
93 71 30 83 100
91 55 86 87 86
100 12 97 6 44
65 94 46 24 51
34 86 93 30 76
13 67 7 92 27
1 88 10 100 27
80 30 85 65 53
23 37 11 80 60
20 83 4 43 36
Size
7 6 9 3 2
5 4 10 8 5
1 6 4 5 9
3 7 2 2 10
9 7 5 3 10
9 5 7 10 1
10 7 7 2 10
8 5 1 4 10
2 1 2 8 5
1 8 4 1 2
9 9 4 4 10
7 4 8 9 3
7 8 1 6 7
1 4 8 7 7
2 4 10 1 9
5 1 4 10 1
10 3 2 7 1
8 1 4 6 3
5 5 5 5 6
10 4 6 3 6
4 7 3 9 4
2 5 10 7 4
7 9 2 9 10
1 1 9 5 1
9 7 6 6 6
4 8 7 9 6
7 7 3 4 9
4 9 8 5 8
10 6 10 3 1
3 8 9 4 2
3 8 3 10 7
2 2 10 3 9
5 10 3 2 3
6 3 7 2 9
6 6 4 10 2
10 4 9 9 10
8 2 10 9 1
6 6 3 9 10
3 7 8 2 6
9 10 9 9 1
10 9 6 10 6
9 5 3 6 7
10 4 8 7 7
5 6 7 4 9
10 9 10 8 9
3 7 6 2 3
8 5 6 5 9
3 4 10 1 2
9 2 6 3 4
2 9 10 4 3
