n 50
m 5
cap 50
Processing
64 49 24 18 41
59 2 31 93 81
60 24 74 10 69
48 50 34 55 81
29 57 32 63 76
15 54 75 6 43
16 16 16 94 59
85 76 17 81 50
18 32 13 91 28
84 26 56 73 76
33 8 37 77 77
96 78 68 28 43
10 4 2 50 11
69 75 92 72 91
50 73 66 65 10
49 70 88 65 25
50 96 53 57 77
17 49 93 85 62
61 51 27 40 27
49 83 67 61 47
84 51 31 29 42
37 91 80 82 25
65 74 41 53 13
21 39 44 51 39
38 31 25 25 39
39 74 33 70 89
40 86 29 86 53
35 95 64 93 64
75 45 6 99 59
89 47 29 94 65
82 23 89 38 75
8 79 82 98 13
20 39 35 34 50
81 28 69 58 94
23 94 95 39 69
85 89 15 88 54
71 82 18 13 2
10 23 62 47 53
76 39 14 30 74
43 13 43 30 50
66 39 51 7 46
16 85 98 82 70
46 1 66 29 44
76 23 43 56 23
12 39 12 19 76
56 26 42 92 37
20 74 80 32 20
40 32 79 42 56
97 2 70 37 54
19 94 37 89 2
Size
1 4 5 6 4
7 3 10 7 8
3 7 8 8 8
3 3 5 3 4
6 4 8 8 5
3 1 10 1 8
4 4 5 9 6
3 4 10 9 7
7 10 3 3 1
4 7 4 10 10
8 4 8 7 6
1 7 2 5 3
10 10 4 5 1
1 6 1 3 10
2 5 7 9 4
5 1 3 7 2
8 2 3 4 9
8 5 6 2 10
6 4 1 5 2
9 9 3 8 10
5 1 8 10 5
4 4 7 1 7
9 10 5 10 6
10 3 5 4 1
7 5 3 6 10
6 4 1 7 9
7 1 2 5 5
3 1 9 9 2
7 3 10 6 9
3 5 10 1 6
5 4 5 6 2
8 10 7 2 4
7 4 10 10 9
5 5 8 5 4
7 8 10 8 6
6 3 6 4 5
6 9 3 7 10
1 9 1 8 1
7 5 2 7 4
5 9 10 2 6
10 2 7 5 1
9 1 5 6 2
8 1 7 4 5
2 3 1 8 1
8 3 2 3 2
4 1 7 2 10
10 9 1 2 3
10 7 10 7 10
5 6 8 3 9
4 4 1 5 7
