n 50
m 10
cap 10
Processing
14 71 10 2 91 41 46 10 91 15
61 77 7 71 68 17 79 67 79 21
55 40 78 94 19 30 63 77 57 5
17 95 88 65 38 73 31 45 43 22
26 73 98 87 55 61 83 94 69 22
5 64 86 69 43 23 61 90 35 67
58 68 61 9 79 75 25 19 17 80
84 49 56 42 96 42 60 51 66 85
79 51 22 15 94 96 51 88 15 63
40 39 77 65 11 62 62 62 56 100
2 26 77 64 83 62 98 66 94 26
82 92 3 22 70 13 32 37 95 59
26 6 85 67 14 51 14 50 88 40
27 57 3 28 1 18 54 77 16 15
65 60 93 5 5 76 57 10 57 55
84 29 100 9 34 5 50 96 45 60
36 32 14 26 13 70 91 54 24 50
42 43 53 67 2 77 69 99 69 74
35 80 57 70 60 18 93 24 37 95
12 25 10 58 24 1 32 9 39 96
50 39 62 47 88 1 37 78 51 3
18 43 78 52 35 66 50 65 100 29
92 83 11 51 30 76 2 79 37 13
75 3 97 17 15 69 93 14 17 51
50 82 10 82 86 28 2 81 7 43
12 92 96 95 18 11 42 4 26 60
86 38 14 43 44 39 67 73 28 41
12 35 10 34 44 17 21 25 81 56
76 55 85 58 51 95 28 36 87 32
34 16 32 44 18 97 20 56 17 83
38 38 33 86 28 62 64 73 92 27
54 3 20 40 19 44 80 70 9 11
89 98 11 53 38 66 22 92 21 58
34 37 64 84 98 74 52 82 42 56
79 67 61 70 69 6 84 38 78 73
7 21 26 92 51 76 77 97 55 88
20 49 80 100 55 61 71 17 3 46
100 56 27 92 73 86 64 93 87 80
90 85 67 5 47 77 56 53 71 52
89 15 1 22 58 51 97 8 17 31
29 40 51 14 69 95 35 75 91 65
29 2 54 72 29 8 72 61 53 70
34 53 32 14 75 29 88 67 51 92
45 79 76 69 34 78 33 51 48 9
57 20 18 18 72 87 54 91 36 3
39 67 96 65 58 10 22 71 72 25
35 92 38 55 57 71 77 50 86 9
55 26 4 2 84 94 27 9 69 32
39 66 22 60 89 87 50 86 11 48
45 12 89 67 28 60 20 74 95 87
Size
5 5 7 8 3 8 2 2 9 10
7 1 5 2 10 6 8 8 8 6
1 1 2 4 5 2 4 5 8 9
1 3 9 1 1 7 4 8 7 6
3 7 5 6 2 5 1 8 4 1
3 6 7 10 3 4 5 5 7 9
1 9 10 6 5 6 3 3 5 9
6 1 7 6 10 3 6 8 4 7
1 1 3 6 6 7 3 5 4 9
7 1 2 10 6 4 10 3 1 2
10 8 7 3 9 9 7 2 3 7
7 7 3 9 10 9 9 8 2 5
4 7 9 4 9 10 1 4 1 7
1 4 8 3 6 4 6 8 1 6
5 4 1 1 8 4 1 10 4 10
2 2 9 1 9 6 6 10 2 6
4 4 5 2 1 6 10 5 3 2
10 10 6 5 7 9 7 9 4 8
5 2 9 10 8 6 10 5 6 7
5 2 2 5 10 10 2 9 2 6
1 8 7 3 7 2 4 10 1 8
1 1 7 4 4 8 6 4 10 10
5 10 5 1 4 8 10 3 7 2
7 2 9 7 2 5 4 4 8 7
6 8 2 6 6 7 4 2 3 3
1 6 1 5 3 10 3 4 1 3
8 1 9 5 5 1 9 1 10 7
10 3 4 9 3 8 5 5 4 8
2 4 5 1 1 8 6 10 1 7
2 2 1 9 6 2 8 4 4 8
8 3 9 3 7 4 4 8 2 4
8 5 10 10 7 5 2 5 8 5
8 9 7 1 8 3 2 6 5 10
4 8 1 6 7 3 9 7 7 7
5 1 2 5 9 9 5 7 1 1
7 9 3 8 5 9 3 5 3 3
6 3 7 10 1 5 10 10 2 9
2 5 8 6 4 6 4 1 7 10
4 1 5 5 6 6 10 2 4 10
5 5 1 10 10 8 4 4 6 1
10 4 3 5 6 4 5 8 7 8
3 6 7 5 6 5 3 2 1 2
5 10 7 5 10 4 2 3 2 9
9 4 2 9 8 5 10 10 5 1
6 4 6 8 6 7 1 4 6 8
1 3 3 2 6 10 4 6 2 5
3 3 3 3 3 7 5 5 1 3
4 9 1 6 6 6 8 3 4 8
10 8 7 3 2 6 5 5 1 6
10 8 7 9 5 3 5 10 10 6
