n 50
m 10
cap 10
Processing
13 58 39 40 21 100 46 53 92 16
94 87 28 82 80 26 34 84 98 10
33 91 66 89 34 23 66 66 62 43
85 12 50 1 96 56 46 56 61 29
54 1 85 18 4 68 29 8 96 13
88 43 60 13 85 19 23 66 43 20
83 40 98 87 67 96 29 74 5 59
11 10 31 72 68 93 92 96 1 68
89 72 75 1 83 93 82 54 63 92
18 34 3 68 44 91 59 33 84 76
31 71 75 83 69 25 97 27 37 42
44 35 94 47 67 36 37 84 19 16
14 88 72 2 95 93 43 28 63 60
7 100 37 9 21 79 76 69 13 29
15 79 59 38 56 51 16 62 84 51
74 34 12 67 55 24 96 94 70 36
84 12 47 65 18 22 1 56 61 74
65 81 11 19 14 62 22 23 93 15
81 81 20 63 44 31 27 12 97 55
38 64 25 22 38 32 60 13 73 58
43 33 9 80 9 58 5 29 77 6
86 56 56 57 45 71 21 11 27 91
6 56 43 81 34 6 73 22 1 6
85 93 1 88 8 48 68 23 69 94
84 94 72 94 93 92 74 20 94 71
42 96 50 52 6 93 91 33 3 23
1 53 75 29 33 89 100 24 25 21
72 31 53 43 77 10 28 64 86 80
99 26 10 94 11 8 8 51 90 4
67 94 10 24 42 60 78 57 57 52
65 46 54 6 7 7 100 17 44 21
59 72 62 20 52 8 59 82 5 94
12 61 32 93 29 65 46 47 87 27
1 44 89 78 78 11 76 83 28 74
58 4 76 97 100 52 20 8 89 53
52 30 61 58 75 24 9 8 17 12
84 15 23 99 15 28 76 39 23 100
41 33 61 44 57 89 20 86 50 84
55 86 68 95 38 6 52 100 63 99
89 73 23 14 76 11 43 64 26 5
87 61 55 52 21 85 93 100 60 36
55 38 51 97 100 28 54 31 20 41
16 28 13 10 45 93 13 64 10 70
9 58 47 35 100 14 36 41 92 88
73 19 39 49 25 15 54 51 63 86
33 99 20 20 18 38 30 70 92 38
2 45 83 80 79 75 50 88 24 79
99 50 67 69 66 31 94 66 46 30
89 14 88 99 13 47 61 91 67 17
86 35 62 31 93 5 68 41 32 33
Size
7 1 2 2 6 10 2 6 1 3
1 8 3 9 3 9 6 7 7 1
6 3 7 9 10 10 7 4 8 4
10 3 3 10 9 1 7 7 1 6
2 5 7 2 10 1 1 10 1 4
4 10 1 2 7 9 2 8 1 2
1 8 9 6 9 3 3 9 7 2
10 2 7 1 1 5 7 5 8 9
3 5 6 5 1 7 7 5 3 5
3 10 8 3 6 1 1 1 3 2
5 3 3 10 3 9 9 9 2 5
1 8 9 4 2 1 4 1 4 2
2 4 8 1 3 9 5 3 4 5
9 9 1 4 5 7 1 10 9 9
3 5 1 10 4 3 9 1 7 5
8 4 9 9 10 2 2 3 9 6
5 5 5 3 4 3 10 6 3 7
4 7 7 4 7 3 10 4 1 3
10 9 9 4 4 10 5 6 2 2
9 7 3 10 6 8 6 1 3 8
2 5 3 7 2 10 5 9 1 3
9 9 7 2 3 8 5 7 10 9
6 7 2 2 9 8 4 9 5 7
7 8 2 9 7 3 1 8 9 6
7 7 1 3 1 5 5 1 7 10
3 8 5 4 3 4 6 2 8 4
4 5 10 6 1 8 4 1 3 10
10 6 8 3 2 5 7 2 2 3
4 5 1 5 7 6 2 1 8 6
1 6 1 6 6 2 4 8 8 1
2 5 10 8 2 7 7 8 9 5
7 1 4 5 4 3 7 9 9 4
10 1 7 8 6 8 6 8 4 7
10 9 4 10 5 10 9 5 4 1
3 10 6 1 6 9 6 1 5 3
3 1 6 8 6 10 9 5 6 1
7 4 9 3 5 3 8 7 2 10
4 2 5 8 1 4 1 2 4 3
2 2 5 7 9 2 2 7 1 2
6 1 5 5 9 8 2 3 1 5
1 10 9 1 10 5 7 10 4 10
10 8 2 7 2 5 7 1 7 4
7 2 2 5 4 9 10 9 9 4
2 3 2 10 5 4 2 3 1 6
6 6 1 6 6 9 4 7 5 3
5 2 9 2 5 8 5 2 5 9
3 4 7 10 6 8 9 5 3 2
9 1 6 8 3 9 8 9 1 4
4 9 3 4 9 4 4 7 9 6
4 10 6 4 5 4 1 5 6 8
