n 50
m 10
cap 10
Processing
92 82 49 51 18 86 14 6 46 42
58 89 18 8 13 71 21 52 36 74
10 2 57 27 63 61 95 81 43 50
75 95 80 93 98 21 44 87 100 45
81 4 46 6 59 80 57 95 19 62
3 13 53 51 14 73 4 5 29 82
64 12 87 35 21 3 22 77 89 45
81 89 66 85 54 99 21 45 25 41
48 15 94 93 31 37 58 59 43 87
59 13 84 37 6 38 4 7 24 29
23 74 46 72 53 99 34 52 60 70
24 72 13 68 17 31 30 25 26 17
51 88 6 58 89 22 43 58 16 91
80 53 79 13 11 41 99 70 60 71
12 79 11 68 17 53 85 17 51 87
93 67 88 43 60 25 42 57 52 43
70 69 60 43 37 93 76 4 77 93
85 16 64 91 76 65 27 33 49 100
68 89 50 58 79 29 50 62 19 21
69 24 40 38 35 18 68 56 96 70
100 13 1 50 55 22 100 89 86 45
62 55 86 32 44 96 79 18 92 23
12 72 18 64 74 13 17 62 1 48
43 34 93 85 40 34 70 84 69 33
61 27 24 21 22 58 55 18 60 48
54 18 40 34 67 52 90 81 58 63
72 100 6 53 18 97 70 24 33 53
34 63 7 51 34 91 52 49 89 87
100 19 12 35 64 18 30 61 43 55
21 99 59 43 5 34 36 46 30 9
100 43 42 41 52 48 8 56 94 42
45 69 21 63 10 33 10 31 62 95
64 70 86 74 8 55 88 13 68 76
98 74 73 35 4 48 1 42 5 41
58 91 89 23 54 34 61 91 51 65
20 85 2 83 65 92 39 80 56 91
30 75 67 30 75 85 66 4 100 86
96 36 9 26 97 20 40 61 17 4
23 85 48 70 54 37 26 98 40 98
54 98 10 100 35 48 91 96 41 12
99 37 6 98 56 74 47 86 47 8
71 72 10 46 10 8 72 39 59 79
98 33 57 89 84 8 66 27 56 33
31 67 28 15 97 45 82 33 100 74
55 85 61 64 39 19 31 18 97 16
30 29 7 98 72 51 32 80 57 17
78 34 57 61 70 20 99 61 48 98
48 50 64 61 25 99 39 95 58 38
15 19 68 45 98 25 36 73 3 65
65 79 30 98 15 61 3 80 26 18
Size
10 9 5 1 2 5 1 7 8 4
4 5 3 6 1 8 2 2 1 6
6 6 10 10 2 7 1 4 7 9
1 6 10 2 7 8 2 2 4 4
1 2 6 5 7 7 5 4 8 7
4 3 7 2 2 8 10 2 6 2
1 1 10 9 7 5 3 8 9 3
2 2 9 1 8 6 9 2 9 8
6 1 8 4 1 3 7 5 8 10
3 9 1 7 6 1 10 9 4 4
2 3 1 4 3 8 1 10 2 9
8 7 5 9 5 7 9 5 6 8
8 9 4 9 9 6 8 1 8 10
1 6 8 6 8 3 10 2 5 6
1 1 1 3 6 6 3 6 5 7
1 10 7 10 9 6 1 7 3 2
10 10 10 3 10 7 3 7 9 2
8 4 10 9 9 4 10 8 8 8
7 7 8 4 8 1 3 8 2 2
2 4 4 9 10 8 10 5 6 1
3 5 1 10 9 9 5 5 1 9
5 5 2 7 3 7 10 2 5 10
4 3 7 9 2 10 2 8 6 10
8 7 6 6 8 1 2 1 10 9
7 6 1 6 4 7 10 2 6 2
6 3 1 2 10 2 5 10 9 2
7 5 1 1 5 8 2 2 7 10
9 5 7 2 2 7 7 7 8 3
7 3 6 5 10 8 1 5 8 1
2 1 10 1 1 3 1 8 10 8
8 2 7 1 4 7 8 7 1 8
4 1 4 9 2 8 9 2 4 6
4 8 6 7 2 7 10 9 4 5
9 9 6 10 3 10 10 5 9 8
2 1 5 4 6 9 9 10 6 9
8 8 5 7 6 5 1 6 8 7
6 4 9 4 8 2 7 8 8 8
1 3 8 9 9 2 6 9 1 7
10 10 4 2 4 7 8 7 2 3
4 4 1 9 3 1 5 9 5 2
7 3 5 10 3 5 2 5 1 5
10 1 2 1 8 6 6 8 5 6
8 1 4 3 1 4 4 9 6 5
4 6 6 4 6 1 1 8 4 5
4 9 5 7 6 5 4 6 10 10
6 3 7 1 10 4 6 1 2 10
9 3 8 6 8 7 3 6 1 10
9 1 5 8 4 4 5 8 10 4
3 2 1 7 5 10 2 9 2 5
6 10 4 5 1 4 9 2 1 6
