n 50
m 10
cap 10
Processing
37 50 75 79 33 19 5 14 73 38
8 95 81 65 52 93 49 86 92 32
100 78 92 19 74 85 78 3 18 5
91 52 3 20 78 83 92 80 10 80
16 3 69 29 4 94 46 56 11 65
51 65 80 25 20 95 78 82 94 99
60 94 95 32 79 6 53 80 77 99
45 32 29 27 20 94 59 100 94 35
29 86 13 4 44 93 65 39 81 36
39 10 39 75 38 39 28 79 4 36
27 94 39 55 68 53 59 87 77 78
52 92 85 31 95 77 18 93 53 79
36 45 77 91 89 68 62 82 80 84
89 29 68 59 58 44 37 70 72 88
10 17 85 57 90 98 27 78 40 19
35 31 82 24 44 53 26 78 57 49
43 61 70 53 77 99 5 78 4 91
21 79 68 20 67 68 7 77 85 11
5 98 35 1 42 94 14 33 33 53
66 75 27 37 33 60 26 16 14 87
14 38 46 12 12 66 55 63 30 5
95 74 42 79 82 46 71 54 52 76
31 93 79 38 89 93 65 52 15 85
12 94 47 87 59 40 64 39 97 65
26 38 9 23 26 23 14 32 97 8
45 1 57 94 7 37 16 68 5 41
27 6 36 97 84 86 13 2 70 38
16 31 22 39 36 76 18 77 25 10
97 71 18 45 1 11 55 48 65 96
75 42 7 2 11 86 76 35 76 52
42 6 84 62 54 90 46 1 94 53
8 66 70 20 39 12 85 37 32 6
97 56 77 70 66 50 98 47 78 94
71 76 70 3 9 61 60 36 41 25
98 6 82 6 12 85 94 8 66 45
70 17 6 72 95 75 19 94 88 98
12 47 88 20 4 63 3 30 96 41
9 34 21 48 66 87 83 88 53 64
39 75 84 10 64 75 53 35 92 93
78 67 45 84 30 53 73 64 45 9
34 26 34 82 80 60 23 51 50 11
46 20 80 12 75 97 79 39 15 6
66 94 83 89 1 44 18 15 63 84
39 75 52 76 79 35 7 68 46 11
89 23 80 35 86 38 27 42 69 27
12 38 29 34 76 24 23 88 43 38
45 75 20 14 58 28 16 3 99 100
91 80 9 85 67 31 44 53 79 83
14 92 61 51 52 53 55 15 64 93
38 54 4 66 62 53 19 49 28 30
Size
10 2 6 2 3 1 1 10 10 9
6 9 9 1 9 4 7 1 10 3
3 2 4 9 3 1 5 8 7 10
10 2 10 6 8 4 4 4 6 5
4 6 4 5 5 1 8 5 7 2
9 5 10 4 5 8 7 10 10 10
6 5 7 4 6 9 6 4 2 3
6 1 10 5 3 5 10 2 10 5
5 3 5 3 8 10 9 9 8 7
4 9 6 7 10 6 1 9 2 8
10 2 7 5 3 7 4 1 10 5
4 5 1 8 6 4 7 10 2 1
2 8 2 7 4 1 10 3 8 4
10 4 1 8 5 4 10 5 9 2
9 7 3 2 9 5 10 2 8 9
3 2 8 1 3 8 5 2 8 5
2 3 4 2 7 6 5 4 3 9
10 10 7 3 4 6 2 10 8 2
9 9 3 5 9 10 5 5 2 5
9 5 9 10 7 6 5 5 7 9
6 10 9 5 5 4 6 6 5 5
10 3 8 5 7 7 1 2 3 8
2 7 10 3 5 9 1 10 2 7
1 6 5 9 8 2 8 5 9 1
4 7 9 3 3 7 7 3 3 8
8 8 6 7 4 9 7 7 5 1
1 5 5 1 10 6 2 3 1 9
10 2 1 3 2 9 3 6 8 1
3 5 3 7 10 3 5 3 10 6
6 10 5 5 9 8 5 10 6 7
6 10 5 6 8 1 7 9 6 2
2 4 5 3 6 3 4 4 7 2
6 9 5 5 4 4 3 3 6 4
4 1 4 10 8 2 2 4 6 6
9 5 2 6 7 10 9 3 9 6
9 2 6 3 4 4 2 1 9 6
6 7 10 10 5 2 3 7 4 5
6 6 4 6 10 10 4 8 2 5
8 2 2 3 7 6 3 6 5 8
3 10 9 4 3 8 8 5 3 6
9 6 3 3 5 9 1 7 9 7
2 9 6 7 6 6 4 5 8 4
1 3 7 9 8 6 6 6 6 6
4 8 2 8 5 6 5 6 5 7
9 5 8 3 4 4 2 9 8 1
4 10 7 6 7 9 1 10 10 7
6 6 2 8 7 9 10 6 7 5
9 9 2 4 3 1 7 8 6 10
3 10 6 9 4 8 4 9 1 9
5 4 8 1 5 9 4 8 9 8
