n 50
m 10
cap 10
Processing
7 67 90 73 5 100 71 55 20 31
2 35 56 65 46 19 50 50 11 73
78 89 15 55 4 34 96 3 11 52
33 32 75 69 17 23 69 54 85 54
10 63 44 32 8 78 29 92 12 59
37 91 17 25 16 98 14 87 89 36
10 98 10 93 8 56 38 67 32 59
73 20 65 54 20 11 60 96 98 4
60 30 69 34 92 37 28 38 71 31
15 69 38 48 68 47 24 69 73 78
71 89 63 8 22 30 89 90 37 81
22 92 4 84 82 48 13 73 62 20
13 80 52 70 22 78 11 48 51 20
99 3 57 100 5 28 22 98 60 63
94 92 34 42 82 73 82 7 65 42
42 36 100 93 84 14 52 77 100 99
90 42 48 22 5 91 32 8 63 5
35 43 55 21 90 3 44 70 22 89
86 30 79 73 43 31 99 44 79 83
99 36 60 52 4 8 45 20 56 48
40 81 13 91 100 90 62 23 56 4
95 26 96 50 64 10 66 33 81 24
73 20 100 53 55 8 61 47 91 14
6 76 95 59 93 17 61 24 98 27
93 99 83 46 15 98 62 93 59 77
38 46 46 71 42 25 95 65 10 1
47 91 63 42 6 94 93 66 4 83
47 52 73 38 84 91 76 53 66 91
83 44 21 95 26 93 88 22 14 12
1 48 44 23 89 86 32 66 50 84
61 58 86 6 5 100 77 16 66 68
3 26 29 13 19 74 21 97 29 55
10 69 19 47 29 59 12 93 4 68
53 65 10 46 38 67 9 51 43 31
2 47 68 57 7 56 12 61 73 9
8 70 34 87 63 63 93 96 64 81
12 40 51 27 35 92 9 54 47 21
15 56 56 93 22 74 88 27 38 92
46 5 61 6 14 12 36 21 98 100
8 62 77 4 96 57 58 33 94 32
62 41 63 23 90 76 77 23 49 71
86 85 95 44 11 40 41 42 90 75
65 52 10 34 34 82 52 76 40 97
45 31 12 58 79 87 45 9 76 63
25 13 65 53 49 14 33 14 39 60
28 38 1 9 91 42 63 47 18 54
82 57 82 30 40 4 20 46 44 60
1 24 48 83 51 66 5 38 46 97
96 65 51 84 11 69 50 20 89 20
29 81 43 41 74 37 91 28 62 57
Size
5 4 3 9 3 10 8 8 1 8
6 10 1 6 10 10 8 2 1 5
7 9 5 1 9 6 2 4 10 7
6 5 2 3 3 8 3 3 9 8
5 3 9 6 1 10 10 1 4 1
2 6 2 5 4 9 7 4 6 2
5 3 7 7 1 5 3 5 6 7
9 3 10 7 2 7 4 4 7 6
3 10 2 3 2 2 5 4 4 9
7 3 6 5 10 5 9 1 7 4
4 1 6 1 6 5 6 3 5 1
9 4 6 7 5 3 6 1 9 9
2 9 8 6 8 2 4 6 2 8
9 2 6 10 8 8 4 9 7 1
4 9 2 2 1 3 7 8 7 8
3 1 8 2 2 7 10 8 3 3
2 6 2 7 5 3 6 7 5 3
9 9 8 1 4 2 1 8 8 4
6 5 5 5 2 7 9 5 4 1
6 5 10 10 6 3 2 3 3 9
3 9 2 2 7 10 7 3 2 5
9 4 5 8 8 1 2 3 5 9
5 4 8 9 6 1 1 7 4 3
3 5 1 1 4 7 4 2 8 3
1 5 6 3 4 2 5 10 5 1
7 4 10 9 1 6 1 1 8 6
7 4 9 8 8 4 4 3 4 2
5 2 5 5 2 1 3 1 10 9
3 1 4 1 2 10 5 2 10 7
1 4 7 2 5 5 1 8 6 10
1 1 5 5 10 4 10 5 8 3
5 10 1 8 5 3 10 6 9 9
10 2 8 3 8 2 4 4 8 6
8 1 2 6 5 8 8 1 5 8
2 1 8 3 3 2 6 8 5 3
8 7 8 2 7 3 4 9 1 6
3 8 5 2 3 9 3 4 4 9
9 9 6 9 5 1 2 6 8 2
6 8 10 5 9 1 2 10 3 8
6 7 10 2 2 10 3 2 5 7
3 3 5 9 5 1 1 7 7 10
6 9 9 9 10 10 5 5 4 7
9 1 4 3 7 3 6 3 4 9
1 5 6 8 4 4 3 4 3 10
4 9 4 9 8 4 2 4 7 6
4 7 3 10 3 9 2 7 6 1
6 4 3 6 9 5 4 4 4 5
3 5 1 7 1 4 10 5 9 7
3 6 7 4 1 4 4 1 6 1
2 2 2 8 5 7 8 1 7 9
