n 50
m 10
cap 10
Processing
3 81 62 75 98 67 88 71 14 7
7 85 34 9 23 88 49 69 65 83
69 15 53 71 91 33 86 62 24 10
24 58 58 59 39 32 55 73 47 91
15 33 39 81 7 82 100 59 25 78
1 58 84 66 32 9 3 97 55 88
61 97 61 84 35 28 93 84 17 44
65 44 77 79 61 3 51 63 38 46
47 20 23 23 85 88 61 38 85 70
94 23 8 5 2 73 23 29 36 83
2 67 34 72 32 45 22 98 59 26
89 72 46 51 10 27 33 9 42 85
67 13 52 96 73 92 33 71 65 94
85 92 16 56 57 44 41 4 96 84
8 44 88 62 83 68 94 5 4 75
62 11 52 9 47 25 25 67 53 2
95 95 1 72 63 5 91 55 50 85
67 23 86 66 51 27 39 83 61 41
93 45 61 4 80 62 86 23 92 52
74 36 20 46 89 25 16 34 51 61
99 27 56 13 89 61 35 100 92 5
100 24 17 100 94 92 55 60 77 29
7 77 20 49 53 96 16 100 46 98
91 17 30 54 86 91 33 22 97 71
14 16 88 70 59 12 99 93 21 97
87 17 97 59 43 9 15 77 20 48
6 67 43 12 99 52 64 93 62 30
18 12 28 98 3 76 29 69 23 60
91 73 27 42 36 16 88 11 65 90
90 78 23 74 87 100 58 5 86 10
62 55 5 52 22 22 2 67 70 6
53 11 46 26 32 64 28 38 33 78
45 94 67 41 20 81 58 58 92 96
33 8 44 73 50 95 73 61 78 37
7 96 78 57 71 43 69 63 42 89
93 18 32 77 1 25 38 19 92 41
78 73 38 14 9 42 15 77 67 30
66 28 2 32 50 77 55 72 90 89
62 22 91 36 97 98 5 40 12 52
16 65 2 53 71 18 27 52 47 82
85 98 41 19 57 47 39 16 47 96
42 32 19 34 67 85 4 54 16 31
77 72 72 61 57 85 44 26 10 88
80 8 34 73 91 45 40 96 45 78
5 40 9 6 33 67 74 85 100 50
76 66 81 33 34 90 71 5 15 17
65 81 6 32 95 45 85 41 69 22
77 88 14 87 90 52 83 92 13 95
100 50 1 75 44 8 48 39 92 75
18 83 60 6 93 66 31 6 86 68
Size
5 8 10 1 7 9 9 6 9 7
9 1 9 2 9 7 5 3 3 7
7 6 10 8 4 2 6 1 7 3
5 7 5 5 9 6 8 3 4 6
6 1 10 6 2 3 2 5 7 4
7 7 1 2 8 4 2 8 4 9
8 9 1 4 6 4 5 7 3 9
10 6 1 4 6 7 8 3 6 10
4 4 1 9 9 9 6 2 1 7
1 4 10 10 9 2 5 2 1 9
6 3 9 1 10 10 3 4 3 2
6 8 4 1 3 3 2 5 7 7
5 3 1 9 3 8 7 2 4 8
3 5 3 7 1 1 5 7 1 1
1 9 2 9 8 9 5 4 4 4
8 7 8 3 9 1 1 8 2 10
10 7 4 8 6 5 4 4 4 10
2 4 3 4 6 2 5 8 3 9
2 1 4 2 1 3 9 5 5 2
5 5 4 9 6 5 6 10 2 3
7 3 7 9 3 2 7 9 1 1
1 2 5 7 1 2 3 8 3 10
6 7 3 5 1 2 8 8 3 1
7 6 3 1 8 8 4 10 3 9
2 6 8 7 3 5 10 8 2 10
9 1 3 9 9 2 3 10 9 3
5 1 4 9 8 8 6 4 5 2
7 7 10 8 6 5 6 7 9 3
8 1 6 3 1 1 8 8 4 6
6 2 4 5 9 9 5 9 3 4
6 4 7 3 5 9 9 7 3 5
6 2 10 10 7 7 6 5 4 4
7 9 3 3 1 9 2 8 2 3
3 6 5 3 7 9 10 5 7 8
6 8 1 4 8 10 10 8 8 10
4 3 3 7 4 4 6 10 10 3
8 1 2 8 6 3 4 2 7 2
5 5 10 4 1 6 1 5 8 1
7 7 5 5 10 3 2 6 1 6
10 10 3 1 3 7 1 6 7 3
3 8 9 3 9 7 6 2 8 3
6 2 6 1 5 4 10 1 9 7
8 5 8 6 1 6 6 7 4 10
5 10 8 2 6 3 1 2 10 7
7 4 5 8 7 9 4 2 3 8
2 10 7 2 7 2 1 3 6 5
1 2 9 9 1 8 5 4 9 2
5 5 5 10 2 1 5 7 2 9
10 6 8 1 2 2 9 2 7 6
7 10 6 6 1 8 6 5 10 10
