n 50
m 10
cap 10
Processing
35 87 65 12 89 60 56 20 38 68
27 7 70 61 79 35 64 64 100 41
25 49 85 1 58 93 67 73 5 59
12 39 17 49 18 55 61 1 31 1
62 55 64 92 26 3 33 65 13 13
72 61 89 29 41 84 5 5 48 83
79 47 36 2 46 85 28 8 19 51
51 34 21 33 2 19 48 1 6 6
85 13 23 63 20 71 79 47 86 9
66 6 58 51 36 91 16 83 9 47
39 10 75 43 21 64 2 33 9 32
64 51 89 74 53 76 11 14 88 93
9 26 58 55 41 11 62 2 1 3
15 11 47 39 37 43 40 56 17 68
85 66 81 40 36 65 67 48 10 99
66 86 27 97 41 34 93 5 71 45
55 18 82 60 3 6 23 91 1 33
36 84 60 17 75 56 4 19 76 50
56 74 92 76 97 80 95 83 61 35
44 68 31 92 50 62 6 68 26 13
80 38 87 40 15 38 86 28 21 66
66 100 57 14 52 39 47 64 86 69
29 76 42 44 89 49 9 16 96 52
14 23 98 2 42 48 14 3 10 21
77 29 47 24 86 85 22 29 26 72
21 3 54 54 16 85 13 1 74 79
2 34 37 23 31 49 8 26 67 30
4 74 95 99 49 20 44 59 38 18
93 54 28 50 34 31 63 83 78 25
83 58 79 12 82 75 19 82 44 68
70 46 46 25 68 94 62 62 21 86
74 39 52 16 2 51 78 22 85 24
43 58 9 22 30 47 34 80 64 52
17 80 89 17 55 83 81 81 14 93
64 80 46 81 66 97 60 6 63 35
73 44 51 95 2 99 70 69 64 61
97 98 43 56 65 30 81 84 32 1
69 41 16 50 29 63 50 4 18 60
85 60 93 93 21 22 75 74 27 17
25 48 19 84 67 53 6 13 26 24
63 45 73 7 58 26 23 44 47 91
97 65 36 68 60 64 70 46 46 72
96 50 78 83 63 1 75 43 47 34
48 96 93 93 69 3 71 5 41 59
90 10 30 27 17 11 95 26 2 60
51 61 56 96 94 31 20 18 35 79
9 16 59 94 70 19 99 45 16 61
14 45 11 96 36 87 37 28 2 75
46 51 99 60 96 57 27 36 55 70
18 83 63 99 43 82 65 85 37 6
Size
4 2 9 10 8 6 2 4 2 6
10 3 2 10 9 8 8 7 9 7
7 9 6 5 10 9 6 2 10 8
6 3 8 9 1 2 8 7 7 10
8 3 6 3 6 1 10 6 1 1
10 9 6 1 5 7 3 10 2 6
6 5 3 5 1 6 7 2 5 6
7 4 6 7 7 6 3 10 7 8
5 1 3 8 1 9 4 10 2 10
2 1 7 1 1 3 8 8 1 8
9 4 2 6 10 6 10 1 7 3
3 3 5 4 7 4 9 4 4 6
4 7 7 3 4 10 9 7 7 8
10 5 10 8 2 7 9 9 1 2
5 6 4 3 3 2 5 7 7 10
1 6 1 7 3 7 3 4 2 5
5 7 8 9 2 3 4 9 3 9
7 9 5 4 10 1 4 5 8 2
9 5 6 1 10 8 9 2 8 10
3 5 4 8 4 9 8 6 8 10
5 10 10 7 2 2 5 10 9 2
9 2 3 2 5 2 2 8 1 9
1 1 3 8 10 8 5 10 5 9
9 8 2 5 1 6 2 7 1 6
10 6 9 9 6 10 6 7 6 8
9 2 10 10 1 6 3 10 4 3
8 3 6 10 6 5 7 8 10 5
1 4 2 7 6 9 10 9 8 1
10 1 4 1 2 9 5 9 3 2
8 9 8 5 8 9 6 5 5 6
3 7 8 3 1 3 4 1 7 3
4 1 6 1 10 9 7 5 10 3
1 2 6 5 7 1 7 6 3 7
5 9 6 10 10 1 10 4 4 3
4 8 1 4 9 7 10 1 5 4
9 2 6 2 10 8 9 2 2 10
6 5 4 9 1 4 7 3 1 3
9 10 8 5 6 9 10 8 5 9
9 5 7 5 6 6 5 10 7 10
2 5 1 2 6 6 7 8 3 1
8 8 5 8 7 5 8 5 6 8
9 3 4 8 3 1 10 1 5 1
2 5 6 2 2 10 1 10 1 10
6 4 1 2 8 6 5 5 8 5
10 2 3 3 6 3 5 2 4 7
7 7 6 4 6 4 5 3 5 8
1 7 1 3 10 5 9 6 8 10
4 9 6 5 7 6 7 8 5 9
4 9 2 9 9 5 10 7 9 7
5 2 5 4 1 3 2 3 10 1
