n 50
m 10
cap 10
Processing
26 66 7 95 72 98 99 93 34 55
61 59 95 68 84 87 38 97 31 41
69 88 11 18 78 61 11 37 2 54
36 95 92 47 67 89 67 45 79 91
97 42 53 88 60 75 38 68 7 91
37 61 2 6 12 10 63 28 19 79
18 57 23 36 10 78 43 57 41 3
92 84 55 65 94 43 29 12 58 29
79 19 96 32 62 44 48 93 67 90
68 73 27 11 67 69 73 69 28 30
31 83 45 1 96 35 85 56 30 73
54 45 4 31 100 38 7 29 31 82
22 58 5 36 41 31 47 72 81 59
86 55 39 56 64 17 25 84 2 97
26 98 32 10 22 93 94 49 22 79
73 59 15 75 32 18 3 83 96 67
33 21 82 14 98 6 54 39 8 100
98 62 81 93 73 53 81 47 65 3
29 32 40 15 94 13 14 86 89 86
87 50 58 98 86 100 37 49 23 17
24 95 21 95 29 33 5 88 87 15
19 39 13 30 67 66 73 72 23 8
27 70 56 14 80 79 71 59 92 82
13 52 96 7 49 65 23 18 20 7
62 61 22 55 66 30 29 99 53 49
59 97 81 78 3 72 60 45 6 69
26 51 96 79 93 59 29 68 91 45
73 67 5 2 47 50 49 73 18 8
3 35 19 92 75 87 3 33 7 55
96 89 66 47 78 100 18 40 12 37
54 45 23 68 68 72 19 19 19 55
74 7 17 67 53 43 79 19 36 100
9 10 82 96 98 61 55 85 10 100
43 21 46 30 69 59 71 96 73 20
92 73 60 26 16 85 40 40 79 9
35 52 89 100 72 58 93 31 82 38
87 39 41 11 50 98 79 23 29 10
90 64 39 52 29 95 69 44 3 93
20 3 9 99 91 48 63 84 13 23
9 5 3 5 45 8 73 93 80 90
22 44 65 44 58 91 40 93 59 13
42 12 49 35 35 11 16 89 97 56
72 96 71 17 77 85 92 91 52 48
32 16 12 2 20 52 65 65 35 9
56 5 54 82 16 77 7 2 49 1
91 71 95 82 87 86 79 55 88 74
54 31 18 2 73 51 78 8 97 43
76 62 56 68 83 88 56 89 64 50
99 7 3 35 92 3 70 46 97 53
53 11 75 68 8 21 69 94 69 99
Size
10 7 4 9 3 6 7 9 10 7
7 7 5 5 3 9 7 1 4 9
1 1 8 6 5 8 7 3 7 5
2 5 9 10 1 10 1 2 5 5
1 1 9 8 10 8 9 1 1 3
2 2 10 9 2 10 9 9 9 1
5 3 2 6 6 3 3 2 4 6
1 3 8 5 3 10 3 1 9 7
5 8 7 7 1 9 5 1 2 6
5 4 5 9 6 3 1 2 1 1
6 1 3 5 5 10 5 10 8 5
5 6 6 5 2 7 7 1 5 6
4 7 3 7 10 3 9 3 6 6
5 1 2 10 1 5 6 2 4 4
8 2 2 3 7 2 1 6 1 4
3 2 7 5 2 4 5 6 8 7
1 9 6 9 8 10 1 5 7 10
2 5 2 3 10 7 10 10 7 3
3 8 10 8 5 1 2 3 2 6
10 5 6 8 5 1 9 6 6 8
4 4 9 2 7 3 3 8 6 5
1 1 10 1 6 10 3 7 6 9
3 7 4 1 1 4 5 7 7 7
5 1 9 7 8 3 8 7 4 2
5 3 3 9 5 4 8 6 8 6
5 10 8 1 5 4 3 1 4 5
7 7 6 8 5 2 3 3 4 6
2 8 8 10 8 10 5 7 1 2
1 2 6 9 9 5 6 8 6 5
3 5 5 5 3 5 8 5 9 1
5 10 9 6 9 4 10 7 1 10
8 8 7 6 10 2 9 10 3 10
10 1 7 1 8 7 7 6 9 7
10 8 4 4 9 1 7 10 10 3
10 1 4 5 4 6 8 1 4 2
7 7 8 9 10 2 4 2 6 5
9 1 7 1 7 7 2 2 5 8
6 9 2 6 4 9 5 2 7 7
2 3 2 1 9 6 1 1 2 10
2 4 1 10 4 8 8 10 10 1
4 5 4 4 2 10 3 10 7 1
4 4 3 1 7 7 5 4 7 6
5 4 5 1 7 4 3 1 1 3
10 5 6 3 9 10 2 2 1 9
8 5 10 9 7 1 4 5 9 3
8 5 10 2 3 10 9 1 1 1
8 7 10 10 7 10 4 8 1 2
3 8 4 5 7 3 7 5 7 10
8 1 2 4 8 3 1 1 9 9
9 5 4 10 2 4 1 10 4 2
