n 50
m 10
cap 10
Processing
90 87 74 16 64 73 14 64 46 36
2 92 18 48 67 92 33 41 79 17
62 23 92 97 2 89 3 49 36 9
9 52 19 52 79 75 100 79 7 57
74 4 80 7 41 58 82 84 53 30
37 38 49 27 16 70 1 40 99 28
18 29 79 82 34 61 36 86 28 90
7 45 11 38 28 46 92 27 84 27
93 26 49 29 46 42 16 87 70 97
64 80 69 12 57 58 80 78 86 94
87 85 23 97 67 92 40 47 93 60
69 72 38 36 5 35 25 11 42 44
72 69 26 26 79 9 75 42 23 89
78 91 75 10 85 35 14 18 9 48
81 30 61 83 4 83 59 63 9 52
5 16 51 53 16 64 38 32 52 45
32 5 73 20 11 92 92 21 30 23
22 71 91 54 13 17 96 28 65 93
92 43 91 82 91 5 38 10 76 86
12 20 19 94 59 16 51 36 59 82
2 40 20 41 47 97 21 55 65 76
1 98 17 83 60 68 11 82 50 88
3 91 68 10 71 73 67 11 88 32
89 51 79 58 55 65 34 13 4 64
1 21 55 63 76 42 80 4 5 38
96 30 41 33 62 3 45 4 71 33
89 87 17 91 23 85 53 31 95 67
59 28 38 97 74 41 92 50 39 35
76 75 35 29 1 49 52 81 15 31
51 82 19 81 88 96 7 82 91 40
46 6 15 50 55 49 55 58 29 87
53 88 51 83 68 82 37 15 27 97
73 86 71 68 29 46 80 94 20 66
98 13 95 6 69 70 66 28 88 69
61 73 48 98 20 50 54 99 54 14
91 46 49 25 32 87 61 85 32 51
23 93 5 39 45 49 58 86 11 50
90 66 58 65 50 88 22 49 99 45
2 95 47 77 16 78 44 9 34 7
75 50 28 60 84 35 68 80 14 73
91 74 76 96 13 32 78 4 51 93
88 47 71 44 14 22 72 54 12 90
2 72 39 39 76 100 24 31 7 31
50 61 74 25 32 39 54 61 89 36
9 80 65 26 83 77 9 15 34 62
14 88 8 7 30 18 8 92 46 18
6 87 1 16 96 89 70 48 17 50
70 56 2 30 11 51 63 61 27 25
89 4 51 71 91 26 54 21 10 85
34 97 2 22 100 22 22 52 46 96
Size
4 6 9 6 5 3 9 5 7 1
5 7 8 2 9 7 8 5 4 9
10 1 1 1 4 2 6 8 3 8
3 2 3 6 10 6 3 9 6 2
3 6 9 7 6 9 5 10 9 2
10 3 1 9 10 5 6 1 9 7
9 5 1 4 10 7 6 7 9 2
7 2 9 9 10 2 2 8 7 10
7 3 3 9 9 2 7 8 9 8
4 6 8 7 2 9 5 1 3 7
6 6 3 4 2 8 2 5 1 6
7 8 5 7 1 4 4 4 6 7
7 5 6 8 8 6 9 1 7 8
7 9 6 4 2 8 7 6 8 7
3 9 3 6 3 3 1 1 10 6
5 8 4 1 2 1 3 7 9 1
1 9 5 1 4 10 3 10 9 9
3 8 10 2 9 5 10 10 8 4
8 10 3 4 7 4 2 9 10 3
10 4 10 1 4 6 9 9 7 1
4 10 10 7 8 3 2 6 9 4
5 2 3 7 10 1 5 2 4 3
4 5 4 1 6 5 7 8 1 1
5 9 10 10 9 7 1 6 2 4
6 5 7 10 2 8 7 9 10 7
5 8 9 9 5 4 4 2 9 3
7 7 2 4 1 6 9 2 3 3
8 9 9 7 3 3 3 8 9 8
6 1 1 7 4 7 8 1 10 5
9 8 4 9 5 1 2 2 7 2
1 5 1 3 1 1 6 6 8 6
10 10 4 10 3 9 7 6 2 4
8 3 5 10 4 6 4 9 1 6
1 1 4 9 5 8 5 7 7 9
3 1 3 4 5 4 9 7 1 8
9 6 7 10 8 4 4 9 3 10
2 4 9 1 10 6 3 7 8 4
5 6 10 3 9 6 8 4 8 1
6 1 6 9 6 4 5 3 1 5
5 2 1 1 2 10 5 5 7 9
6 8 2 3 5 1 1 3 3 5
5 9 3 8 1 4 2 10 8 2
4 3 1 5 4 3 7 5 5 7
2 9 2 7 10 7 6 1 4 2
5 2 6 10 8 8 9 10 8 2
6 6 2 6 2 3 9 9 7 1
8 9 5 1 3 10 6 1 3 7
9 1 7 10 9 1 7 3 9 7
10 1 8 9 9 5 9 8 10 8
3 4 6 6 3 4 5 2 1 9
