n 50
m 10
cap 10
Processing
30 10 82 93 67 31 5 24 36 8
80 24 92 41 3 18 85 36 48 77
92 66 76 21 49 38 22 23 32 87
15 71 81 56 25 17 27 49 90 77
25 16 12 95 42 65 36 32 51 50
28 27 12 92 36 59 98 5 29 96
70 87 44 69 92 22 65 17 26 41
18 33 7 98 50 59 62 40 60 6
99 36 91 91 34 95 48 84 81 78
87 6 36 52 4 59 34 99 40 97
19 22 2 2 33 50 3 9 94 86
27 33 94 94 91 82 12 67 22 97
18 49 81 2 71 28 58 31 39 62
31 45 56 34 40 53 90 27 99 50
81 32 26 47 89 23 69 100 75 5
92 100 59 69 32 7 100 87 72 96
44 81 33 20 65 87 57 4 90 59
74 31 19 95 38 87 36 86 91 54
96 15 42 92 64 54 13 72 20 49
92 88 48 14 91 64 85 5 88 40
59 50 33 68 5 36 51 17 83 3
38 51 67 16 35 39 57 89 9 72
43 38 95 33 49 26 90 23 23 60
18 86 88 60 38 22 16 1 44 28
21 9 22 30 42 62 76 93 50 33
39 73 84 46 5 36 14 96 72 93
11 99 7 99 97 54 22 12 1 2
43 86 30 58 8 71 49 85 56 47
57 21 64 4 85 61 96 66 26 98
15 100 24 75 61 51 71 73 45 55
49 73 70 45 11 73 90 40 83 3
42 39 61 30 41 21 7 31 59 24
55 23 37 96 53 87 52 18 16 52
83 3 22 38 51 56 75 64 91 32
74 46 87 93 6 71 60 80 39 19
39 54 4 35 77 95 3 27 91 78
44 67 56 48 23 78 15 80 97 60
30 42 18 51 45 24 34 99 72 95
95 20 63 20 44 91 95 46 68 76
34 3 25 44 32 66 25 88 57 59
58 12 99 35 25 27 86 40 55 41
33 43 17 6 32 70 72 6 12 9
14 8 44 74 83 80 77 50 34 56
6 42 94 47 82 39 10 2 64 36
97 42 34 33 61 22 30 29 47 51
27 59 33 72 48 40 92 83 23 23
22 26 16 29 60 70 41 13 51 78
97 72 35 47 20 57 29 58 18 16
29 34 37 5 14 85 8 7 57 20
99 64 100 43 99 35 1 52 28 85
Size
9 5 8 3 7 8 8 8 6 5
2 4 7 3 6 9 6 3 8 3
2 6 3 1 5 1 3 9 10 9
8 10 10 2 7 10 7 2 8 2
7 6 6 7 3 3 3 8 10 7
7 9 1 9 6 8 2 10 6 1
1 8 4 3 7 2 3 3 5 7
10 9 6 4 1 3 10 7 7 8
9 7 2 4 10 1 5 10 2 6
10 6 8 8 9 6 2 2 3 6
4 9 4 9 1 6 4 2 4 4
3 2 3 1 1 7 7 5 3 10
8 4 7 6 3 3 10 10 6 5
7 6 4 9 4 6 3 2 7 3
4 3 6 2 1 7 10 9 6 8
7 8 8 8 8 2 2 6 7 10
4 6 7 10 6 2 4 6 1 5
1 9 3 7 5 4 9 2 10 1
10 8 8 4 6 3 9 7 2 6
3 6 1 1 4 3 8 10 6 9
10 4 2 3 7 9 8 8 1 3
5 4 7 10 5 7 9 1 1 4
10 9 5 8 4 10 8 5 7 6
3 9 8 5 2 6 2 8 9 7
8 9 7 3 3 7 10 2 10 3
5 5 10 1 10 4 1 6 10 5
10 4 2 9 4 5 5 4 6 1
8 6 8 2 5 9 2 6 8 7
8 8 6 5 4 4 8 8 5 8
2 10 6 4 10 8 9 5 5 8
4 10 4 2 10 8 9 4 1 1
3 8 10 9 3 10 8 1 7 6
5 1 5 2 5 9 1 9 10 4
2 10 4 9 3 10 2 6 9 1
1 7 4 8 8 3 3 8 1 7
3 8 7 6 5 2 6 10 6 7
10 7 1 9 1 6 6 1 6 9
4 7 10 4 6 10 5 1 5 4
4 6 4 9 7 6 9 9 4 8
6 6 1 6 8 2 5 8 6 2
9 1 2 2 10 9 5 5 5 9
10 4 6 10 8 6 3 6 3 8
7 9 7 5 2 2 9 7 3 9
6 5 8 8 9 1 2 10 4 9
10 6 8 5 10 10 9 7 10 7
2 7 5 5 9 10 3 4 1 6
9 8 1 7 4 9 8 4 6 4
1 1 10 1 3 2 8 7 4 9
9 1 2 6 5 10 10 2 8 9
8 4 1 9 7 1 10 1 6 1
