n 50
m 10
cap 20
Processing
15 85 22 69 60 6 57 16 27 18
61 91 97 49 1 74 68 93 73 82
95 50 8 2 34 30 38 33 71 15
6 13 90 99 71 20 28 27 12 34
52 74 27 72 15 40 90 100 85 92
60 64 68 94 46 56 94 62 65 13
33 50 69 28 83 5 90 83 58 66
45 89 20 60 50 88 13 64 54 3
71 48 25 82 7 49 19 41 28 100
65 99 33 89 18 59 79 85 66 70
37 76 69 62 40 59 55 4 48 6
97 72 2 92 64 42 68 35 2 33
54 3 64 78 21 23 81 45 21 55
46 74 68 14 92 5 15 41 19 27
25 89 91 7 78 96 11 73 54 33
66 29 32 59 34 26 10 55 46 92
11 54 80 50 59 1 31 38 40 19
57 10 36 46 86 24 77 60 58 76
3 76 98 62 33 85 7 71 31 52
92 66 8 22 34 59 26 6 42 12
81 26 59 20 7 44 54 62 96 37
25 65 100 40 13 46 16 70 67 35
99 1 41 9 30 82 27 88 22 8
96 3 92 76 22 79 3 43 57 33
32 40 91 97 49 8 34 72 49 24
35 78 83 4 90 21 57 42 86 7
20 88 82 81 97 76 78 92 71 97
28 26 66 3 88 62 27 100 81 15
66 65 46 22 59 42 43 10 37 71
61 57 64 67 52 71 91 89 6 16
65 11 53 35 87 83 81 81 22 67
39 18 93 56 66 34 74 83 99 38
41 82 71 78 40 64 5 73 60 34
26 88 25 80 45 57 72 90 29 13
2 29 48 95 99 6 93 53 1 11
75 13 84 17 51 43 31 93 58 63
60 1 73 12 64 100 11 4 33 91
53 55 51 45 83 65 10 74 52 76
37 7 62 34 21 78 22 92 87 43
74 28 41 41 65 52 47 99 33 43
31 55 62 77 84 11 2 13 19 93
15 54 13 34 74 78 63 22 75 57
61 92 17 1 43 81 45 23 83 95
9 85 30 78 57 2 80 63 26 8
51 81 54 55 34 83 51 6 93 77
62 47 93 30 87 60 23 9 56 77
16 20 57 33 86 57 52 21 97 81
65 28 82 95 70 69 44 27 35 19
17 96 96 53 43 60 3 7 88 3
5 47 28 82 27 87 96 58 71 35
Size
8 7 6 6 7 4 4 10 5 8
2 9 3 4 8 2 5 8 9 4
1 2 9 9 9 8 1 3 10 9
10 2 9 9 2 10 4 5 7 10
10 8 5 6 10 8 1 8 8 4
9 8 5 7 5 7 3 8 4 2
2 1 1 8 7 4 9 1 10 6
5 4 8 1 3 9 10 4 9 3
6 8 5 7 7 6 5 2 6 9
3 3 10 1 1 9 7 8 8 1
1 7 10 6 10 7 6 7 1 4
3 4 5 4 1 6 8 1 5 6
6 9 6 4 8 1 4 10 10 4
10 5 9 3 10 6 2 3 4 3
6 5 8 8 5 4 10 1 8 3
9 1 4 3 1 6 8 1 8 6
6 1 10 6 4 5 5 10 6 5
4 8 9 4 9 1 4 5 7 2
2 6 5 7 3 5 9 6 9 5
9 6 6 6 5 10 6 8 10 4
6 2 6 4 3 3 3 4 6 9
1 2 5 4 7 7 2 8 1 2
9 5 3 2 6 10 10 3 2 10
5 3 5 2 2 8 10 7 6 6
8 10 8 9 10 8 9 3 8 8
10 3 5 1 8 3 3 10 4 6
4 8 4 1 2 1 10 5 2 8
6 8 4 4 9 2 4 2 8 1
3 6 7 6 5 3 10 3 7 2
3 8 5 4 9 9 5 6 1 7
7 4 1 8 10 1 10 7 3 9
4 9 7 7 4 10 2 10 8 7
1 7 3 1 9 3 10 8 6 6
7 7 3 8 1 9 9 5 5 4
5 10 2 4 3 7 3 10 2 9
4 3 5 3 10 6 8 9 7 4
5 4 8 7 9 10 7 7 5 5
9 5 6 4 7 6 2 4 10 1
10 3 10 4 10 1 8 9 4 9
10 6 8 4 2 5 8 1 4 8
2 5 4 4 2 1 6 6 5 9
5 6 3 2 3 6 4 6 7 6
3 7 7 5 4 2 4 3 4 3
4 10 7 4 1 4 6 10 1 4
4 4 7 3 10 2 6 10 6 1
1 7 4 4 7 1 9 6 3 8
8 9 5 10 8 2 3 6 9 8
1 4 3 7 7 1 4 3 7 3
6 10 1 10 10 8 8 5 6 7
7 9 4 4 8 1 5 9 5 5
