n 50
m 10
cap 20
Processing
92 17 49 71 11 39 40 17 78 87
77 16 93 95 97 50 7 86 71 4
7 94 9 89 59 49 100 51 54 98
91 67 81 42 26 31 9 56 58 76
20 58 65 84 14 64 76 21 33 16
100 46 86 3 76 97 59 15 96 53
15 47 67 24 99 98 27 35 26 15
68 3 29 78 29 37 16 65 83 15
92 30 62 71 59 54 91 57 1 53
25 57 40 90 75 91 57 29 41 98
68 78 6 91 88 18 84 19 49 6
62 40 53 4 67 38 51 22 89 55
26 28 41 46 45 13 6 40 68 90
71 86 16 51 20 37 9 11 38 81
15 86 78 47 98 12 65 69 36 74
18 80 57 15 96 10 49 45 57 68
24 11 85 49 73 97 3 29 64 65
52 7 72 33 70 14 52 37 65 62
35 46 83 95 22 60 8 39 68 61
80 31 90 12 39 29 54 72 16 91
61 41 65 70 28 63 97 61 26 25
47 51 8 31 87 76 69 24 90 72
47 50 16 89 58 51 61 5 72 68
33 94 5 38 84 86 91 61 8 85
10 31 51 74 41 73 5 83 27 93
79 65 6 90 72 75 97 4 15 88
21 34 48 80 46 70 68 71 72 33
36 98 37 42 62 52 30 22 39 99
90 3 95 15 4 21 25 46 91 18
97 10 58 90 9 94 46 43 63 47
51 80 83 77 28 85 33 47 19 79
42 76 81 44 69 80 27 15 19 32
83 89 6 25 23 69 68 48 12 5
100 94 55 84 87 45 2 71 18 43
65 53 76 48 37 24 4 14 93 94
43 1 93 72 18 30 67 76 89 72
44 73 45 67 17 35 84 52 4 13
65 73 73 74 6 56 77 9 51 65
4 30 17 87 25 24 79 35 7 78
25 41 87 13 75 16 3 9 41 91
72 56 77 35 46 96 23 13 88 51
6 74 98 12 19 62 4 67 94 44
28 48 50 17 57 57 82 75 76 41
6 42 71 36 85 74 61 93 95 37
91 37 98 59 37 75 86 53 68 24
21 11 9 80 61 100 5 83 71 15
65 7 36 4 43 43 27 42 2 39
14 39 36 67 58 84 19 49 40 60
60 24 78 87 85 20 66 30 31 38
46 55 25 78 1 73 40 47 92 24
Size
7 4 7 4 3 2 7 1 1 1
2 5 9 4 7 9 2 8 1 7
2 2 1 9 1 5 9 3 9 9
5 3 2 1 2 1 9 4 3 6
4 4 6 6 5 2 6 3 7 2
2 4 5 8 2 5 4 10 4 1
7 6 10 5 10 9 5 8 4 2
5 9 9 10 2 2 8 5 2 5
4 9 2 9 4 6 2 5 3 7
5 5 10 3 10 7 3 4 7 1
3 3 7 9 10 10 6 8 3 9
2 3 3 9 9 4 3 4 1 2
4 4 8 9 9 10 5 8 9 3
9 1 9 7 8 2 4 1 6 8
3 1 9 5 8 5 10 8 2 6
8 1 1 9 10 3 6 10 4 3
3 7 2 4 4 3 8 3 7 8
1 10 8 2 4 9 10 10 4 8
3 5 6 10 4 9 6 10 2 10
7 10 10 5 6 8 10 9 7 7
8 8 5 5 2 8 1 9 9 3
5 4 5 4 3 8 4 3 3 5
1 6 8 1 4 1 8 6 9 3
3 5 4 10 10 5 5 4 2 9
10 2 9 3 10 8 6 10 5 2
2 3 10 9 9 1 3 7 2 3
9 1 3 9 3 6 2 6 9 8
1 4 9 9 8 10 1 1 6 9
7 5 8 6 3 5 3 9 4 9
2 8 6 6 3 6 7 4 7 3
4 5 4 1 4 5 3 10 6 2
6 2 10 1 2 4 2 6 7 2
5 9 1 3 10 6 7 8 10 6
7 1 7 8 6 10 1 5 6 3
4 9 10 5 6 3 8 7 4 6
2 7 6 8 3 1 1 3 1 10
9 5 7 2 9 8 5 3 10 2
9 3 1 7 1 9 5 8 10 5
9 7 7 5 7 2 8 2 3 9
5 3 3 5 1 2 8 2 6 10
3 9 4 2 4 4 8 10 8 7
8 5 7 2 4 3 4 5 3 1
1 10 1 4 10 9 2 1 7 9
9 4 2 1 8 3 7 3 6 2
4 1 6 10 1 4 9 2 2 4
9 8 7 6 10 2 4 5 2 9
1 6 10 9 9 2 3 4 4 2
6 7 2 10 5 9 7 9 1 2
7 4 6 7 6 6 7 3 2 7
5 10 3 9 4 6 6 8 8 8
