n 50
m 10
cap 20
Processing
18 82 39 29 32 23 29 72 31 74
86 88 12 67 55 72 33 59 98 37
60 51 27 52 61 86 59 88 48 85
26 53 9 45 67 86 23 57 70 27
43 28 27 53 78 98 25 77 99 69
24 45 56 24 50 95 65 53 27 53
36 8 98 86 48 97 69 37 76 51
24 67 26 51 73 80 63 63 13 60
90 83 88 90 53 21 11 86 88 33
61 2 79 89 18 68 40 30 73 96
63 22 19 74 85 8 46 61 15 62
47 68 66 49 98 91 41 47 10 25
33 82 80 22 78 15 58 16 65 28
12 92 32 96 6 41 77 94 36 65
85 80 27 61 57 100 34 1 94 49
73 23 86 70 29 96 1 25 6 52
3 34 83 79 4 23 60 17 49 37
18 88 93 62 6 50 36 74 16 39
48 27 71 7 81 64 47 26 23 10
5 90 76 52 85 85 73 56 44 78
50 83 82 38 79 10 97 71 49 33
60 47 68 33 55 87 3 30 64 51
10 51 40 88 93 69 92 44 41 26
74 16 68 52 62 20 12 99 60 64
86 31 23 51 5 72 87 98 99 74
65 62 17 29 83 38 26 64 92 90
4 75 13 62 15 30 77 41 7 10
67 87 13 81 42 94 7 56 4 54
70 95 81 15 49 66 35 90 15 93
25 74 87 56 45 42 23 69 78 35
21 78 4 27 35 15 43 11 43 38
72 58 81 26 53 17 76 51 23 9
6 87 87 29 60 54 19 75 85 75
25 3 35 17 56 31 72 85 78 43
37 71 98 33 27 93 39 50 81 14
91 81 44 39 41 85 35 8 89 19
45 33 19 15 44 12 54 2 47 73
58 7 84 23 22 20 58 87 3 83
13 73 53 36 69 19 44 69 2 33
77 37 12 90 83 48 8 48 51 58
64 4 31 48 30 39 21 10 4 51
9 49 76 68 48 17 56 86 55 1
22 37 72 11 66 36 73 18 3 4
38 78 10 41 56 28 36 72 15 74
68 82 53 96 25 34 86 1 54 93
17 11 69 36 68 61 20 80 2 51
11 98 59 54 85 6 41 23 54 43
31 89 30 59 29 11 78 29 53 1
96 28 11 23 18 98 50 63 84 96
22 68 8 94 64 41 29 29 27 23
Size
3 6 7 9 10 9 3 5 10 2
7 2 8 8 4 8 5 10 10 5
4 4 3 2 4 6 6 6 3 8
3 6 8 9 3 9 2 2 5 8
9 4 6 1 5 2 3 1 7 3
7 1 9 7 1 5 8 6 6 2
1 4 6 6 1 10 8 9 10 7
2 7 6 10 9 8 1 5 1 5
10 5 7 7 5 2 9 5 8 5
3 1 5 3 8 3 2 9 10 8
4 7 3 2 1 4 4 3 5 4
3 6 8 8 4 8 9 4 3 3
2 8 1 1 8 2 3 8 9 4
1 1 2 4 8 3 1 3 1 10
3 6 7 3 10 1 8 9 6 5
6 5 4 10 9 7 8 6 8 1
9 10 10 3 5 4 3 4 8 10
7 1 8 3 3 2 3 7 7 10
8 9 10 2 2 1 2 4 7 6
8 4 5 5 7 3 4 3 1 9
2 3 5 4 3 3 2 3 3 7
2 10 8 3 2 8 4 4 3 1
9 1 4 4 9 10 6 6 6 7
8 2 3 7 1 9 8 1 8 8
2 10 5 10 6 7 1 1 5 5
7 6 4 5 3 9 7 10 5 5
4 6 6 5 1 5 8 9 6 9
8 9 10 5 7 4 5 10 2 8
10 1 7 2 6 9 4 10 6 8
2 8 6 10 8 4 7 8 3 9
3 1 10 4 6 8 4 9 6 4
9 1 1 4 2 4 2 9 3 2
6 9 9 3 9 9 6 8 6 2
5 1 8 2 4 3 7 9 10 6
8 3 2 8 10 5 5 5 1 8
2 3 2 6 4 3 3 4 9 6
9 6 8 3 1 5 4 1 6 1
2 3 3 3 1 8 4 10 3 1
8 1 7 3 7 1 8 10 8 8
9 4 4 9 10 7 5 3 5 6
4 1 9 7 9 9 1 7 9 8
6 10 1 4 2 3 8 10 2 5
3 5 1 8 5 5 10 8 2 8
2 9 4 6 5 10 5 1 3 6
10 2 5 6 4 6 8 7 8 8
4 10 2 7 1 5 9 2 8 3
2 3 9 2 7 2 3 7 9 3
3 2 7 5 8 5 3 8 5 9
8 10 2 8 4 6 8 4 9 6
10 3 8 6 7 3 2 3 6 7
