n 50
m 10
cap 20
Processing
65 21 88 81 65 93 61 18 39 6
30 13 15 41 91 87 89 69 23 23
92 87 59 9 30 56 75 13 33 49
91 84 56 32 19 75 91 4 53 21
58 79 47 53 81 100 68 66 93 10
92 34 3 46 70 33 27 85 33 14
6 91 93 32 1 73 44 20 59 49
82 93 3 64 9 37 53 49 22 26
6 46 47 79 62 93 93 37 31 17
59 10 58 12 84 6 67 30 71 51
48 70 28 63 5 3 48 85 68 43
70 56 98 21 86 100 34 71 56 21
38 30 12 2 98 15 75 60 72 25
68 5 19 1 42 22 26 63 43 43
86 86 27 83 45 69 55 51 25 49
32 100 75 57 31 26 45 8 59 60
18 14 89 19 73 87 90 63 23 7
39 99 84 53 53 45 36 17 41 65
12 24 33 80 98 42 91 39 94 87
71 16 21 10 65 57 66 22 51 50
65 40 50 22 3 18 70 56 35 78
86 45 1 4 62 84 42 29 63 19
36 96 9 52 24 80 65 71 17 1
83 39 27 92 83 93 98 39 24 50
55 23 44 65 11 21 84 66 86 8
5 6 12 100 80 22 63 97 11 40
57 84 68 96 11 84 5 57 75 57
51 29 99 86 8 49 41 3 54 38
31 77 29 99 31 66 95 16 73 95
72 72 81 68 83 72 84 32 1 70
3 7 71 20 25 43 77 4 47 89
52 76 70 84 68 84 63 64 17 80
30 25 12 63 84 45 16 79 31 38
10 31 19 90 85 31 23 96 80 63
42 5 82 14 49 67 22 43 21 60
72 86 34 10 21 28 58 63 68 11
49 92 96 74 23 13 13 97 68 72
5 99 83 19 77 78 67 42 47 45
60 24 65 40 91 80 1 10 28 73
4 37 43 18 4 68 89 76 50 45
92 100 81 47 82 30 90 51 85 8
15 4 14 35 28 98 6 49 7 79
71 58 33 98 78 72 32 32 59 1
54 65 94 67 39 76 41 57 17 12
6 28 83 78 16 70 58 72 29 5
37 69 10 7 93 95 14 33 14 69
71 75 84 89 100 93 50 61 88 14
2 23 91 48 81 79 5 17 99 40
83 62 30 37 89 65 45 91 4 84
53 39 76 87 81 55 24 59 16 28
Size
8 10 7 10 5 3 5 10 6 4
8 7 2 3 7 8 4 6 2 6
5 5 10 7 3 7 8 6 1 2
6 10 10 8 5 3 4 10 2 10
3 6 5 7 10 10 5 3 10 7
10 4 5 1 6 4 8 4 4 6
3 7 5 6 8 10 10 5 2 4
6 4 10 3 6 5 9 3 9 9
2 4 2 7 4 6 3 3 6 2
4 3 4 3 6 7 5 6 10 9
9 2 6 2 8 10 1 9 6 10
7 7 1 8 9 4 1 4 3 1
6 5 9 9 7 2 1 10 10 3
1 9 1 1 7 5 4 9 1 6
5 7 9 1 1 3 5 7 5 1
7 3 9 2 10 1 9 4 10 7
6 6 9 1 9 6 3 10 7 3
2 2 10 6 2 6 8 10 5 2
3 10 3 10 2 2 3 7 10 7
10 8 5 3 1 9 2 5 5 5
7 3 8 5 6 6 2 1 9 3
5 7 9 8 6 9 2 8 1 7
5 10 1 3 4 7 6 8 5 3
6 10 9 3 5 8 9 6 8 1
8 6 2 10 7 10 5 7 5 6
6 10 6 2 1 4 2 5 1 5
1 7 5 6 9 6 3 2 10 6
8 8 9 5 8 4 7 3 6 7
6 6 2 7 4 9 1 2 3 2
10 2 10 4 8 2 7 7 9 8
5 9 9 4 7 7 2 10 3 9
3 3 9 10 6 8 2 2 1 3
9 10 6 5 6 8 10 8 7 5
1 8 5 4 1 6 7 4 7 3
3 6 6 9 4 10 10 3 2 8
4 8 3 6 4 1 2 8 5 9
5 1 2 1 7 7 6 5 4 6
6 3 4 8 2 3 1 9 1 2
7 7 4 4 4 2 10 4 1 8
4 7 8 2 10 8 8 5 9 4
2 1 1 10 3 4 9 10 6 7
10 9 4 6 8 9 1 10 1 10
7 1 2 3 7 10 1 1 5 2
4 5 7 3 1 7 2 5 3 10
9 2 4 10 5 6 7 4 4 9
9 5 8 5 10 7 3 5 5 4
2 6 9 6 6 7 7 2 4 8
1 9 4 8 9 9 2 8 6 9
8 5 10 4 4 2 10 2 3 2
8 9 1 5 6 8 10 1 9 5
