n 50
m 10
cap 20
Processing
43 76 93 93 24 34 19 85 85 49
15 86 2 72 52 81 11 80 16 61
1 88 60 53 2 67 90 37 24 72
84 84 58 41 4 10 2 14 58 3
49 99 43 36 68 44 35 49 76 92
62 89 50 21 56 62 88 82 32 29
52 81 92 97 84 90 91 91 30 5
31 64 96 71 17 55 52 45 48 88
65 31 75 86 15 73 66 35 21 40
3 72 71 62 97 3 30 73 44 98
5 7 1 92 4 79 74 76 77 83
32 38 13 14 20 13 15 64 56 10
81 4 39 1 75 62 51 98 20 4
8 73 44 55 97 99 48 22 2 79
89 52 96 44 57 34 40 47 22 31
67 4 95 5 7 59 65 58 21 26
23 74 40 5 90 92 62 20 81 80
99 8 50 18 24 20 49 78 60 59
21 87 64 40 59 93 33 82 95 64
61 44 88 8 39 7 71 40 75 52
66 72 3 45 50 12 23 77 5 6
99 29 42 74 21 38 43 31 77 60
91 33 93 92 42 69 86 12 68 55
7 3 17 49 97 10 39 13 22 2
36 29 86 13 63 96 35 75 64 68
22 2 96 20 7 96 38 95 49 56
37 32 98 82 12 22 19 70 87 83
48 84 68 23 38 56 48 60 25 1
59 97 96 62 21 81 15 16 91 100
52 12 83 70 100 7 66 77 76 39
71 95 22 28 73 24 78 17 18 31
16 74 2 87 65 82 81 32 95 25
8 57 1 53 76 50 5 72 77 51
35 75 32 23 55 39 54 87 4 27
34 67 53 8 87 87 87 85 37 6
21 9 43 90 2 98 81 2 17 49
53 26 79 56 95 13 3 25 2 91
88 17 94 95 70 35 46 63 82 49
94 1 76 87 18 13 12 53 53 29
63 30 56 52 7 42 43 31 95 58
100 51 27 54 80 92 86 97 23 57
65 19 19 57 96 58 66 90 91 85
89 72 20 50 93 35 100 91 99 5
22 31 45 97 2 98 85 13 1 21
21 24 29 52 97 66 18 79 60 23
1 61 40 18 2 23 22 3 23 27
47 11 46 87 50 2 16 94 6 8
61 100 28 61 27 98 6 13 2 6
90 20 59 68 20 57 49 85 32 67
56 46 2 91 8 13 96 100 27 98
Size
9 9 4 9 7 8 3 8 2 6
4 5 10 5 6 2 8 9 6 6
6 5 1 5 8 9 9 10 9 3
2 5 2 3 8 1 2 4 7 3
10 7 7 4 6 8 10 4 5 8
1 6 8 1 7 4 10 3 10 1
2 7 9 3 3 6 10 4 10 9
9 1 9 6 3 1 10 10 5 10
10 8 4 5 6 7 2 6 5 3
8 8 4 5 2 7 6 8 8 8
1 2 10 4 5 6 2 1 4 1
10 7 2 6 9 2 1 3 3 2
4 9 9 4 6 6 2 2 5 3
3 9 2 7 2 1 10 7 6 4
10 8 10 7 1 10 10 7 1 4
7 5 10 3 9 6 10 9 1 9
10 7 3 10 1 7 6 3 2 5
4 10 4 4 2 1 3 8 5 10
5 2 6 7 2 5 1 3 8 7
6 3 6 6 3 5 8 4 4 10
2 7 6 4 10 1 8 4 9 6
8 10 9 9 4 8 7 5 5 10
7 10 8 8 2 6 5 1 2 6
2 2 3 2 9 7 4 9 10 4
4 5 2 3 7 8 6 4 5 1
3 6 7 8 6 8 7 9 5 9
1 5 9 4 9 1 5 6 7 5
5 6 9 5 6 8 1 9 8 4
1 2 8 1 2 9 3 10 10 8
10 6 6 7 1 8 3 8 6 6
3 2 1 10 3 2 5 7 8 10
4 1 10 5 9 9 4 5 9 7
5 2 5 8 8 9 4 5 6 10
9 9 8 8 10 10 6 7 9 2
6 4 5 7 5 9 3 7 1 4
10 8 2 5 10 9 5 6 5 10
4 8 4 2 8 8 1 8 9 7
10 6 5 9 3 5 3 9 2 8
2 2 2 5 2 1 2 5 8 1
4 4 1 7 4 8 2 2 8 4
2 2 9 8 4 6 10 4 5 3
7 4 6 4 1 5 9 1 4 6
3 10 10 7 4 8 8 2 8 8
9 3 10 9 6 9 3 8 2 6
8 1 9 6 5 5 2 1 10 3
7 8 5 2 2 10 8 7 4 2
9 9 1 1 2 3 10 4 3 3
2 3 6 10 10 2 3 8 8 8
3 10 2 8 4 1 10 10 7 5
2 2 8 7 9 9 5 3 7 1
