n 50
m 10
cap 20
Processing
14 22 15 91 24 62 55 31 84 54
97 97 72 56 26 28 62 18 74 10
51 44 8 93 35 49 18 76 53 33
96 27 97 83 76 63 78 86 83 8
58 84 17 79 63 59 58 95 78 55
45 58 100 78 37 15 12 56 75 54
15 64 85 28 22 27 30 49 73 25
91 34 59 75 4 85 83 44 46 43
14 60 37 77 80 18 48 100 37 82
47 46 48 53 36 21 36 15 23 68
43 72 38 16 67 46 48 6 68 94
49 4 55 65 20 52 82 21 55 97
30 43 29 10 28 95 86 41 23 98
18 86 7 23 93 17 33 46 34 52
63 47 82 84 96 50 8 56 53 89
54 33 68 92 40 80 61 74 8 22
12 39 74 94 55 95 74 82 74 36
34 20 3 80 33 61 49 10 52 67
27 14 99 82 53 42 74 94 14 49
23 22 24 18 67 70 48 72 22 8
3 38 55 11 10 73 48 2 55 77
1 6 79 63 20 66 90 82 70 95
74 64 69 58 8 97 41 56 6 36
29 40 77 90 96 71 13 32 11 33
45 7 100 23 55 83 18 37 68 9
76 31 48 43 36 15 75 89 100 49
31 61 14 39 87 85 1 68 16 15
21 38 15 88 46 41 23 28 98 70
38 24 32 18 95 37 12 41 97 41
94 72 22 11 18 4 71 15 78 20
83 41 64 54 31 32 28 22 27 73
12 76 27 7 2 10 10 22 41 11
31 4 51 92 65 23 99 45 11 35
44 82 66 23 78 25 70 60 62 94
56 54 31 45 35 96 70 11 50 52
42 1 6 45 28 8 85 70 12 25
85 23 35 68 87 51 78 3 17 30
94 91 65 94 91 27 42 66 1 2
14 68 70 50 35 91 46 73 75 2
100 51 54 80 34 18 65 54 28 14
3 6 57 14 9 92 42 5 81 89
29 21 92 27 81 77 90 86 44 65
56 14 98 97 19 96 91 99 11 7
88 73 6 26 41 69 9 94 37 33
2 85 7 47 21 31 91 5 11 56
43 85 49 29 64 41 39 43 25 71
17 16 92 18 77 96 30 31 20 33
80 94 4 93 10 57 25 63 53 87
70 75 96 22 59 17 51 52 61 76
57 86 74 34 2 16 58 88 13 75
Size
3 3 5 3 2 4 5 2 6 3
3 1 2 4 1 10 9 9 8 6
5 7 7 8 2 10 3 5 3 10
2 10 3 5 3 7 4 2 6 9
8 9 10 9 4 1 8 4 9 4
6 5 6 2 7 1 1 6 10 4
8 6 9 7 4 3 1 8 7 5
10 9 2 6 6 3 9 1 1 9
5 10 9 2 2 7 6 4 6 5
7 6 7 10 7 2 1 9 8 10
4 2 8 4 7 1 6 4 8 7
3 4 1 3 8 7 8 5 8 7
4 4 4 9 7 3 6 7 3 6
7 4 9 5 4 7 4 3 10 2
1 1 7 10 8 4 8 7 4 8
3 10 8 5 10 4 4 8 8 4
8 4 8 7 5 10 8 9 4 9
5 9 10 4 10 7 4 5 8 10
4 2 3 3 3 4 4 3 10 10
3 5 5 10 9 5 8 1 1 8
8 6 6 7 4 9 1 1 10 2
6 4 9 3 6 9 9 10 8 5
2 7 8 3 10 1 5 8 2 3
7 5 3 4 5 2 1 2 4 2
5 4 1 2 3 7 4 10 4 6
3 9 10 2 9 1 5 8 4 3
7 8 9 5 7 10 2 4 8 9
8 7 2 10 6 6 10 1 2 6
6 10 10 3 10 7 3 7 8 10
8 4 10 8 5 6 7 1 6 1
10 3 10 5 10 6 4 4 7 3
9 1 6 3 8 7 4 7 2 1
8 3 7 10 9 8 3 9 3 5
8 6 6 8 1 10 4 10 8 9
8 1 7 6 1 6 6 5 4 3
4 7 2 6 9 6 1 5 3 6
6 4 10 7 8 7 9 4 7 3
10 7 1 10 6 5 2 1 4 8
2 5 5 6 7 1 4 6 10 7
9 3 5 6 9 2 4 6 6 1
1 9 1 8 5 5 1 10 10 7
8 3 8 2 3 2 5 4 4 4
10 9 8 9 7 3 6 1 10 10
7 4 4 4 6 9 5 1 9 2
10 8 5 9 6 1 7 1 6 2
6 4 7 7 7 1 4 8 3 9
6 10 2 6 6 6 1 8 3 6
3 3 4 2 2 6 9 1 10 8
8 7 8 7 9 6 4 2 4 10
6 4 1 8 1 3 1 8 7 3
