n 50
m 10
cap 20
Processing
6 98 14 96 79 51 66 34 44 19
27 24 27 57 38 94 1 76 64 22
42 78 74 59 94 49 44 22 8 53
73 35 18 41 60 29 21 37 55 92
65 58 19 99 91 82 94 95 42 83
77 62 1 11 56 19 29 25 4 21
48 30 72 82 10 52 40 79 88 25
12 35 2 82 44 74 42 27 9 76
77 13 10 6 33 89 60 32 67 31
88 96 47 58 74 50 9 45 55 40
33 42 89 78 93 62 77 46 54 37
83 52 87 72 81 27 23 22 62 87
55 44 64 3 29 80 68 86 94 66
96 38 37 6 58 57 14 89 97 51
4 80 99 87 57 77 8 59 69 8
41 63 74 36 36 56 68 14 39 59
79 73 60 58 16 92 49 40 8 10
13 63 67 51 40 70 72 93 5 77
24 44 21 81 100 44 3 94 1 99
55 35 31 52 74 66 63 83 81 34
41 53 54 78 99 1 55 44 52 47
14 97 13 82 11 30 6 63 54 85
48 96 56 53 37 90 55 9 26 61
67 40 79 21 47 19 52 70 81 29
45 39 1 20 7 90 6 91 69 57
77 74 81 17 96 49 93 95 61 76
95 20 28 18 76 68 16 90 72 13
47 18 98 75 62 52 2 13 1 70
85 78 75 35 29 77 75 94 88 73
26 7 16 78 12 97 55 4 72 75
34 53 62 71 58 2 31 10 35 99
13 23 25 69 60 25 96 82 20 71
62 89 73 52 1 24 69 27 1 14
47 83 36 77 55 2 45 39 68 36
46 17 74 88 85 62 74 63 27 12
71 16 1 33 86 18 5 28 78 48
26 80 74 56 23 11 59 23 54 46
73 22 90 15 23 26 25 5 54 92
18 36 11 3 87 80 28 100 66 6
98 69 50 98 8 3 99 5 78 5
10 68 42 3 42 73 2 61 67 7
62 34 17 33 7 26 61 37 41 77
14 91 30 12 86 82 28 12 64 67
84 59 42 22 50 69 46 82 65 70
95 53 88 75 44 26 39 69 44 71
54 42 58 19 99 81 16 30 100 85
58 68 88 98 35 98 93 57 2 92
41 72 3 23 41 46 11 92 93 41
84 93 14 42 5 80 19 43 80 11
99 74 84 95 46 19 93 77 18 79
Size
5 6 9 3 3 6 2 10 5 8
1 9 3 6 1 6 3 1 8 1
5 9 2 9 3 10 6 5 9 4
5 2 3 8 5 2 4 7 9 8
7 6 3 1 7 9 2 1 5 5
7 2 9 1 4 5 9 5 5 5
9 5 6 9 8 5 4 7 4 9
8 4 1 1 10 2 6 7 1 3
7 4 10 6 10 9 2 9 9 2
5 7 10 8 1 3 6 9 6 4
8 2 9 1 3 5 7 1 3 7
2 6 8 7 4 7 2 5 10 2
5 6 8 8 8 4 4 5 5 5
2 4 6 8 4 6 10 4 5 6
7 6 1 9 9 5 10 2 6 3
2 6 6 6 7 10 4 4 5 3
3 3 10 1 2 3 9 9 1 2
4 6 8 5 5 2 5 7 10 10
8 3 10 9 3 3 9 4 8 8
8 9 5 3 4 8 6 9 6 10
10 6 3 2 8 4 3 9 10 7
9 9 2 8 4 3 4 9 2 4
6 6 5 7 7 2 10 6 1 5
5 4 3 6 8 4 8 1 3 7
5 8 10 6 5 7 5 8 4 2
7 5 9 8 9 1 8 4 5 8
7 5 6 8 10 2 3 10 9 6
2 10 9 5 2 2 10 8 1 9
6 2 2 5 8 2 4 5 6 3
1 5 9 10 9 1 2 5 2 10
7 4 3 3 3 3 8 2 6 10
8 8 4 6 4 7 2 2 6 9
7 6 7 6 5 2 7 6 10 8
3 3 7 7 9 6 1 1 7 3
7 9 7 6 7 4 1 6 9 9
2 8 4 6 4 3 4 2 1 8
10 3 9 6 5 5 1 4 6 10
10 10 4 1 2 9 8 8 5 5
6 8 7 2 3 5 3 4 6 5
1 6 3 2 3 6 1 2 5 10
10 4 3 8 8 10 8 3 2 1
4 9 8 4 2 4 4 2 2 6
6 7 1 8 2 6 7 6 8 5
1 8 5 5 7 6 2 7 8 9
1 10 9 3 9 4 6 3 4 4
6 8 1 3 1 3 4 6 6 10
8 6 6 3 9 7 6 9 3 2
3 5 5 4 5 5 2 1 9 1
8 1 1 2 3 7 1 2 9 8
9 6 7 6 9 6 9 10 8 10
