n 50
m 10
cap 20
Processing
58 82 41 47 59 78 52 3 26 90
70 23 84 83 62 2 98 5 31 100
43 5 28 92 54 28 61 2 50 86
23 99 6 6 67 72 59 56 5 63
8 65 29 42 83 38 53 29 56 66
34 53 96 96 47 75 2 17 12 41
74 91 43 83 81 23 58 10 97 57
15 78 87 87 22 80 28 73 27 7
16 41 72 16 46 11 12 7 59 26
58 13 77 21 13 87 12 100 96 11
46 72 9 34 64 88 50 13 76 48
36 87 84 35 32 60 59 96 55 19
21 30 36 17 54 66 9 64 73 24
66 79 95 58 78 71 36 100 40 9
50 31 64 6 20 49 36 80 79 24
16 23 36 44 88 91 80 24 34 35
84 14 62 2 62 34 94 39 58 71
15 81 8 6 58 39 30 41 55 99
35 63 16 44 26 46 47 12 60 58
21 26 53 81 8 17 60 6 16 89
61 94 76 27 88 17 87 89 18 50
12 26 52 2 72 17 93 32 43 61
81 51 12 76 74 7 66 80 4 20
42 89 35 72 42 62 4 46 89 100
21 38 9 1 54 43 16 43 4 95
69 94 93 28 63 41 13 54 98 11
95 28 79 74 90 44 44 91 37 30
66 65 66 32 74 82 2 4 55 40
56 88 71 50 88 27 3 25 31 47
26 58 63 59 39 35 98 15 33 67
50 72 54 83 14 25 100 11 62 80
27 27 99 33 45 50 54 62 64 63
87 21 85 78 50 32 84 89 47 46
60 76 20 9 30 68 47 54 86 58
87 16 94 92 19 53 65 73 55 88
36 40 47 89 22 82 7 91 63 46
64 98 48 60 9 35 55 48 96 61
67 69 26 88 66 53 56 37 3 91
16 100 59 11 44 25 19 81 16 35
41 68 3 63 25 43 93 98 84 38
38 33 23 84 92 49 82 4 53 9
62 16 9 89 4 97 71 82 20 98
67 61 40 95 29 6 64 6 71 45
80 19 6 17 9 97 6 52 10 5
9 64 19 26 16 50 15 61 77 11
91 96 11 83 19 33 33 81 39 82
48 35 38 14 81 51 100 84 78 72
48 15 20 4 67 39 42 84 45 35
22 93 34 1 12 25 14 62 79 95
12 64 94 26 78 56 80 41 95 35
Size
8 10 3 1 3 1 5 4 5 10
4 8 6 6 9 1 10 9 5 7
7 4 8 8 10 7 3 9 3 6
8 3 5 3 4 5 4 6 4 7
9 1 7 5 3 10 1 10 2 2
9 8 5 7 6 1 2 4 4 7
3 6 3 7 5 9 7 6 4 4
2 7 3 4 5 2 6 2 9 6
6 8 10 5 2 1 1 2 2 3
4 2 7 5 8 8 7 5 8 10
4 7 3 8 2 1 7 6 7 8
1 7 5 7 2 3 7 4 5 7
4 5 10 9 9 7 8 4 10 2
10 3 2 6 7 5 10 4 4 5
9 3 2 1 3 9 5 10 10 2
10 3 2 10 5 7 4 2 2 5
9 2 2 7 3 7 10 8 8 2
8 1 6 10 7 6 9 7 10 9
6 5 5 3 10 6 4 7 5 2
10 3 2 7 4 8 3 5 8 5
9 6 1 1 1 2 8 2 7 5
2 5 7 1 6 8 2 10 9 7
1 8 10 1 10 1 10 3 4 7
2 6 2 7 10 3 2 5 10 3
4 4 8 10 8 3 4 9 9 10
8 9 1 6 1 10 3 3 8 9
10 1 1 4 2 3 6 2 2 1
6 9 8 7 8 1 10 5 9 3
1 9 2 3 6 6 2 10 2 5
4 10 6 2 7 1 6 3 3 5
9 3 8 6 8 4 1 1 8 6
7 10 5 3 10 4 8 6 7 7
7 10 4 6 6 7 9 4 5 3
6 7 7 7 4 8 1 2 7 1
5 2 9 10 6 3 1 3 10 1
5 7 9 4 1 9 2 4 9 5
5 8 7 4 4 1 6 5 8 5
6 10 8 5 8 8 8 1 1 10
2 5 6 9 4 4 3 7 10 2
4 4 2 3 7 2 1 5 7 4
7 7 7 10 8 3 1 8 2 2
1 2 8 5 5 6 2 5 1 10
9 1 1 8 2 2 1 7 1 6
8 4 1 10 1 1 7 6 2 5
6 4 7 7 10 2 1 6 9 9
8 9 10 5 8 2 7 5 9 9
6 7 2 3 9 3 9 8 7 6
9 10 2 7 1 6 1 7 2 7
10 3 1 5 10 1 3 2 2 6
7 2 1 7 1 4 1 10 2 9
