n 50
m 10
cap 20
Processing
51 32 50 79 37 38 63 82 36 70
45 52 60 65 14 68 76 59 12 14
5 63 75 64 36 1 66 74 39 16
62 54 49 4 27 6 83 96 79 1
11 37 48 48 89 74 69 30 19 30
48 24 2 30 94 8 63 60 60 71
4 92 85 10 67 38 15 61 44 90
15 18 37 28 79 30 34 97 13 44
8 19 57 64 21 31 71 18 29 89
35 85 38 76 98 4 66 27 38 90
80 25 53 40 51 85 37 52 25 33
4 10 94 45 56 2 81 68 42 54
76 79 51 32 65 61 28 7 66 60
68 25 65 25 41 18 55 7 35 43
36 97 97 68 50 86 80 78 90 49
21 12 83 98 87 33 6 7 15 89
11 92 66 39 7 92 36 8 24 75
60 66 57 12 63 27 32 25 70 92
57 32 37 15 96 30 65 10 78 84
35 99 22 17 73 8 97 99 48 7
20 71 74 100 78 75 48 36 70 9
14 29 91 43 69 88 57 62 23 7
2 87 43 18 52 52 5 9 90 85
97 20 45 69 21 84 7 38 47 50
45 97 26 99 26 35 87 69 8 78
24 19 15 56 62 9 40 76 83 19
11 29 65 2 95 5 55 29 29 53
77 91 54 41 65 66 33 13 62 17
56 62 58 64 80 37 9 67 11 17
76 34 47 22 14 67 20 10 68 64
10 26 64 76 7 91 87 11 42 74
66 43 8 80 41 74 100 37 71 22
40 56 85 6 58 20 78 100 69 87
52 45 36 97 75 14 63 4 32 63
17 1 94 32 88 31 36 1 54 58
14 45 62 27 61 1 77 82 40 59
44 61 31 38 77 84 71 79 95 91
7 79 66 61 91 54 8 100 45 49
91 19 8 77 62 81 61 6 43 81
19 93 71 37 80 75 98 83 97 100
14 47 66 92 70 32 85 46 45 72
49 96 88 85 34 66 65 96 25 48
70 47 49 73 96 28 85 23 25 46
52 83 98 29 74 23 9 82 36 90
93 63 4 57 97 39 60 29 4 66
59 94 55 76 34 48 54 61 7 33
9 53 71 91 57 38 46 24 34 6
5 94 26 4 57 19 84 87 93 8
28 4 80 21 65 51 70 3 8 67
41 71 81 90 95 86 79 19 69 83
Size
2 7 9 2 3 10 6 6 5 2
8 4 2 8 9 4 10 10 9 9
9 5 5 10 8 6 3 7 3 4
5 7 2 10 7 3 4 7 2 9
9 7 4 6 8 9 3 4 1 9
6 1 6 5 2 7 5 9 3 6
3 3 4 9 8 4 5 1 7 7
6 1 10 10 4 8 6 6 8 5
3 2 2 7 2 8 10 7 10 4
9 10 5 10 1 9 7 4 3 1
9 3 5 10 2 5 1 7 5 10
10 10 8 6 8 4 7 9 5 9
5 10 4 9 8 3 2 4 4 6
10 8 6 2 9 6 10 3 5 4
4 9 2 5 7 7 4 2 8 5
1 3 3 2 4 8 5 9 9 7
1 8 10 8 10 7 9 2 10 4
8 10 2 9 2 10 1 9 7 2
10 6 1 10 2 7 3 1 3 3
3 2 1 5 10 8 5 10 10 5
7 3 7 4 6 2 8 8 4 5
10 3 1 5 4 7 7 5 7 3
1 5 8 6 7 7 3 4 9 4
10 7 5 2 5 4 4 6 4 4
10 8 5 7 7 1 6 3 1 8
4 3 3 6 3 10 8 3 1 8
2 5 5 4 8 8 2 7 10 6
9 3 1 9 3 2 5 5 9 2
8 8 1 5 4 1 8 8 9 10
8 3 7 10 7 4 6 9 7 6
1 6 3 8 2 1 7 6 8 9
8 9 7 7 5 4 7 5 4 10
3 2 1 4 6 4 1 8 7 7
3 2 10 8 3 7 9 3 9 6
5 8 3 7 5 6 2 7 1 5
2 8 7 1 10 5 1 5 1 6
6 8 1 1 8 8 4 7 3 6
3 10 9 1 3 4 4 2 5 1
9 8 10 3 7 1 7 2 7 5
8 3 6 3 6 5 1 5 3 1
3 8 5 6 10 3 7 3 7 6
3 10 7 1 6 7 10 3 7 2
9 10 10 7 8 1 3 9 3 1
7 2 10 1 5 5 2 4 2 3
8 9 7 5 8 8 10 10 2 9
9 2 1 2 5 5 10 4 5 2
5 6 9 10 10 10 6 7 7 5
7 2 5 9 2 3 5 6 8 3
9 7 8 4 5 3 2 3 5 8
5 3 10 9 8 1 9 2 3 6
