n 50
m 10
cap 20
Processing
66 54 46 29 42 5 49 21 51 67
62 51 68 97 30 39 46 30 78 84
16 30 63 56 73 34 19 29 93 56
7 96 94 1 82 74 35 68 20 72
94 86 94 79 85 11 85 66 8 98
69 56 21 49 38 34 46 26 9 82
75 70 10 79 74 62 67 76 86 98
60 26 20 82 25 25 79 1 40 25
29 67 23 7 13 38 91 91 60 47
42 16 9 51 48 23 54 77 16 33
84 51 44 43 78 51 16 34 27 76
100 65 4 17 50 19 71 87 15 41
11 24 60 82 8 9 42 54 36 20
7 93 43 6 79 96 7 13 89 75
96 31 81 38 57 39 69 67 95 25
90 11 32 85 89 35 36 79 24 93
10 24 70 91 11 90 19 20 93 44
88 21 22 28 64 56 79 88 50 30
37 95 68 35 42 98 45 62 78 97
3 90 92 96 26 46 81 28 6 4
16 34 20 48 18 93 14 100 96 2
8 51 5 70 27 3 48 47 53 65
78 54 6 38 76 34 78 96 66 29
87 95 92 7 45 82 62 75 87 18
62 78 99 88 79 24 94 20 32 40
73 15 36 56 87 89 91 3 91 97
43 36 13 35 100 33 99 90 91 39
25 98 55 38 29 100 74 57 5 37
11 87 65 91 25 94 11 72 7 95
16 58 71 42 83 62 39 85 73 56
92 63 11 88 84 73 51 73 47 27
54 24 66 69 6 31 16 69 1 26
73 75 44 80 81 50 72 43 97 37
93 69 66 92 85 81 25 34 27 55
27 99 100 9 52 32 99 80 82 97
24 56 74 39 29 25 34 35 83 26
71 16 90 86 12 21 88 97 99 54
62 86 62 32 44 3 30 80 69 13
68 29 72 35 2 94 89 44 95 15
22 9 67 48 73 50 31 69 93 54
93 82 68 66 8 12 26 77 24 99
36 14 78 74 27 43 42 31 100 38
48 63 38 93 78 43 10 35 34 25
76 68 64 8 11 5 23 98 94 1
50 70 4 69 56 47 99 54 82 14
85 11 74 84 76 44 78 35 82 74
53 58 76 58 41 64 78 22 99 66
31 54 6 63 35 30 37 81 100 14
70 77 92 34 18 34 11 21 93 99
35 35 71 19 34 83 7 23 24 63
Size
9 3 5 5 9 7 2 4 9 2
3 6 7 9 5 8 1 2 10 4
7 3 4 3 4 1 4 1 5 8
8 2 4 8 5 8 4 5 10 6
6 9 7 8 5 5 4 1 10 3
8 9 9 6 9 1 1 3 10 1
10 3 6 7 8 3 7 10 10 5
1 5 9 5 1 4 10 4 7 7
8 3 4 9 4 10 6 7 5 2
1 1 3 8 10 2 1 10 4 9
10 5 7 8 1 2 7 5 3 4
7 10 10 9 4 2 3 9 2 5
8 8 8 1 4 2 8 7 5 9
3 7 5 7 2 5 2 9 8 2
10 7 2 2 10 9 7 6 5 6
6 3 10 1 5 9 6 2 5 2
2 3 1 4 4 3 10 5 5 1
4 2 4 8 7 5 8 6 5 2
1 10 2 8 1 9 7 4 3 6
10 9 10 5 3 2 7 4 6 6
7 2 10 3 1 4 8 5 10 10
9 6 4 9 5 5 1 2 3 6
3 9 9 9 6 8 2 8 3 3
4 3 4 7 8 5 7 9 2 8
6 10 3 10 4 4 2 1 5 9
3 8 7 10 6 6 8 9 4 8
9 2 3 1 3 6 2 4 3 7
2 4 7 8 4 9 7 8 6 10
2 4 9 2 4 5 7 1 8 2
1 10 6 1 8 4 9 8 9 1
3 5 5 7 6 3 1 1 8 4
6 8 9 1 7 5 6 7 10 7
2 3 6 6 7 4 8 10 9 6
2 2 9 3 5 8 4 7 10 3
9 8 10 8 1 3 5 2 7 8
6 10 3 7 4 3 9 9 7 5
9 1 3 1 4 6 4 2 9 4
8 6 8 4 6 7 6 6 6 9
4 5 4 4 10 3 5 2 2 2
9 6 3 10 5 4 2 3 2 4
6 6 5 8 1 5 2 5 3 4
10 6 5 3 7 1 1 6 4 6
6 5 2 10 8 2 5 5 4 1
6 2 4 8 7 3 1 9 8 7
3 8 4 7 10 10 10 7 4 7
1 10 9 7 7 10 10 5 1 2
3 5 6 3 10 2 6 7 10 5
3 1 10 8 4 9 10 10 7 2
3 9 2 10 10 5 5 7 6 5
2 9 7 9 10 8 7 6 3 3
