n 50
m 10
cap 30
Processing
81 92 38 42 78 24 65 9 97 97
91 80 84 78 95 82 74 13 56 7
5 91 81 13 52 99 58 36 83 31
69 7 28 100 90 13 3 64 18 76
59 94 61 51 22 21 73 43 33 83
85 11 28 52 21 75 100 81 24 10
58 50 89 71 59 90 6 81 92 27
21 38 91 78 20 50 64 79 41 25
18 96 7 57 93 26 15 60 99 2
38 16 77 53 92 12 31 38 49 61
58 82 25 92 66 59 91 71 1 46
38 80 85 37 87 98 56 3 78 29
9 3 56 8 91 4 80 35 9 50
32 98 89 65 81 58 15 99 80 54
78 91 20 73 95 39 23 29 92 26
49 94 18 6 56 16 71 56 18 90
37 76 83 68 56 70 14 49 30 96
18 51 28 70 4 22 46 54 66 45
61 9 28 29 58 59 42 87 92 51
92 40 30 78 20 92 50 84 76 10
37 41 72 46 23 14 72 50 45 35
28 48 80 90 38 29 67 27 15 33
25 41 21 89 43 97 70 64 4 7
87 68 89 85 70 13 61 42 1 62
45 13 88 85 31 2 74 3 83 19
37 34 77 4 99 78 13 92 6 8
41 30 13 75 45 40 97 89 10 75
30 96 68 63 5 64 95 74 64 31
91 15 52 42 25 67 55 2 76 8
25 30 90 52 67 85 44 9 88 68
11 53 6 89 90 89 79 34 67 87
43 2 42 23 50 82 71 25 35 24
52 64 31 28 38 84 19 71 58 35
71 23 62 89 30 17 45 95 33 56
12 6 88 57 60 46 60 28 96 67
84 50 59 6 62 36 77 96 68 6
76 14 2 5 49 31 88 72 7 53
21 60 11 31 13 73 89 72 69 56
11 34 99 80 17 82 97 24 55 38
96 64 67 55 12 48 99 79 100 10
30 50 58 25 41 15 10 56 46 41
100 31 36 6 89 96 9 72 21 21
16 42 17 98 54 63 83 47 59 45
97 84 94 54 55 17 28 29 42 78
35 88 38 35 55 69 93 62 63 7
79 79 1 15 12 93 52 85 49 96
79 20 91 68 79 35 51 58 38 85
97 76 70 36 40 31 61 4 90 72
76 17 73 29 83 66 61 30 93 80
18 73 75 86 98 16 79 55 78 36
Size
10 9 7 5 6 3 8 8 8 9
4 9 7 4 1 7 2 1 3 1
7 9 6 5 7 5 9 6 4 7
3 9 1 2 5 8 2 8 8 10
7 1 8 9 9 6 3 5 9 6
3 4 6 10 9 5 3 8 9 5
10 7 7 1 7 1 8 5 6 10
3 2 3 8 3 7 5 5 5 3
9 8 6 6 3 4 6 9 10 7
4 1 9 9 9 9 4 8 4 2
2 5 7 8 3 5 1 4 8 2
2 6 5 9 10 3 2 3 8 6
3 4 2 3 9 10 5 7 6 8
6 3 10 2 3 7 1 10 10 7
8 7 2 10 6 4 4 3 9 6
1 6 6 2 5 9 10 1 9 5
10 7 4 10 8 3 9 3 5 3
8 4 1 4 10 10 1 3 3 10
4 10 7 8 8 5 4 5 1 5
5 1 8 6 9 2 7 3 4 6
10 1 9 5 5 2 2 6 3 3
9 4 7 7 3 4 5 7 2 6
7 2 2 1 10 7 9 5 9 5
10 9 8 2 9 5 9 7 3 2
4 8 7 10 4 7 1 9 1 2
9 2 1 4 3 1 4 10 3 6
7 1 8 6 4 9 7 6 3 5
10 10 9 3 1 7 6 10 3 3
6 4 4 5 10 9 1 1 8 4
2 7 4 3 5 7 4 5 1 5
3 10 8 1 7 6 4 8 2 3
7 6 9 4 7 5 5 1 7 7
1 9 1 2 1 9 4 9 2 2
6 7 10 3 4 9 4 4 1 9
8 6 6 3 2 4 10 7 10 4
7 5 1 6 3 10 7 5 7 4
6 10 1 5 6 5 2 10 1 6
2 8 6 5 4 8 2 8 6 9
8 3 6 9 2 5 6 9 5 5
4 1 1 10 10 1 3 5 10 4
3 7 9 8 10 3 8 5 1 10
10 8 8 2 3 2 5 7 8 7
3 9 5 8 4 7 4 1 5 6
10 7 8 5 4 3 1 3 5 2
7 5 3 1 10 7 7 4 6 4
4 5 7 9 1 9 9 6 5 8
2 1 1 2 6 5 6 4 7 4
9 7 3 3 6 9 5 1 4 2
5 3 7 4 7 9 1 6 2 5
2 3 2 6 8 3 6 6 8 8
