n 50
m 10
cap 30
Processing
21 100 50 15 72 17 29 14 21 7
79 58 99 42 46 80 13 50 38 24
49 41 4 77 97 24 61 1 60 81
97 43 45 48 97 50 20 49 94 27
39 12 40 45 41 71 44 69 72 96
22 46 81 42 89 26 43 10 68 63
88 97 46 73 12 68 90 44 53 56
8 52 2 16 86 89 66 32 63 13
36 74 12 14 26 38 44 100 87 74
43 32 66 94 28 4 72 91 3 96
78 53 7 61 55 76 42 100 91 6
60 37 68 88 34 100 66 48 77 10
2 89 25 7 14 81 88 11 37 72
90 61 68 39 52 21 4 25 37 10
12 20 53 35 92 13 7 13 52 71
62 53 4 39 70 58 36 52 29 74
21 48 14 16 71 74 87 30 74 39
96 92 93 34 25 79 68 61 63 14
77 56 44 63 70 82 42 79 17 12
56 46 38 46 44 48 78 21 96 84
55 71 59 3 68 28 100 12 98 48
20 82 85 99 77 10 50 32 37 97
60 7 14 10 15 61 73 7 36 67
93 70 45 32 15 51 76 50 64 76
7 75 94 2 44 95 67 41 23 3
71 12 22 54 35 100 39 49 12 65
41 72 76 20 54 52 17 88 36 89
9 45 54 56 94 15 17 24 84 62
11 44 87 73 76 3 34 17 43 84
43 78 63 42 53 20 21 33 30 11
44 10 5 63 12 59 89 99 53 6
83 29 65 93 83 44 66 80 16 56
91 16 17 52 43 73 24 39 48 93
78 81 69 11 88 32 96 65 56 6
96 60 39 7 82 30 17 21 99 80
13 99 15 26 40 41 58 37 96 54
4 59 4 30 64 41 57 64 3 33
33 86 35 23 7 60 73 78 18 96
90 33 53 73 65 57 28 34 50 49
48 39 84 75 88 64 55 55 99 100
83 68 15 22 12 60 67 34 43 5
24 65 69 65 50 6 42 24 29 39
97 75 50 44 2 18 74 93 54 49
60 45 66 86 21 43 46 77 34 63
78 43 43 46 17 61 78 60 90 73
30 72 11 88 17 22 47 54 51 2
92 39 66 56 75 17 9 1 66 10
23 5 61 60 5 62 44 46 99 88
17 72 10 64 37 68 45 44 11 97
72 8 33 3 34 37 77 6 77 70
Size
2 3 8 10 1 3 9 10 4 5
6 6 10 5 1 9 5 2 3 4
7 5 2 10 5 4 3 4 6 1
3 6 8 5 7 4 5 8 1 5
2 10 7 6 10 9 10 5 5 3
10 9 7 4 7 5 7 5 1 1
10 1 4 5 8 1 3 4 8 6
6 8 1 4 3 2 5 10 2 1
5 5 8 1 4 2 1 7 9 2
10 2 3 8 1 7 5 4 9 10
6 6 6 8 2 4 4 4 7 10
8 7 5 1 9 4 1 6 1 3
6 8 2 3 2 2 3 1 4 6
7 2 7 7 8 6 4 3 10 10
1 4 3 7 1 2 3 1 2 5
9 8 3 10 3 10 10 5 9 7
7 3 3 4 9 2 10 8 3 10
6 4 10 1 3 9 3 1 1 1
2 1 9 6 4 8 5 1 6 8
5 5 8 10 7 9 5 7 2 3
8 2 8 1 8 1 10 7 6 1
3 5 5 4 8 7 5 8 5 1
8 2 3 5 1 10 6 9 7 3
9 1 10 1 1 6 4 6 10 6
6 1 7 9 2 9 1 5 2 8
10 4 10 3 10 10 7 6 2 3
4 8 1 4 6 2 9 4 8 6
3 5 9 2 8 3 6 4 10 2
4 10 5 2 7 6 10 4 1 9
4 10 10 8 8 3 10 2 7 9
8 2 5 2 5 4 7 1 3 1
10 10 3 2 4 9 3 4 9 1
9 8 5 9 9 7 8 4 10 8
2 2 6 7 3 10 1 3 2 7
9 5 3 10 3 3 3 8 3 1
2 4 6 10 5 1 8 1 10 10
3 2 2 5 8 4 8 1 3 4
6 4 1 1 2 8 3 9 4 1
8 7 10 5 1 1 10 10 1 6
8 7 9 4 6 6 8 7 8 4
3 3 10 4 5 6 2 3 6 3
5 10 10 8 3 1 8 4 1 5
6 7 10 7 3 4 7 9 7 9
8 6 3 6 3 9 4 1 10 3
1 10 7 4 1 1 5 5 8 1
3 8 3 4 7 6 3 4 3 4
8 1 6 9 2 8 10 4 4 1
10 6 5 2 2 10 4 10 5 4
4 5 4 3 7 9 1 10 9 7
8 3 4 7 9 6 3 6 1 4
