n 50
m 10
cap 30
Processing
43 34 43 1 36 99 49 97 6 46
9 96 58 73 64 11 70 44 83 90
1 64 12 86 21 65 86 45 57 37
64 95 56 100 18 96 67 17 99 92
3 70 73 46 71 2 80 77 47 86
60 75 48 32 67 34 13 20 44 22
40 6 87 79 72 35 50 2 19 83
82 18 100 83 100 59 46 96 14 10
38 72 52 74 6 16 50 77 62 46
2 44 29 42 23 79 35 72 29 21
21 69 2 20 29 46 22 20 67 45
88 9 62 60 57 76 63 8 99 78
74 66 57 70 81 75 21 81 91 91
53 24 52 58 6 39 59 61 5 29
18 48 78 69 92 100 45 84 25 21
91 11 90 63 67 32 31 65 85 62
22 84 40 82 86 23 17 77 61 80
78 26 10 66 9 76 16 16 14 77
28 60 54 92 48 50 17 59 62 44
54 7 75 23 14 94 36 74 3 47
98 19 49 84 13 60 20 63 100 81
93 33 6 60 70 35 31 55 30 25
21 98 42 97 27 15 50 98 29 4
55 44 32 41 51 52 65 48 55 77
95 60 78 37 31 39 100 58 42 65
26 43 77 23 55 11 45 65 23 88
84 70 100 68 8 78 80 59 2 36
84 20 85 7 84 97 62 74 50 72
9 57 21 18 60 99 8 91 68 33
13 37 32 72 27 43 8 79 29 37
93 20 79 18 49 11 9 84 76 33
97 77 75 45 72 16 13 39 15 45
82 40 68 8 37 58 41 81 33 10
94 36 85 17 100 60 61 100 87 40
34 3 35 35 28 81 34 61 5 81
91 58 7 26 6 9 23 21 68 93
66 56 39 29 20 5 60 72 51 63
63 25 26 93 96 29 47 37 34 39
39 33 49 58 3 17 89 37 34 59
41 99 73 17 58 70 28 90 84 7
76 11 53 52 59 45 19 85 31 10
72 25 82 71 36 94 73 31 42 7
73 90 22 50 50 50 78 84 5 47
94 95 32 20 75 19 17 5 5 63
19 1 59 28 7 28 18 4 17 16
71 18 60 91 75 89 35 30 52 3
63 43 6 37 55 19 82 45 20 9
15 68 20 21 62 34 25 89 55 55
23 5 55 15 93 76 35 64 72 100
8 78 28 56 22 54 49 6 80 35
Size
5 4 4 6 5 4 4 6 10 1
1 5 8 1 3 1 8 2 6 4
3 6 5 2 4 6 7 4 8 10
2 1 4 10 9 4 7 1 2 3
4 4 6 6 1 5 1 2 9 1
6 7 10 1 3 3 9 10 6 2
6 2 8 2 6 1 6 9 7 6
9 6 2 9 4 10 6 10 4 9
1 10 9 4 7 5 7 7 3 6
7 2 5 7 4 1 3 8 8 10
8 5 10 1 9 2 9 4 7 10
1 8 5 6 9 6 7 2 3 1
8 5 9 1 5 9 2 6 6 10
7 2 10 7 8 10 10 10 8 5
9 9 10 7 3 9 10 4 3 5
6 2 7 10 5 1 6 6 4 6
9 1 5 4 6 5 3 6 9 3
10 8 2 9 1 10 3 7 3 2
7 4 6 9 9 6 2 3 8 2
3 3 2 3 7 8 1 7 4 6
4 2 1 8 1 8 2 5 1 7
4 2 6 10 2 10 10 6 9 5
1 4 3 9 10 7 10 3 1 6
7 7 8 9 10 6 5 10 5 5
1 5 5 7 3 9 3 4 9 2
10 4 3 7 1 10 7 8 2 4
5 9 7 4 4 5 7 9 3 7
4 8 6 3 9 1 10 2 4 8
9 3 5 7 4 5 6 5 1 4
5 8 1 6 8 5 2 7 7 6
4 9 7 2 8 10 6 9 4 10
3 7 8 9 1 3 7 9 2 8
2 9 5 8 4 7 2 4 3 8
6 5 6 2 5 8 2 1 10 5
7 3 1 7 7 2 9 5 5 4
2 10 4 1 9 1 1 9 10 4
6 5 1 5 8 1 7 7 1 7
9 7 8 3 8 2 8 8 5 7
1 3 3 4 3 7 5 10 7 7
9 5 7 1 5 10 10 1 7 4
8 7 2 2 10 10 3 3 10 3
9 1 4 9 2 10 2 6 8 2
4 1 10 1 9 6 10 3 6 6
8 2 8 10 1 3 7 4 2 10
10 2 3 10 2 10 9 9 1 9
3 2 9 1 4 3 1 8 7 9
6 9 10 5 4 4 5 9 9 10
7 5 2 1 8 9 7 3 6 3
8 7 10 1 5 8 6 2 4 8
5 2 10 10 10 4 7 3 10 9
