n 50
m 10
cap 30
Processing
13 6 19 57 72 25 18 7 17 81
56 27 99 75 97 38 63 28 35 59
1 17 83 7 28 67 36 53 19 63
28 52 6 54 69 29 68 6 5 28
68 42 40 73 60 25 44 52 71 60
92 68 27 27 40 19 85 46 77 38
83 43 74 8 34 23 91 15 9 22
57 78 88 64 36 65 54 17 77 42
76 73 65 91 1 79 36 44 29 68
23 53 43 49 5 86 100 20 2 100
98 61 49 88 32 26 17 56 5 50
24 93 65 80 90 29 47 45 34 68
88 50 94 62 61 41 13 6 97 36
80 7 22 9 81 1 90 81 94 87
27 10 36 83 74 90 66 19 78 7
17 51 38 27 37 91 89 3 69 26
67 99 19 9 9 54 73 46 48 87
15 83 24 60 50 60 56 85 21 72
50 31 61 73 3 9 89 42 11 95
100 47 1 36 31 10 49 37 66 37
61 66 66 42 8 14 47 46 80 7
86 9 40 96 32 58 80 95 4 24
50 25 14 83 49 4 88 19 16 12
50 4 33 55 13 2 36 11 76 6
28 46 73 67 9 75 36 65 80 77
29 82 38 54 50 55 26 39 47 5
24 89 10 72 47 37 47 98 64 98
28 44 98 4 25 38 4 5 38 68
4 35 88 15 57 40 45 36 14 69
9 10 7 25 6 9 85 39 20 31
28 9 17 75 25 19 48 98 78 34
29 77 48 27 41 98 38 59 31 49
79 16 98 36 89 54 75 10 66 16
98 32 37 63 30 15 64 63 89 28
91 94 30 48 8 50 27 8 87 92
3 1 56 18 47 46 43 20 18 20
1 90 100 26 61 79 77 27 65 87
82 48 86 15 99 95 3 99 56 84
64 26 31 8 90 74 88 15 35 100
69 55 4 31 58 58 9 7 67 86
44 68 86 34 76 81 7 14 35 49
32 46 56 94 53 54 50 69 63 6
40 98 88 88 20 31 80 39 58 99
84 44 80 77 43 79 33 73 19 68
64 93 74 24 96 71 8 60 97 13
72 23 40 38 24 49 80 14 89 36
60 25 61 44 35 14 88 88 67 45
75 43 46 29 93 54 3 12 22 74
7 81 81 89 5 29 40 52 10 98
25 79 7 58 7 50 61 21 40 13
Size
5 6 9 6 1 4 6 4 1 7
10 6 9 8 1 8 2 4 1 2
7 6 8 6 6 1 10 7 5 10
10 4 2 6 7 8 7 3 3 4
1 7 5 10 5 7 4 5 1 2
7 6 6 3 7 2 1 1 4 3
6 9 7 10 8 9 5 1 10 2
4 6 5 6 7 5 5 10 8 4
4 1 4 1 10 8 8 8 2 2
2 6 9 10 8 1 7 8 6 2
6 3 7 1 5 7 1 8 2 2
1 2 4 3 7 5 9 10 7 10
7 4 5 3 10 10 1 2 3 3
4 6 3 9 7 8 2 6 1 5
1 8 10 8 1 3 10 8 3 9
6 7 7 3 3 8 5 7 1 6
9 5 5 1 4 3 7 1 10 9
10 9 2 1 7 5 3 3 6 8
3 5 3 3 3 4 3 1 8 3
10 2 5 5 10 10 9 7 6 1
4 4 10 5 2 5 6 1 4 8
7 6 4 4 3 10 7 6 1 7
3 4 2 8 9 4 4 4 3 3
9 10 5 6 5 1 3 7 8 1
2 1 9 7 4 10 4 2 10 6
2 8 6 9 1 3 4 10 5 6
7 2 1 8 9 2 5 7 7 9
6 4 5 8 3 3 1 2 1 4
6 9 8 9 3 8 6 7 6 7
7 3 4 2 9 9 3 6 8 6
2 2 3 6 5 10 6 1 2 7
9 10 7 10 3 2 3 3 1 3
1 8 9 9 9 8 9 4 5 7
1 1 6 1 4 2 4 9 9 2
5 5 4 3 8 1 10 8 2 6
10 6 9 10 10 7 5 1 1 7
2 9 6 6 10 4 4 4 9 10
1 6 9 4 4 10 6 5 9 5
6 6 6 3 7 7 7 8 10 10
10 9 2 8 10 5 4 3 8 10
5 10 3 5 7 6 9 4 7 5
6 9 9 10 5 2 1 2 1 9
3 1 2 3 4 4 6 2 5 2
3 3 4 2 1 10 3 2 8 5
7 5 4 1 4 9 1 10 5 4
3 7 7 7 5 7 3 5 8 6
1 10 5 7 7 4 5 9 6 9
5 8 8 9 10 8 3 10 1 1
10 7 6 2 7 8 2 2 7 7
1 5 10 9 7 7 1 4 5 6
