n 50
m 10
cap 30
Processing
61 4 16 96 44 64 1 75 64 54
25 79 41 39 44 98 9 40 37 65
55 51 10 11 32 50 5 100 95 38
18 10 29 74 29 86 87 15 2 88
91 13 53 46 91 44 79 89 67 73
45 81 71 83 85 32 94 61 75 29
6 54 47 56 77 98 94 72 6 43
72 56 65 20 3 85 79 3 12 60
8 25 65 93 25 80 23 65 68 95
63 78 48 19 66 80 62 67 57 5
13 91 13 56 54 31 44 49 37 77
63 4 51 48 75 26 66 3 55 29
100 18 53 43 94 43 86 57 16 64
32 54 1 74 49 47 43 59 19 99
91 77 16 8 54 76 41 1 68 94
8 84 17 92 53 9 24 83 30 26
17 60 76 55 96 57 84 19 98 41
39 7 12 70 79 34 46 46 74 60
79 30 39 97 59 29 88 45 23 51
67 75 89 89 37 29 60 74 33 86
67 98 77 25 59 98 66 5 56 43
96 16 33 54 88 42 96 86 2 35
20 7 50 76 57 49 78 9 44 31
83 15 2 83 65 41 88 99 63 50
91 28 18 15 26 55 13 42 97 84
63 37 4 58 71 77 73 8 10 46
98 21 48 33 25 6 77 11 91 37
19 11 72 73 75 24 2 45 74 16
32 34 99 81 82 53 47 11 82 73
20 58 18 63 52 8 95 6 21 1
32 58 27 28 33 92 46 7 78 70
81 53 99 63 25 33 7 83 16 13
100 33 67 91 15 81 42 57 26 50
31 66 47 71 33 52 52 5 51 91
15 28 17 56 61 19 43 93 45 91
53 61 19 46 94 80 75 96 29 48
70 75 80 45 22 57 36 32 34 51
65 50 72 13 64 49 63 18 92 67
43 58 75 38 17 79 28 63 42 32
45 16 14 72 55 7 19 77 74 43
37 77 67 30 38 41 26 17 38 82
88 75 79 72 2 97 100 50 91 54
68 87 16 58 64 63 72 91 60 79
44 59 84 37 84 16 28 25 34 56
43 46 60 45 58 27 43 29 31 46
38 61 70 57 29 56 66 2 13 12
1 30 61 47 37 91 99 57 49 50
58 65 74 20 93 98 63 26 10 86
18 31 66 39 5 35 21 10 13 51
99 89 79 99 90 46 65 20 37 44
Size
3 6 2 5 8 1 2 9 2 7
7 4 5 8 5 2 5 3 1 6
10 4 1 1 10 7 2 2 8 2
10 4 1 1 3 8 3 9 6 6
1 8 6 10 5 2 10 10 5 3
2 9 9 2 4 9 8 9 4 6
1 5 1 9 3 8 2 9 9 9
10 1 4 8 3 2 3 10 7 3
4 1 4 1 8 7 10 9 1 2
5 6 3 3 7 8 3 2 10 7
8 8 3 6 10 10 1 9 3 10
1 10 5 3 7 10 3 8 10 3
10 4 8 1 3 9 7 8 1 8
5 8 7 2 7 9 2 8 10 10
7 2 5 7 10 10 8 2 7 6
9 8 1 3 7 9 6 5 3 4
4 4 3 9 9 5 1 9 4 3
8 8 3 10 4 10 3 7 4 1
1 10 4 10 7 8 3 7 1 3
10 6 9 7 8 4 1 4 7 6
4 4 2 6 4 4 2 10 10 5
6 9 1 3 5 3 10 7 3 5
6 2 6 9 4 6 1 2 2 3
4 7 1 1 7 8 5 9 10 5
9 1 6 2 6 1 10 3 5 7
8 2 10 9 8 1 8 5 8 5
1 1 4 9 1 5 6 4 6 6
6 9 1 7 2 3 6 9 10 9
6 8 9 8 7 3 9 7 2 5
1 1 2 10 1 1 7 9 10 7
10 2 9 1 3 2 1 6 6 10
6 7 5 7 10 4 8 6 2 6
5 8 2 6 10 9 7 8 9 9
9 7 4 6 5 1 2 6 2 6
2 10 3 5 4 5 8 3 2 1
3 10 3 7 1 4 8 9 8 9
4 8 10 4 5 2 1 10 4 8
9 5 8 10 10 2 4 4 6 9
10 1 6 4 4 2 4 2 2 2
7 4 1 1 9 6 3 2 7 9
6 4 5 3 4 4 5 3 8 6
10 8 6 4 9 7 2 8 3 4
10 1 4 7 4 7 5 2 2 10
4 9 3 4 4 5 8 2 4 4
2 2 6 7 6 9 9 1 9 1
10 3 1 4 2 9 9 9 6 3
6 1 1 2 6 5 6 3 8 6
5 2 1 5 3 10 6 9 4 5
2 1 8 3 4 9 8 2 1 4
1 2 2 2 5 5 9 2 7 10
