n 50
m 10
cap 30
Processing
25 6 21 56 42 60 37 27 13 76
96 97 98 81 70 50 6 7 51 34
66 1 2 53 84 30 100 53 95 62
8 25 12 55 62 66 77 26 79 25
17 52 23 75 33 4 83 34 10 96
60 95 47 78 88 97 83 73 76 18
64 32 97 28 67 2 5 77 57 98
20 27 57 63 6 54 64 25 41 39
12 31 69 9 53 85 11 56 21 100
59 18 27 18 58 86 94 33 12 12
14 95 51 98 3 56 26 75 3 60
60 1 65 8 100 33 48 34 33 89
9 63 67 54 19 36 4 74 95 81
72 44 6 13 44 58 56 23 36 31
79 49 90 9 75 30 75 42 11 76
60 26 41 58 21 23 80 61 14 25
17 10 55 40 1 57 80 29 12 23
41 43 95 76 54 60 47 60 3 25
77 21 14 19 64 86 93 6 60 79
11 25 50 14 96 41 24 22 25 58
44 71 8 36 33 31 16 52 92 29
78 21 47 36 98 12 89 12 26 65
82 12 76 88 48 94 12 99 25 62
60 11 27 33 16 46 26 83 26 23
75 32 4 3 84 80 29 20 81 59
46 11 87 45 27 8 27 8 11 59
14 94 34 53 61 89 92 42 32 45
82 26 27 80 21 46 44 85 66 64
56 64 95 10 77 100 30 21 40 81
41 18 60 100 98 12 5 9 17 13
23 18 90 73 88 1 26 73 23 66
56 67 34 92 37 63 14 8 20 72
11 37 22 83 48 99 72 14 68 85
33 77 30 70 14 95 4 26 77 12
84 76 18 14 62 31 96 6 52 66
78 49 83 99 43 45 49 42 55 37
65 95 69 63 8 60 61 12 86 90
9 15 54 67 63 13 10 78 52 63
23 4 88 38 74 94 11 38 90 94
10 23 65 46 45 26 37 7 43 25
33 51 57 58 67 59 84 98 7 28
28 10 50 74 60 27 29 15 97 84
25 83 91 4 7 79 68 29 62 87
6 1 37 13 42 37 9 20 12 80
64 11 11 56 98 53 62 61 63 80
21 14 56 6 58 49 64 78 69 53
63 75 5 70 26 44 81 83 83 48
15 87 92 73 43 94 81 57 18 97
28 86 37 64 41 15 31 22 15 84
81 63 41 99 40 62 56 94 46 90
Size
9 10 3 4 5 10 10 2 2 4
3 4 2 2 6 9 7 10 7 2
8 1 4 6 10 2 7 6 5 10
1 9 7 4 3 6 3 1 6 8
1 7 4 7 6 8 6 1 9 5
5 1 6 10 1 5 3 7 4 2
3 1 8 3 7 8 2 5 7 2
3 5 3 3 9 4 4 1 3 10
10 4 7 5 4 9 10 2 1 10
2 10 7 4 7 7 10 4 4 9
9 10 8 2 2 2 7 9 3 10
5 9 2 7 6 5 2 5 1 2
6 5 5 2 1 2 3 9 3 8
1 5 2 7 6 10 10 2 6 4
1 2 7 2 1 9 8 1 8 10
4 3 9 4 6 7 9 1 1 4
4 8 8 8 10 9 1 2 6 9
3 2 4 7 3 1 3 2 6 10
8 2 5 6 5 7 9 2 2 3
2 2 2 5 8 8 6 6 5 4
7 3 4 1 5 3 2 5 7 3
7 1 1 8 10 3 4 9 1 10
4 6 3 3 7 6 5 2 3 6
6 6 1 5 5 1 7 4 5 9
6 1 1 1 2 9 7 8 7 9
3 7 2 8 7 7 7 8 5 10
1 2 6 10 8 4 7 9 6 2
7 5 4 6 2 8 1 4 1 10
6 1 1 9 8 2 4 1 9 9
1 7 2 4 5 10 8 3 5 7
6 3 8 3 4 9 1 5 9 8
10 7 3 9 9 9 10 1 9 8
6 8 3 2 3 9 6 2 1 4
2 6 5 10 1 7 2 2 6 5
8 4 10 9 9 7 10 5 9 3
8 1 9 3 10 5 8 9 6 4
5 2 8 1 7 10 6 10 3 8
6 6 8 6 5 6 7 10 2 7
7 9 5 9 7 4 5 3 6 2
2 3 3 1 6 3 8 2 3 6
5 7 9 4 2 3 8 6 10 2
9 8 7 7 1 2 3 10 5 9
1 6 3 3 6 7 2 9 4 5
2 8 9 3 9 1 8 10 6 10
7 1 10 2 5 3 3 9 8 2
6 9 8 9 10 7 5 4 5 8
3 10 1 4 5 5 4 6 4 10
7 5 3 7 9 9 3 8 8 3
5 7 6 1 8 2 3 8 10 3
5 5 8 7 4 4 3 10 3 4
