n 50
m 10
cap 30
Processing
8 91 27 51 84 69 27 1 31 12
19 50 63 17 65 67 90 25 98 79
60 76 40 86 77 30 27 32 17 1
97 26 84 70 46 31 55 68 17 29
63 1 80 71 78 6 71 62 82 65
30 68 49 30 58 63 68 20 69 21
60 24 75 92 65 58 42 18 54 84
28 68 80 32 18 90 54 43 4 74
89 46 74 17 98 45 100 86 79 38
63 79 62 67 87 18 65 63 18 58
83 45 82 4 4 56 4 30 23 74
72 50 28 18 31 73 43 40 41 20
43 35 46 79 57 33 82 3 40 18
23 46 44 81 42 62 75 7 35 66
28 64 78 43 62 66 95 100 99 52
40 86 35 86 87 96 76 74 39 63
87 71 70 49 60 75 3 17 47 97
27 52 38 76 53 98 9 96 37 89
99 93 9 84 32 21 90 10 15 46
39 33 16 63 24 48 30 15 13 36
81 3 96 97 40 32 79 27 3 3
1 7 20 32 73 56 26 97 32 87
80 34 12 33 78 62 52 19 88 67
61 48 44 5 67 55 36 91 26 73
90 68 95 90 98 65 4 15 99 2
58 60 61 74 93 58 65 10 63 67
47 18 23 13 42 56 32 63 73 93
79 37 89 89 50 48 38 43 40 100
89 68 51 30 3 5 71 44 9 65
18 47 78 36 30 92 69 61 94 62
23 2 9 93 10 12 10 98 37 51
34 74 85 41 12 88 48 76 99 24
47 14 32 34 30 100 64 3 77 61
39 7 1 93 32 67 97 19 52 95
35 34 8 3 45 77 31 12 44 25
11 12 63 60 89 5 88 94 56 77
24 97 60 33 64 2 72 71 41 42
15 44 81 87 93 81 57 8 6 66
24 14 9 63 79 100 49 76 71 85
48 51 47 89 71 77 1 54 9 59
32 63 82 57 49 98 96 31 91 95
62 4 91 36 28 76 59 69 40 38
84 85 11 51 88 73 80 67 67 3
57 64 57 73 45 34 74 82 5 58
35 72 97 53 67 41 48 35 17 79
66 61 27 48 25 83 38 60 89 1
86 92 4 96 48 84 47 38 5 88
69 16 81 21 100 28 82 57 59 23
67 12 72 2 10 95 87 93 9 80
96 38 86 99 55 84 36 73 4 67
Size
5 1 9 8 7 9 4 3 10 2
7 6 10 9 2 2 5 4 5 8
8 9 3 5 2 8 4 2 8 10
9 10 7 3 3 4 3 4 7 7
6 1 6 7 5 2 5 10 4 9
3 3 4 6 3 10 6 7 7 4
10 3 9 2 1 5 5 7 1 2
7 3 10 4 5 5 6 9 6 6
3 2 6 7 3 6 2 2 5 9
6 6 7 3 3 5 3 1 9 4
6 8 6 10 7 4 6 6 1 8
4 8 10 5 9 7 2 9 8 8
1 5 7 8 1 10 10 7 2 4
4 2 5 3 5 1 6 7 9 6
4 1 4 5 1 6 10 5 8 7
6 1 1 4 2 2 3 3 9 10
8 1 1 2 9 3 10 7 7 4
10 8 2 4 4 5 4 2 9 6
4 2 2 10 2 4 9 5 10 6
9 1 6 4 10 10 1 7 10 7
8 6 1 4 8 2 8 9 3 1
3 10 9 3 10 6 4 2 7 6
7 6 3 7 3 10 6 2 8 1
10 8 10 7 7 2 8 1 5 8
2 7 10 1 9 4 4 10 10 9
8 5 8 10 5 5 5 4 7 5
6 8 5 8 5 6 1 7 2 5
4 5 10 4 5 9 4 6 8 1
10 8 8 9 7 5 7 2 7 2
7 10 3 6 7 5 5 6 9 7
1 9 4 2 4 7 1 2 7 1
2 10 2 8 6 6 8 1 10 7
9 9 7 5 1 10 1 10 9 3
8 1 5 4 10 10 2 9 7 4
1 3 8 3 2 6 7 10 1 7
2 5 7 6 9 6 8 10 1 10
6 10 1 8 9 9 3 9 9 4
1 9 10 1 10 6 7 9 8 9
9 10 6 1 6 10 9 4 1 8
4 1 5 8 10 2 4 5 1 1
6 2 7 5 7 10 9 2 7 10
8 5 9 3 9 6 8 3 6 9
10 3 10 5 5 9 5 6 4 10
9 2 9 3 9 8 10 8 10 3
1 2 9 3 3 9 8 7 5 8
9 7 10 3 3 8 5 3 4 4
2 6 2 1 1 5 3 2 7 7
7 10 7 10 5 10 1 4 2 1
2 10 2 5 5 6 3 9 10 4
3 10 8 3 2 6 9 6 7 4
