n 50
m 10
cap 30
Processing
7 68 66 8 45 10 77 65 46 21
61 7 76 65 27 89 83 6 4 4
56 99 63 97 88 45 30 84 96 15
47 16 2 71 52 91 39 54 58 77
50 88 99 8 91 3 7 77 14 62
30 51 14 37 52 9 49 44 77 69
69 50 25 98 20 85 65 33 85 79
28 47 7 30 28 39 21 63 20 57
44 42 32 6 69 16 58 57 91 94
1 83 33 21 9 4 7 81 49 78
15 91 13 95 45 62 22 38 13 91
1 7 66 93 73 29 37 1 55 47
30 80 5 72 70 84 47 54 52 38
49 34 72 86 74 22 48 24 79 62
37 9 29 9 74 55 93 24 82 32
41 37 35 68 83 49 14 87 1 61
29 28 36 91 76 3 19 30 91 26
91 34 5 100 96 75 19 59 64 90
24 35 48 99 5 98 45 86 21 1
67 56 28 20 26 71 84 45 81 94
9 27 61 82 76 67 89 96 97 2
28 35 62 20 45 47 26 94 60 49
28 47 86 95 37 11 40 86 86 80
43 95 51 86 38 28 11 20 21 1
38 80 28 32 83 33 49 24 51 88
30 1 56 5 69 16 85 20 95 17
87 99 7 86 45 2 89 57 54 14
6 17 91 18 4 82 63 49 57 76
43 63 53 82 6 100 82 73 58 93
73 48 94 58 45 63 95 52 74 13
62 86 18 59 73 93 87 43 71 23
75 93 68 92 26 38 5 67 83 23
28 66 86 13 34 39 37 63 74 39
98 74 82 1 79 72 83 50 32 91
15 23 82 70 73 25 8 69 23 34
34 28 64 61 39 71 54 71 39 21
7 64 83 45 57 85 32 78 100 31
35 93 34 88 5 51 38 48 22 90
49 5 38 62 68 84 18 37 98 98
52 70 38 60 83 48 37 96 6 32
86 20 98 79 78 17 14 20 16 53
78 86 79 77 46 96 36 6 38 71
59 20 69 24 38 72 25 46 66 33
55 73 66 89 85 3 5 29 16 36
24 71 44 100 85 31 18 50 47 43
55 58 75 26 26 75 61 37 64 85
3 54 61 55 84 68 54 65 87 50
100 29 66 45 6 57 8 56 93 86
38 72 12 78 77 1 16 94 29 67
95 64 94 77 99 73 31 18 48 48
Size
2 10 6 3 8 4 2 6 5 8
5 7 8 4 10 3 9 4 1 10
10 7 9 1 1 5 9 10 4 3
9 3 4 6 10 9 9 4 3 9
9 7 7 2 2 9 8 10 1 2
2 4 2 8 6 3 1 8 5 3
6 2 4 1 9 1 3 2 8 9
5 10 6 7 10 8 1 1 9 7
5 3 7 8 4 2 2 10 2 4
1 6 7 5 8 9 5 10 2 1
4 6 4 5 8 4 7 8 10 3
9 8 9 2 1 7 5 9 1 2
7 4 2 2 3 3 10 3 2 2
3 2 3 5 4 7 10 8 1 3
7 6 7 1 4 5 4 2 6 9
9 6 4 1 4 3 8 4 3 9
9 4 7 9 9 4 8 1 3 5
10 1 3 3 8 5 1 4 8 3
8 8 1 4 6 7 10 1 3 9
4 3 1 5 8 10 2 3 5 3
5 9 8 5 5 8 9 10 10 9
4 9 1 5 1 3 1 5 2 7
4 10 3 10 1 5 7 2 3 1
3 3 2 7 5 1 4 4 8 5
9 2 10 7 10 10 7 5 1 10
2 7 9 6 8 3 8 3 6 2
5 8 5 5 2 3 7 5 8 1
2 2 5 1 6 4 10 3 3 7
3 10 8 8 5 5 7 6 6 8
2 6 3 1 5 8 8 3 4 6
3 10 7 3 5 9 3 10 2 9
7 9 4 7 6 7 1 2 10 4
6 7 2 6 3 1 3 10 3 7
2 9 5 1 6 9 7 7 3 9
3 1 10 8 4 1 1 7 1 8
4 3 5 7 10 1 8 10 9 3
8 6 2 2 5 4 8 6 8 6
2 8 8 5 10 4 4 10 3 5
6 1 7 10 3 5 10 2 10 5
7 2 7 10 4 10 10 1 5 5
3 10 9 4 6 8 3 1 5 1
2 2 7 3 7 5 3 9 2 3
1 5 2 9 8 2 4 6 5 2
1 7 6 6 1 4 4 10 4 1
2 1 10 6 8 2 4 7 9 9
5 8 2 9 5 6 9 9 1 1
7 6 8 2 6 1 5 3 2 3
4 6 9 2 9 2 8 7 1 4
4 4 1 8 1 10 8 4 6 4
9 8 9 7 1 6 5 7 8 8
