n 50
m 10
cap 30
Processing
38 49 28 20 59 50 97 6 13 71
33 80 27 60 28 71 17 83 8 61
59 47 64 67 60 4 35 50 96 83
94 17 33 50 78 36 77 62 52 28
34 68 41 10 68 39 16 73 43 49
80 50 86 41 82 79 33 100 86 95
15 36 81 36 14 81 29 99 86 98
57 55 39 22 18 97 92 23 28 72
88 52 13 15 86 74 98 36 12 61
75 100 100 48 76 41 14 85 81 4
36 75 49 8 80 36 3 33 90 95
48 40 97 9 54 72 74 42 42 96
11 53 88 58 34 92 56 23 5 67
95 68 25 75 1 59 7 96 12 8
8 76 25 41 65 18 10 33 41 28
66 7 7 90 64 45 53 94 73 72
95 33 99 100 81 91 24 86 13 17
81 47 17 94 10 50 79 28 35 40
17 72 12 46 57 4 41 48 88 15
32 38 13 74 50 61 19 8 71 48
21 66 12 88 95 35 8 60 21 34
43 39 55 41 89 42 13 18 6 33
6 52 32 28 41 89 31 51 9 28
84 33 76 66 2 34 49 60 84 40
95 37 78 51 73 67 58 76 47 20
81 73 81 94 71 12 19 78 64 66
72 56 100 98 74 93 5 95 67 37
100 49 36 94 100 7 76 89 48 46
36 43 22 1 50 66 54 91 85 86
74 74 26 52 1 91 15 27 79 37
79 84 12 15 79 34 5 68 48 22
46 27 57 81 92 97 37 56 39 41
1 99 63 49 21 7 62 80 64 87
17 90 27 27 71 63 22 75 30 63
65 63 89 1 93 95 47 54 57 49
25 49 7 23 83 49 29 19 89 39
85 27 41 2 48 4 69 35 96 27
72 95 73 49 59 18 60 16 71 21
66 51 91 96 98 93 3 33 35 39
18 18 79 90 37 91 83 26 93 63
57 51 92 49 36 86 35 73 43 27
97 58 64 48 49 27 80 48 90 24
14 88 25 69 14 85 2 73 11 99
7 90 89 27 97 71 46 55 16 33
70 14 67 8 76 32 85 44 7 4
72 60 14 32 64 32 1 91 39 23
58 9 30 9 22 68 42 25 29 23
84 34 16 63 11 11 75 8 11 19
39 36 1 23 18 76 95 13 89 39
58 63 85 82 12 51 66 8 39 60
Size
8 9 9 5 4 7 9 9 3 8
9 8 6 10 6 4 3 10 9 2
9 10 3 7 5 2 10 3 8 10
10 2 7 6 10 6 3 6 6 7
1 2 4 8 5 4 3 9 2 3
5 1 4 9 9 5 3 4 1 9
1 4 8 2 3 2 5 4 10 6
8 10 10 8 9 3 10 2 5 1
7 4 9 1 4 7 8 9 1 9
4 1 8 6 5 1 5 7 1 7
2 10 2 2 5 1 6 10 2 10
4 4 3 6 2 10 5 7 5 10
10 8 2 5 3 8 2 4 4 9
6 3 2 10 10 7 3 8 9 5
7 5 4 4 9 6 1 1 3 8
5 5 4 6 1 4 6 3 9 7
1 10 6 4 10 2 10 9 10 8
8 2 9 10 9 1 10 5 7 5
9 7 3 9 4 9 9 1 4 1
7 6 7 5 10 8 10 1 7 8
7 2 4 3 4 7 6 4 7 6
9 10 8 10 2 7 4 5 7 1
2 1 2 9 4 9 6 8 7 9
4 8 8 1 6 9 2 4 1 8
3 9 3 2 9 6 6 10 3 10
9 8 1 9 5 1 6 3 8 6
6 6 8 10 7 7 9 6 3 10
6 3 10 10 9 5 1 8 5 5
9 3 9 7 5 7 2 5 10 7
5 5 10 2 8 6 2 1 2 5
6 1 8 2 5 9 6 8 4 2
4 1 8 8 6 10 7 7 8 3
5 5 3 9 2 2 5 6 10 9
9 4 6 9 8 3 8 10 2 9
7 4 6 8 8 3 9 6 10 5
1 2 2 2 8 6 2 4 9 5
3 6 10 6 3 7 10 3 5 3
3 9 9 2 2 1 3 8 7 3
4 8 2 9 8 9 1 5 5 3
1 2 2 10 5 7 8 10 10 6
5 3 9 8 8 7 5 7 5 8
1 1 10 3 3 3 5 6 5 4
8 4 10 7 1 6 5 9 8 3
7 7 1 5 4 4 8 9 9 6
4 3 6 8 8 4 1 7 1 10
8 8 5 7 1 5 6 4 3 9
8 10 6 6 3 1 9 7 9 5
5 7 2 4 6 2 2 5 4 4
7 7 6 10 3 1 1 8 4 10
5 10 4 10 5 3 2 3 9 3
