n 50
m 10
cap 30
Processing
90 34 92 37 26 20 68 54 56 31
22 15 87 65 11 66 82 87 48 60
78 24 98 81 78 25 42 49 18 24
93 58 76 45 97 63 16 69 69 95
27 34 26 25 67 97 63 54 4 79
11 91 16 84 38 9 8 9 41 9
55 79 94 17 88 60 78 80 49 59
31 78 97 15 55 60 18 34 52 56
66 65 82 71 38 2 88 51 59 87
95 73 71 16 80 44 44 16 55 20
77 16 22 97 23 93 84 11 63 23
65 93 41 65 36 23 54 30 57 35
70 84 66 94 91 92 60 20 85 78
98 12 40 19 91 31 29 30 78 81
84 62 53 41 4 1 88 33 30 80
1 55 71 9 72 100 74 34 48 84
69 9 23 30 2 68 34 40 5 91
43 64 55 38 22 15 11 41 79 61
80 95 7 30 59 26 93 77 12 100
56 36 16 23 94 79 88 90 56 45
28 86 9 2 29 56 34 65 28 27
100 34 62 72 47 88 41 46 60 60
11 61 8 63 95 4 87 50 43 68
54 47 67 78 5 33 100 61 81 85
65 43 97 57 93 99 68 7 58 87
54 96 100 25 4 75 7 76 89 87
42 42 16 55 51 39 81 43 78 93
74 25 54 81 82 86 81 21 44 13
33 4 29 76 34 97 100 34 8 84
4 89 86 70 86 1 21 6 66 65
92 39 14 65 56 15 88 93 96 37
35 79 15 80 5 74 30 92 57 64
78 15 85 11 14 34 71 3 79 37
68 38 28 25 42 55 86 88 72 87
50 79 93 59 79 12 72 78 22 66
76 33 42 15 17 41 87 20 5 40
33 14 96 37 25 4 32 58 30 43
55 29 34 65 76 64 2 48 93 31
87 48 76 9 61 84 22 49 12 3
93 4 95 10 55 13 97 21 66 70
72 65 16 79 45 96 91 1 19 80
11 75 54 93 15 95 25 54 18 34
73 41 94 16 67 47 35 21 28 49
64 1 89 83 60 89 35 7 4 45
13 12 78 75 75 39 78 79 68 73
76 53 91 19 94 49 91 92 64 56
18 48 91 51 12 79 9 83 64 9
4 12 70 52 12 24 57 16 1 49
2 92 53 61 60 43 30 81 1 97
78 7 11 17 94 21 49 70 95 93
Size
9 6 4 9 8 3 7 7 10 9
10 2 5 8 8 6 1 3 8 3
9 1 5 2 3 5 5 7 4 10
8 8 5 8 3 2 8 1 1 4
2 3 4 9 5 2 5 1 5 10
1 6 4 2 5 3 5 9 8 10
4 6 9 7 6 8 1 3 9 8
6 7 5 4 2 4 6 6 5 1
3 3 6 6 5 3 3 6 4 8
3 4 10 5 3 3 4 1 3 3
10 1 4 1 5 7 10 4 7 6
8 10 2 9 9 7 5 2 1 1
1 10 7 9 9 1 10 6 8 2
4 1 6 5 8 8 6 5 8 1
2 7 5 4 3 5 6 3 9 9
2 9 8 10 6 3 5 8 4 8
1 10 5 5 8 1 5 1 8 7
3 7 1 6 10 4 4 7 9 2
3 4 3 8 5 2 1 9 8 8
1 3 9 7 1 3 9 5 6 6
10 1 4 4 8 10 5 8 8 3
5 7 1 9 6 2 10 4 5 4
6 9 2 2 7 5 4 2 6 1
8 2 6 9 10 9 1 9 5 7
7 1 9 7 5 5 7 6 7 7
4 9 7 3 6 4 3 10 5 7
7 10 7 7 6 5 2 2 4 5
6 9 7 8 9 6 10 5 7 2
7 8 7 2 3 6 9 1 10 10
9 1 8 3 8 3 5 7 9 1
7 9 6 3 6 10 7 2 10 5
9 5 1 2 8 3 1 7 10 8
9 3 2 7 10 6 2 10 7 7
6 6 8 5 3 8 5 9 10 9
2 4 7 3 9 1 4 3 8 6
3 6 1 1 3 4 4 3 3 10
10 1 8 2 7 5 5 4 7 10
10 9 3 1 1 4 10 8 1 1
9 6 7 2 9 5 4 9 4 2
3 5 3 9 1 8 10 7 4 9
2 1 4 5 5 5 3 9 3 7
4 2 7 8 7 1 10 1 4 9
3 1 8 1 10 10 5 8 3 6
3 9 2 2 7 10 3 2 9 8
9 8 8 7 8 8 6 2 1 2
2 5 3 6 7 9 5 6 8 7
1 3 2 2 4 6 1 2 7 6
4 9 7 5 2 7 6 8 8 7
10 6 6 8 2 10 7 3 1 7
1 6 1 6 7 1 10 4 1 1
