n 50
m 10
cap 50
Processing
37 44 74 69 34 85 88 13 32 34
6 10 76 34 85 76 2 34 15 97
60 23 70 15 76 22 39 70 72 53
96 53 8 1 100 18 35 91 86 37
95 30 42 20 7 11 66 61 46 30
22 16 18 74 17 70 88 26 35 58
64 18 90 4 52 1 75 12 94 12
12 100 76 95 61 66 72 55 88 86
67 35 57 80 14 28 50 35 23 73
25 35 97 6 79 85 98 89 67 40
80 9 56 38 1 24 89 87 26 25
22 1 98 47 10 57 45 81 73 68
45 42 46 43 57 59 30 16 89 22
6 98 20 45 76 54 65 14 43 100
80 64 76 74 87 40 78 32 58 43
90 46 69 28 71 96 55 51 79 21
85 62 69 38 50 91 47 2 2 59
6 61 17 77 25 15 21 68 81 33
58 69 92 54 48 62 68 71 2 94
91 95 12 23 30 42 18 88 2 68
54 33 16 53 25 41 7 34 3 27
57 40 51 43 96 43 94 17 6 88
72 15 52 79 43 96 28 22 8 28
29 64 14 38 32 62 51 5 86 29
53 31 81 14 29 36 56 92 21 55
55 87 84 33 2 12 11 17 20 74
49 74 34 9 42 52 55 72 49 93
98 27 12 76 31 83 23 11 72 49
56 77 94 59 36 7 87 23 34 70
10 4 47 37 4 86 20 34 24 82
66 40 39 92 29 77 51 19 12 63
43 63 71 45 3 82 1 32 31 97
72 7 20 74 15 7 70 71 60 13
78 84 5 85 92 20 23 61 90 100
81 26 97 92 92 54 10 91 88 96
76 33 68 35 79 59 91 76 76 43
68 5 52 12 17 23 12 66 75 1
11 15 85 27 21 4 100 55 15 100
89 49 1 67 60 6 59 37 37 35
60 68 9 62 44 37 51 65 8 29
73 13 70 56 80 81 60 56 71 77
87 50 69 18 97 78 30 46 43 48
4 22 91 89 13 35 49 83 86 91
14 70 18 79 34 5 38 75 8 30
58 17 71 20 4 94 75 42 90 49
20 100 29 14 38 16 44 11 57 2
76 8 95 61 9 49 22 41 59 27
16 62 92 57 45 7 16 5 45 91
22 20 59 76 75 49 51 65 23 53
40 4 83 65 33 91 44 3 1 82
Size
9 5 1 7 8 2 7 7 3 10
3 9 9 2 3 5 9 2 4 5
5 1 7 4 3 1 8 1 4 5
10 6 6 9 3 1 1 4 10 3
1 7 4 3 7 4 10 3 6 7
6 4 4 6 7 6 6 2 1 10
3 4 6 4 9 8 1 9 3 5
2 3 1 7 6 10 3 2 10 7
10 9 2 9 1 6 2 4 6 8
2 3 7 5 6 10 4 3 10 4
5 8 9 6 5 1 5 7 10 8
2 8 1 9 1 7 6 1 6 7
9 1 9 9 1 3 7 3 2 3
3 2 1 4 8 5 6 2 9 10
2 7 2 1 9 5 1 7 2 9
5 2 6 1 5 5 2 4 1 1
8 3 3 1 4 1 7 9 5 10
1 7 3 4 4 5 4 8 5 10
10 10 10 9 5 8 2 8 5 4
4 5 8 4 5 9 9 1 7 10
7 4 10 4 7 9 3 4 1 7
3 3 3 8 2 8 3 9 9 6
8 8 1 6 5 10 10 4 10 2
8 2 10 2 5 2 4 8 5 3
2 1 4 10 8 1 4 5 4 9
10 1 8 8 4 4 5 7 10 5
1 4 2 7 1 7 6 9 10 8
7 6 4 3 6 4 4 5 1 4
2 9 8 5 6 6 10 6 8 2
1 1 4 7 8 6 6 6 2 7
2 9 7 1 10 8 3 2 7 7
1 8 10 1 1 5 2 8 5 2
10 10 7 9 2 8 8 5 3 8
3 10 2 6 6 2 5 5 10 8
9 7 10 1 3 2 8 7 9 5
3 7 7 8 1 4 3 5 3 6
9 2 1 1 10 6 7 2 6 1
6 7 3 8 7 9 5 5 10 5
10 2 6 5 8 4 1 3 5 1
5 3 1 4 7 3 2 9 9 6
2 6 6 8 4 2 8 3 10 7
1 4 9 9 7 2 7 8 1 4
8 6 5 10 7 3 2 2 4 4
10 2 7 5 6 5 10 4 4 2
7 6 4 1 2 8 3 7 8 8
10 4 9 1 6 5 7 4 2 6
3 2 8 2 2 5 6 5 9 3
2 7 1 10 6 9 9 8 4 6
3 5 6 2 10 2 4 8 3 1
8 3 6 4 3 4 5 10 8 8
