n 50
m 10
cap 50
Processing
92 59 95 15 36 48 28 42 73 22
78 74 59 72 19 82 20 37 70 53
38 37 68 19 85 95 99 46 59 100
71 30 13 24 7 15 19 4 94 46
73 7 15 91 34 1 67 37 79 98
75 54 96 43 73 51 71 41 44 73
15 43 82 10 8 49 85 85 5 21
30 67 40 35 7 95 89 94 39 4
53 63 1 72 52 20 1 41 98 27
2 82 30 60 13 30 87 68 22 5
98 11 16 42 37 58 9 45 61 66
52 82 24 20 86 4 77 81 61 14
27 90 2 24 89 77 67 36 17 83
29 4 27 28 29 88 22 11 53 39
85 1 95 12 39 41 58 2 29 74
8 70 53 50 81 53 79 41 59 13
11 72 10 92 74 21 9 75 26 23
57 91 91 91 47 73 68 50 70 22
37 5 91 77 98 1 9 30 43 94
87 21 76 78 4 76 61 25 37 77
40 3 100 76 94 62 74 85 30 18
96 67 24 9 93 5 40 67 11 73
51 15 30 91 13 55 59 25 50 75
78 36 65 40 55 89 73 70 71 70
53 25 34 89 33 82 88 23 76 39
76 66 70 70 70 33 56 27 52 38
76 61 21 5 5 77 18 20 30 76
42 26 60 67 16 11 86 75 17 45
66 40 15 27 1 99 1 8 60 98
39 39 79 71 7 50 11 62 83 58
45 46 82 33 54 73 4 27 24 10
2 37 61 15 29 58 36 82 42 86
42 72 18 17 71 6 94 44 6 100
7 34 52 31 23 91 72 65 60 45
63 14 4 39 15 41 61 77 64 30
3 69 78 6 60 92 21 38 69 18
41 82 32 64 57 75 16 91 52 70
74 50 29 19 49 59 72 8 47 78
65 16 75 35 26 58 17 24 81 37
29 59 63 21 68 54 13 50 85 9
30 62 25 15 46 46 56 12 13 75
63 73 43 44 24 59 71 37 53 37
44 23 69 54 37 40 63 99 88 65
18 19 17 24 18 70 100 84 2 74
32 47 74 8 39 64 55 9 77 88
80 77 36 72 34 85 82 74 65 90
90 53 41 76 45 22 15 12 5 90
93 39 90 30 90 26 88 43 38 17
14 2 24 72 34 27 7 82 15 16
5 92 84 49 21 90 6 88 22 94
Size
6 4 3 2 7 2 4 3 1 2
5 3 7 1 2 7 6 10 4 6
7 2 9 9 2 5 4 9 2 8
3 9 7 7 5 8 5 7 3 6
9 10 4 1 3 1 6 10 2 5
9 8 1 2 4 3 2 7 3 1
5 6 2 2 9 6 3 10 1 4
5 5 8 3 3 9 4 7 10 2
9 7 6 1 7 10 9 7 5 1
2 2 1 4 2 9 4 6 7 10
7 5 5 3 1 5 4 9 2 1
10 7 9 9 4 9 2 4 2 10
5 10 2 9 6 5 10 2 9 6
1 3 6 1 7 2 6 2 4 7
2 9 8 9 6 10 5 10 6 4
7 4 9 4 9 4 8 1 2 8
9 3 2 4 3 10 2 8 3 3
10 5 6 4 5 7 7 7 8 8
5 1 5 2 5 9 9 3 9 4
5 3 7 9 5 9 1 7 6 3
9 3 10 10 10 8 3 6 6 1
2 8 2 6 8 4 4 6 10 1
9 8 5 4 7 3 10 4 6 7
7 8 8 8 5 10 4 9 10 4
4 9 7 3 1 2 1 1 2 2
6 6 7 4 10 4 3 10 7 3
8 3 9 2 8 1 1 3 10 9
9 7 10 3 1 9 1 5 4 4
10 7 4 6 3 4 1 10 6 7
3 4 6 10 8 4 2 9 10 2
8 5 6 5 5 6 1 3 3 5
6 3 9 5 5 6 9 7 2 8
5 9 4 2 2 10 1 7 10 10
1 3 7 7 7 3 2 9 4 4
4 10 9 10 2 4 7 4 7 1
6 4 5 10 7 7 9 1 2 6
3 2 1 8 6 6 8 7 7 1
4 6 7 10 8 10 3 2 10 1
3 3 2 2 9 6 4 8 2 4
7 4 4 8 9 7 5 6 9 1
5 10 4 8 9 8 3 5 8 4
4 8 10 10 2 2 2 7 4 8
6 3 10 1 2 7 2 7 2 8
6 9 10 10 2 1 4 1 1 7
7 2 6 7 6 9 3 9 1 5
8 10 8 3 6 8 2 5 4 6
1 2 9 3 1 6 7 2 3 2
5 1 1 6 10 6 8 10 5 7
8 3 5 6 9 5 6 7 5 1
5 3 3 1 8 3 8 8 9 8
