n 50
m 10
cap 50
Processing
11 9 58 74 41 77 35 41 85 80
24 67 32 2 59 92 44 85 68 30
99 73 25 5 74 54 71 24 1 2
72 32 63 8 32 62 14 42 91 98
73 8 92 7 84 46 77 94 59 86
41 95 81 72 90 39 30 6 71 54
44 67 81 49 71 5 13 94 78 84
71 33 71 3 15 17 36 42 49 84
19 51 14 66 1 30 74 19 97 41
26 74 43 89 2 49 64 43 100 96
53 71 65 85 49 42 83 83 51 1
45 68 4 81 64 12 47 52 65 11
92 100 91 18 21 2 7 5 77 70
65 27 41 1 27 50 98 65 12 1
40 63 25 78 90 5 49 98 46 65
26 51 34 97 24 35 60 9 37 72
53 53 4 79 58 51 41 17 33 24
54 92 12 41 88 66 61 17 72 43
40 66 67 30 69 49 74 20 21 49
95 75 82 64 77 8 9 48 54 6
52 15 55 46 25 69 11 19 7 58
95 72 60 27 34 80 62 46 78 53
13 4 53 32 97 66 54 65 46 96
4 30 20 51 43 17 50 33 31 61
26 90 29 52 66 40 62 59 57 77
95 26 3 53 37 49 74 89 42 42
95 15 3 28 11 4 67 51 87 92
28 15 100 39 13 52 45 43 51 75
88 35 24 68 23 32 30 75 68 73
64 28 55 40 77 44 92 7 64 64
83 37 99 49 50 2 62 48 53 30
90 32 84 38 44 54 55 96 25 26
92 50 43 62 5 88 70 25 26 41
10 76 25 94 72 55 43 41 63 50
100 95 2 45 32 73 31 6 57 67
20 78 41 55 1 89 25 29 70 90
35 17 12 35 27 75 36 2 30 2
83 2 71 70 4 69 84 26 60 29
16 15 40 5 80 3 14 100 96 73
98 79 37 81 96 39 14 65 23 75
56 96 35 44 9 62 13 52 53 33
9 33 47 67 4 12 19 55 27 38
51 95 63 42 48 16 89 89 50 40
5 22 45 87 64 8 38 15 19 32
69 51 73 2 33 2 70 36 23 68
14 84 27 44 2 59 81 70 88 9
63 16 65 67 91 54 61 75 60 67
52 7 72 60 45 99 32 82 64 20
34 87 44 43 32 59 41 42 72 49
28 24 5 18 32 64 66 62 22 13
Size
5 9 4 3 1 8 8 7 6 10
10 5 8 2 3 9 5 10 3 5
4 5 6 6 10 9 4 3 6 4
10 5 2 4 7 7 4 10 4 4
1 8 3 9 6 1 3 8 2 9
4 10 3 2 2 5 5 1 5 9
4 6 8 4 8 10 4 10 1 2
9 7 8 9 5 2 6 3 1 9
2 3 1 10 9 9 8 10 5 3
6 7 10 10 9 5 2 1 7 2
1 1 1 2 7 9 8 1 6 1
7 3 9 3 6 1 5 9 6 8
10 4 6 7 5 2 6 6 4 1
9 9 2 4 3 3 7 9 5 5
3 10 8 2 7 8 4 3 10 8
2 1 10 6 3 3 7 3 1 3
1 4 9 2 1 7 1 1 1 6
2 7 4 3 6 4 4 6 10 8
2 3 7 8 4 2 2 3 10 8
3 1 1 4 7 2 2 2 8 3
2 5 6 2 2 5 1 4 6 7
10 8 1 10 4 2 3 7 2 5
5 10 10 7 4 7 2 7 2 6
2 1 4 1 5 6 9 7 1 2
10 7 3 4 7 6 3 7 7 1
5 1 8 4 8 7 9 7 4 5
4 10 10 3 5 4 1 4 5 8
8 6 7 10 3 3 8 1 5 1
1 10 5 7 9 3 6 8 3 7
2 6 9 6 1 3 10 2 9 7
10 5 2 6 8 7 7 3 10 6
2 2 6 10 7 8 1 3 5 8
9 10 5 3 10 1 8 9 1 4
9 8 5 9 1 1 9 9 2 3
6 2 3 2 8 5 3 1 6 7
2 2 6 5 5 8 7 10 3 4
3 5 7 10 9 7 5 8 9 1
3 6 2 10 9 6 7 5 7 5
9 1 4 6 3 3 1 9 8 8
10 10 6 4 10 3 2 4 2 9
7 3 4 9 7 7 2 3 4 2
8 2 3 7 10 4 5 6 7 6
10 4 7 4 2 1 2 7 6 5
4 8 7 10 5 8 1 8 5 4
6 4 3 3 6 6 9 8 5 5
9 1 2 5 7 6 9 6 5 7
4 3 4 3 9 7 5 7 10 1
9 1 10 3 5 3 2 10 5 1
8 3 3 5 8 1 2 7 5 6
9 4 1 5 7 7 9 1 9 5
