n 50
m 10
cap 50
Processing
54 60 48 49 50 99 54 92 62 12
65 77 21 79 77 60 87 59 39 89
50 35 22 38 3 73 27 88 43 18
18 70 82 1 10 23 47 30 87 15
52 35 15 10 48 90 78 20 55 8
57 6 14 14 25 60 84 52 12 95
22 38 13 92 44 87 44 12 2 91
31 40 79 13 81 15 68 100 69 85
73 40 99 48 91 89 28 75 86 49
45 67 46 93 35 44 49 46 35 82
6 5 35 60 65 12 21 60 23 15
73 75 71 63 65 82 81 67 27 44
74 64 50 51 28 26 22 30 63 91
96 5 26 22 11 31 83 88 44 18
92 5 42 77 83 12 48 40 10 24
5 90 32 35 78 22 31 37 10 12
56 15 1 71 9 92 16 39 80 90
5 21 37 97 68 18 38 2 91 2
35 44 82 38 73 21 24 75 66 81
72 76 89 91 27 88 60 22 96 56
37 21 76 43 23 11 57 91 56 59
98 42 73 27 71 60 42 63 30 34
76 42 94 79 98 55 58 14 40 90
71 53 61 47 95 87 98 1 47 35
25 51 99 60 39 64 62 16 15 28
75 30 89 72 6 28 55 92 36 84
67 26 21 91 20 65 65 96 90 51
95 52 81 63 52 60 25 61 92 98
36 98 42 22 62 65 84 78 59 78
98 55 42 50 50 36 52 33 16 25
51 35 38 62 57 100 36 9 16 28
64 15 43 92 75 49 43 63 84 14
41 59 67 93 29 78 36 48 44 59
50 15 26 29 66 37 29 2 68 27
93 30 37 34 92 70 77 71 25 66
98 41 90 96 80 88 41 69 29 88
40 10 6 90 54 56 86 91 75 2
48 23 8 10 88 18 18 3 92 91
47 46 15 29 29 76 47 19 21 67
37 57 22 32 24 21 80 47 38 12
94 81 65 29 22 79 85 28 74 47
16 14 20 24 69 81 59 85 4 15
44 22 41 11 99 47 97 100 45 77
23 57 80 89 4 48 95 98 100 87
37 34 70 51 83 59 38 31 40 5
85 97 37 99 68 3 35 71 65 70
91 37 95 77 83 67 14 46 64 42
100 94 25 62 39 48 70 50 49 10
58 61 10 67 78 69 87 28 57 84
34 95 89 5 78 47 24 24 96 38
Size
10 5 1 8 7 2 1 2 7 5
10 8 9 9 9 9 5 10 6 8
5 3 9 3 8 8 7 10 5 5
7 6 7 9 2 1 5 4 7 9
3 2 10 8 8 2 1 7 3 7
10 10 4 3 3 5 10 4 6 6
3 2 7 10 10 7 10 8 2 6
5 10 9 1 7 5 1 3 1 4
5 6 5 9 3 7 5 4 4 5
4 1 5 1 10 8 4 8 7 1
2 8 9 1 10 7 5 5 5 6
2 3 3 5 7 2 9 5 5 7
9 4 10 1 5 1 3 4 10 1
1 3 7 2 5 2 1 1 1 4
7 9 3 5 9 1 8 8 4 7
10 4 4 2 6 5 4 5 1 9
10 9 5 5 9 8 8 4 8 3
7 5 4 7 3 6 3 7 5 3
9 2 1 3 1 3 8 4 1 7
2 6 5 10 10 1 1 9 1 6
2 4 6 6 10 1 8 10 5 2
3 5 1 2 5 10 3 10 10 1
8 3 2 10 7 6 3 5 8 1
10 3 5 7 7 4 5 7 9 10
6 6 4 1 8 8 8 5 10 5
1 3 8 10 1 6 9 10 2 8
4 8 6 8 4 8 6 4 4 3
7 7 4 6 5 4 7 9 7 2
10 3 5 9 10 5 2 6 8 3
4 3 8 5 2 10 6 8 1 10
10 8 5 5 7 4 6 10 4 3
4 5 9 8 4 4 6 7 2 3
2 2 6 4 10 9 9 9 7 3
8 5 10 6 8 6 1 8 6 10
2 2 8 3 6 1 2 2 10 5
9 4 2 2 6 2 2 7 4 3
6 8 4 6 2 5 5 10 4 7
3 5 5 2 5 5 1 5 4 10
10 6 8 4 3 8 1 10 5 3
1 2 5 3 9 7 8 1 10 8
5 2 7 1 9 4 8 1 8 6
7 6 8 4 6 1 4 8 9 1
1 5 9 4 4 9 4 7 6 7
10 2 4 9 2 9 9 10 10 9
4 9 10 4 10 4 2 9 2 6
9 5 3 10 2 3 5 3 3 3
5 4 9 7 10 3 2 1 9 1
3 1 1 9 1 5 3 6 3 4
7 2 4 7 8 8 4 5 4 3
3 10 4 1 8 2 9 1 5 10
