n 50
m 10
cap 50
Processing
72 37 86 1 59 30 65 66 97 30
72 7 22 77 1 26 30 1 27 93
46 89 69 6 2 43 65 93 57 75
100 81 54 88 25 56 5 50 7 60
71 51 82 60 50 40 75 3 51 35
60 31 36 67 61 2 40 71 44 64
75 77 32 26 92 99 96 53 18 88
76 95 80 32 32 80 36 82 49 77
64 68 55 40 4 77 64 80 96 51
69 43 88 73 95 93 23 38 15 19
72 82 44 15 18 48 29 80 86 48
44 11 76 41 33 46 21 9 90 95
91 98 60 22 58 96 26 93 2 2
10 26 47 4 71 28 30 93 39 16
94 21 33 15 84 63 53 66 15 97
5 50 14 44 61 94 81 16 60 80
51 61 53 83 52 82 57 55 26 74
61 78 44 31 28 42 62 92 64 14
95 40 85 43 45 56 98 99 74 61
16 74 43 65 62 79 12 15 83 87
54 30 6 66 47 28 82 35 30 24
37 78 16 15 78 11 66 88 11 16
50 62 58 10 7 74 37 97 28 52
96 18 3 95 86 2 71 69 50 10
67 16 34 37 90 59 13 44 44 88
82 4 27 26 82 74 75 55 70 70
71 69 90 39 48 37 17 19 58 43
26 72 59 44 80 21 74 3 19 3
18 92 85 46 57 83 7 20 22 15
23 48 38 49 38 82 48 21 58 92
56 78 20 69 25 27 93 5 69 1
28 24 78 81 91 93 66 57 4 48
8 28 5 47 82 72 78 68 73 18
10 57 42 47 45 64 20 21 45 81
47 49 31 34 12 71 49 3 15 100
35 32 14 99 100 46 39 81 78 1
2 23 41 79 51 29 79 75 64 49
32 82 25 22 37 77 16 17 23 20
6 78 62 65 16 71 80 48 81 61
25 58 100 50 100 12 30 7 34 70
74 97 43 26 45 35 36 2 57 70
88 79 81 1 35 99 78 70 25 63
94 93 15 19 68 17 88 66 64 13
36 66 100 53 24 61 29 18 9 88
82 95 72 59 13 58 37 89 17 10
56 50 90 91 33 16 58 91 28 33
61 83 75 2 52 88 29 52 67 20
90 77 92 12 63 57 93 55 17 11
6 75 86 85 58 68 97 27 68 37
61 48 62 23 36 75 45 91 63 52
Size
4 8 5 5 7 7 4 1 9 9
8 1 6 9 6 1 5 1 1 2
6 6 10 2 4 1 7 6 4 10
7 6 9 9 3 4 5 6 8 8
7 4 10 6 1 4 1 7 8 7
1 5 10 8 1 2 6 3 7 4
6 2 6 1 3 7 8 3 10 5
10 1 5 10 1 6 1 7 6 1
6 5 4 8 10 10 9 1 4 6
6 2 9 3 4 2 7 8 7 7
2 10 5 8 10 2 4 9 6 3
2 5 8 7 1 10 1 10 1 3
2 2 1 5 1 9 10 3 8 6
2 4 10 6 6 6 8 9 5 3
4 1 4 10 8 2 2 2 6 2
3 7 2 1 9 4 6 10 5 2
4 7 6 6 2 4 9 9 4 3
4 6 3 6 8 8 6 2 8 10
9 7 4 5 6 2 4 3 9 8
4 1 2 4 1 8 4 8 6 9
1 2 8 10 2 6 7 9 10 7
7 6 3 8 5 6 9 4 5 3
2 10 4 10 9 7 4 7 5 9
5 6 6 6 9 3 8 3 1 10
10 5 2 1 8 2 1 6 10 7
9 10 10 1 10 5 8 10 8 7
7 1 4 7 1 4 5 4 3 5
6 9 8 8 5 1 8 10 10 5
3 2 9 8 7 5 1 2 2 5
5 5 5 3 4 8 7 9 8 8
3 2 5 9 1 8 2 7 3 10
3 6 7 6 2 2 2 7 9 6
10 5 10 7 4 4 3 9 5 6
1 7 3 9 7 2 3 3 8 6
4 6 1 7 2 4 3 4 7 5
2 4 1 9 5 5 5 1 5 9
9 10 10 9 2 4 8 2 4 5
1 3 9 8 2 2 1 4 1 6
3 7 1 4 10 8 3 9 6 7
1 8 9 5 3 5 8 8 10 2
5 2 3 10 6 8 9 7 4 6
8 8 9 8 10 3 10 2 6 2
2 2 10 5 6 3 10 7 2 3
5 2 2 9 3 6 5 7 7 6
1 2 4 4 7 1 5 10 10 7
8 6 7 6 1 4 10 3 5 2
4 2 6 5 2 5 4 1 10 8
2 9 1 10 2 9 6 7 9 6
4 4 8 3 10 7 3 2 4 7
9 10 5 7 6 3 1 1 1 3
