n 50
m 10
cap 50
Processing
30 71 97 32 6 82 62 58 33 73
36 43 78 69 55 28 40 5 21 85
4 36 100 62 19 26 14 10 97 99
68 62 33 8 41 8 96 9 58 11
61 54 44 71 3 33 3 9 68 75
80 25 33 77 83 96 75 10 1 46
97 14 44 71 55 71 96 7 82 95
5 28 35 83 36 72 79 97 20 49
14 83 72 94 66 89 1 42 54 32
68 64 1 38 8 1 92 21 22 95
56 8 53 57 2 23 70 94 20 98
83 14 95 94 26 35 90 29 95 80
49 100 100 38 92 85 85 67 72 63
49 94 3 64 52 33 59 69 25 32
1 98 66 37 37 96 63 18 39 10
17 63 75 54 19 80 55 12 11 77
64 83 90 42 73 73 69 61 49 54
14 97 97 30 86 30 54 86 85 30
100 13 90 75 61 51 61 32 60 92
77 87 85 93 22 93 20 65 40 46
89 32 73 28 76 56 96 14 17 89
7 55 31 12 13 86 97 70 77 60
22 5 55 17 17 91 4 100 37 3
43 64 90 58 57 27 24 94 6 49
79 18 57 56 32 63 69 99 2 23
92 73 72 63 64 40 37 5 96 20
80 50 39 56 31 84 80 53 32 20
68 35 30 68 86 87 48 19 52 78
52 66 57 41 24 97 46 41 28 81
97 74 51 34 95 23 94 29 49 60
98 56 13 8 37 68 20 5 49 85
3 7 67 95 91 14 8 84 86 25
34 36 19 8 43 61 37 22 12 71
64 67 27 98 9 81 22 27 91 11
15 94 7 17 6 19 23 19 42 98
100 100 11 76 70 67 91 98 19 13
88 21 1 47 4 38 54 12 76 56
43 30 86 11 16 7 73 64 85 5
19 59 73 62 66 7 74 65 71 55
10 80 81 65 34 35 100 94 39 88
91 2 1 49 24 6 71 57 52 43
77 85 27 89 21 83 14 76 37 19
89 97 33 89 91 47 67 28 74 70
74 85 25 97 7 48 54 44 29 46
98 84 38 55 46 38 74 65 92 42
27 78 83 58 3 61 33 49 23 32
87 92 89 54 34 91 51 73 18 19
95 67 35 24 2 24 40 9 80 19
47 29 41 81 89 29 58 66 16 75
14 20 31 30 43 74 54 19 10 84
Size
6 8 2 3 4 3 9 7 7 1
3 8 3 5 10 10 9 2 8 9
1 5 9 6 10 6 4 5 1 7
4 1 7 10 5 6 8 2 2 5
6 9 8 9 2 4 10 8 3 7
2 8 3 4 8 5 6 9 4 8
9 9 8 2 3 9 3 6 6 10
9 8 2 10 3 9 6 5 10 8
3 5 5 8 7 9 10 2 10 1
4 2 6 4 8 7 8 9 6 7
5 3 5 7 9 6 7 8 3 8
5 3 6 7 7 10 4 4 1 8
10 8 1 10 6 9 6 6 4 6
3 8 6 9 7 2 5 7 9 2
1 7 4 3 9 6 10 4 6 8
9 5 7 10 6 9 7 3 8 2
3 10 2 9 1 6 1 8 1 10
8 7 4 3 4 5 10 1 10 2
2 2 5 6 8 3 10 4 10 10
9 5 10 9 1 1 7 8 5 10
9 6 6 6 10 6 3 10 1 4
10 2 8 9 7 8 2 5 7 10
9 7 1 1 4 8 4 7 6 5
10 7 7 6 3 8 4 7 4 1
1 5 7 1 9 6 10 9 10 5
10 1 4 2 1 5 9 8 8 7
3 9 8 5 10 8 7 2 7 10
4 9 4 4 10 4 2 3 7 6
2 4 7 7 1 7 6 10 8 1
10 10 1 7 8 7 4 4 10 8
5 6 4 1 6 10 6 8 9 9
5 5 10 7 10 2 9 6 3 2
3 2 9 4 10 8 7 10 4 8
4 7 8 7 7 1 4 1 9 6
4 2 5 2 1 7 7 5 1 9
9 6 5 10 6 10 10 3 3 8
3 8 5 2 4 2 4 4 5 3
5 10 1 5 5 6 7 8 9 7
5 2 10 7 4 10 7 5 1 4
6 1 3 4 4 6 1 1 4 1
2 8 4 3 3 3 3 5 7 3
7 9 4 1 3 6 4 8 3 8
6 4 7 10 1 9 3 3 7 1
6 9 3 7 8 3 2 2 10 2
3 7 7 9 7 5 3 3 6 4
6 8 8 9 2 4 6 6 5 4
8 5 1 10 9 10 2 2 6 9
9 10 10 5 5 10 1 8 10 5
1 9 3 8 2 5 3 8 1 5
6 7 1 7 7 10 4 8 2 8
