n 50
m 10
cap 50
Processing
35 100 95 65 20 88 12 91 38 70
65 93 2 4 20 88 32 65 42 92
99 60 40 21 47 13 97 34 89 37
61 52 9 17 44 90 46 44 62 56
23 33 4 21 29 55 91 39 55 79
18 68 30 18 26 89 67 77 84 30
31 39 32 49 97 30 12 62 77 57
20 13 38 67 22 21 59 90 95 41
83 41 34 69 85 39 47 26 45 5
15 24 57 80 98 86 66 7 60 74
74 87 21 4 55 64 50 81 36 99
78 62 87 81 23 43 36 55 82 36
44 9 16 1 89 61 66 61 21 39
33 1 49 9 22 99 50 39 64 78
5 46 43 7 94 93 39 80 21 38
93 58 5 97 39 69 93 98 98 48
100 72 28 42 68 45 93 85 74 8
69 72 73 98 44 15 70 98 38 30
78 59 82 83 38 90 97 27 56 21
99 6 77 26 97 77 57 96 75 96
75 66 40 85 78 15 28 91 2 64
59 25 74 16 2 92 54 28 56 99
68 85 33 86 11 98 26 75 85 87
33 97 6 13 94 91 10 13 76 91
64 32 9 19 27 39 28 53 30 15
1 53 94 53 26 28 78 54 17 30
2 42 42 33 25 72 6 92 34 47
57 5 77 65 41 46 82 61 74 15
79 48 100 73 52 96 58 44 42 40
37 27 27 41 85 12 92 6 43 86
72 69 97 6 81 54 70 92 90 13
62 21 9 95 22 85 70 43 17 78
12 19 50 43 37 71 96 3 56 40
12 81 50 95 2 84 43 70 30 20
90 28 2 40 34 59 85 19 99 82
51 34 35 98 43 17 36 41 21 50
61 96 32 13 8 33 94 100 67 68
78 53 99 34 5 77 31 70 83 56
58 99 23 35 97 28 38 13 85 56
67 46 89 41 58 21 77 25 86 14
40 5 63 58 75 18 2 36 83 38
14 22 37 74 14 89 1 23 12 10
52 94 35 10 27 7 11 60 95 18
13 27 11 18 73 51 73 27 41 76
18 26 3 40 47 74 13 57 12 19
61 100 80 98 48 19 95 16 53 34
64 66 94 45 63 19 88 73 10 78
75 63 70 17 71 59 3 63 79 38
38 89 44 35 13 22 23 62 95 5
86 47 83 5 40 70 86 69 88 16
Size
5 3 6 7 1 4 5 7 8 8
5 4 10 7 8 6 3 4 6 2
3 7 4 10 1 6 7 6 1 2
10 6 1 8 8 1 3 7 2 5
10 10 3 7 2 9 5 4 7 8
10 5 1 2 5 5 1 6 4 3
6 2 10 5 7 10 2 10 5 5
1 9 6 5 6 6 8 8 5 7
4 2 7 7 5 6 9 7 3 7
5 4 4 4 8 8 7 5 10 8
10 1 6 6 3 9 1 8 3 5
10 9 8 5 6 8 3 2 6 7
5 3 1 2 2 9 2 3 9 7
9 8 8 6 8 8 4 1 8 1
10 2 1 2 7 7 3 1 2 2
7 5 4 2 10 2 1 5 9 10
8 2 6 2 5 6 10 2 2 8
5 7 10 1 7 5 5 10 10 3
5 3 2 3 8 8 2 10 10 3
4 10 10 4 2 4 1 7 1 8
8 6 5 2 1 5 10 3 2 3
3 5 5 2 6 10 4 9 1 8
1 4 2 4 1 4 1 2 8 6
4 5 4 6 6 5 9 4 3 9
4 2 10 2 10 2 9 3 2 7
3 9 4 9 7 5 7 7 9 6
5 9 6 3 4 5 6 5 2 10
5 2 7 4 9 8 6 9 3 7
10 7 5 2 6 1 2 4 4 6
4 1 1 9 8 2 8 9 7 10
8 10 5 7 8 5 5 2 5 3
8 1 1 1 1 9 3 1 8 6
9 8 2 10 10 7 9 5 2 1
4 2 4 10 2 9 5 5 7 10
7 7 9 2 9 1 5 2 6 4
1 9 10 9 7 5 1 9 8 10
10 4 8 2 6 10 9 2 9 5
5 3 5 5 5 6 6 3 1 10
2 2 5 3 9 10 5 9 8 9
2 1 3 9 2 2 5 8 3 3
4 5 6 7 5 6 3 7 1 10
3 1 4 10 7 6 8 2 3 9
8 7 2 7 2 3 8 5 9 2
10 4 10 6 4 1 5 9 1 8
10 5 8 8 7 8 8 10 2 4
8 10 4 5 5 6 8 2 10 2
9 1 5 10 9 10 6 5 7 1
2 7 8 3 9 5 5 5 3 4
8 9 4 8 7 1 7 7 5 7
3 5 2 7 8 3 8 6 8 6
