n 50
m 10
cap 50
Processing
33 59 91 78 25 64 58 28 14 40
14 64 78 26 82 36 87 9 61 100
59 3 24 41 90 5 37 25 25 28
84 30 35 22 45 15 34 4 37 25
55 63 8 90 69 84 92 64 93 81
73 54 53 17 59 16 53 54 23 32
14 53 42 3 55 87 89 19 54 41
96 2 55 24 36 62 52 87 48 50
82 45 61 41 11 26 48 2 87 62
64 61 50 49 15 16 83 91 20 25
88 28 22 16 18 15 65 33 54 52
62 15 91 25 15 25 25 79 38 54
77 20 51 84 55 37 2 75 39 28
10 62 47 90 70 8 96 75 80 90
91 95 97 23 77 58 48 39 73 83
100 7 68 86 31 83 84 9 24 12
57 61 38 45 6 93 82 90 48 78
83 57 92 39 84 12 81 96 42 29
99 70 12 23 34 74 77 65 55 54
5 72 48 61 23 70 94 95 39 94
24 30 3 67 32 66 7 59 10 61
86 99 84 96 34 14 45 58 6 76
78 3 38 14 66 71 14 57 72 67
2 60 8 70 98 46 70 77 10 16
36 7 12 57 45 1 74 4 57 74
77 94 46 15 90 33 26 58 100 80
37 75 86 47 88 66 16 63 2 2
25 77 8 37 31 12 67 80 40 12
54 97 83 26 2 6 55 45 68 7
32 43 73 82 56 66 78 25 24 48
59 16 5 36 92 62 12 71 43 42
20 19 32 62 34 4 80 36 82 19
26 41 100 83 83 70 65 83 96 67
76 76 43 8 57 81 10 91 64 46
58 93 86 61 63 18 26 77 75 5
82 68 92 60 19 76 84 100 79 16
28 14 43 65 15 74 15 28 29 61
5 79 25 89 63 66 77 88 2 87
48 99 24 56 96 5 67 93 77 64
65 25 39 31 25 56 88 49 64 47
94 22 56 48 1 81 30 6 21 46
10 48 72 72 13 81 11 95 79 5
79 98 45 48 46 87 53 64 21 75
67 74 19 35 39 43 78 80 38 71
31 41 31 58 80 6 26 85 97 43
24 78 95 87 100 88 36 6 17 1
16 89 41 75 15 28 51 28 25 42
40 82 72 26 96 16 81 65 5 59
31 62 19 15 62 35 75 82 24 6
81 92 37 69 69 90 38 29 73 1
Size
2 1 1 2 3 3 8 10 2 2
9 10 5 1 2 9 5 4 9 5
10 1 7 6 2 8 6 7 3 6
7 1 3 2 3 9 10 2 4 2
5 4 9 3 6 6 3 6 9 7
1 4 5 6 2 9 1 1 7 6
4 4 1 1 2 8 6 7 4 7
6 5 8 9 1 1 8 7 6 2
6 3 4 6 6 5 6 1 1 5
6 3 8 3 9 2 3 5 8 5
1 8 3 9 8 10 2 6 9 4
4 7 2 1 9 7 4 6 8 9
4 7 8 8 3 4 3 8 1 1
7 5 3 8 10 10 4 3 10 1
7 4 1 5 8 9 3 10 6 2
9 8 7 2 6 6 5 2 3 6
1 3 8 10 6 10 7 4 5 1
10 9 5 8 6 5 7 3 8 10
9 3 5 8 4 10 1 3 1 1
10 1 6 7 10 9 1 5 3 10
2 8 6 1 2 8 1 3 2 4
6 4 3 8 6 9 9 6 9 10
6 10 10 1 7 4 6 5 9 3
9 5 9 9 2 7 2 3 4 3
5 8 4 1 1 10 7 3 6 4
9 9 4 5 3 1 1 2 9 10
8 8 2 7 5 6 7 6 10 2
3 6 10 7 7 3 9 2 9 8
5 2 8 7 10 10 5 5 3 4
10 3 7 1 4 2 6 2 8 6
1 9 1 7 7 6 8 10 1 6
4 1 5 3 6 2 6 4 9 3
8 6 3 7 6 1 7 7 7 9
6 7 4 4 4 7 3 2 1 6
3 6 6 3 2 4 5 6 10 4
3 6 6 7 4 1 10 7 6 1
8 8 7 5 8 2 8 9 3 7
9 8 7 4 4 4 3 3 6 7
3 3 8 2 9 8 8 2 10 3
6 9 6 1 4 2 9 7 7 3
9 1 10 3 7 1 2 5 4 4
9 8 5 5 3 8 2 9 3 8
6 2 7 3 2 5 3 6 4 6
4 8 2 5 3 5 6 9 7 9
5 3 9 6 5 2 2 3 6 5
5 10 10 3 5 3 10 10 3 6
4 1 4 4 2 1 2 5 9 9
9 6 5 1 5 5 6 10 4 6
6 3 5 8 4 3 4 5 1 3
6 9 6 8 2 10 2 9 2 10
