n 50
m 10
cap 50
Processing
31 54 1 23 88 47 68 51 99 38
79 42 98 70 83 95 85 65 8 59
25 16 10 13 11 38 27 20 89 73
87 12 17 77 4 76 21 39 27 10
23 81 83 70 78 39 14 20 100 20
76 91 1 90 78 89 31 56 18 93
18 80 45 31 52 47 50 55 76 29
57 86 39 65 67 87 81 15 20 88
36 82 82 63 84 33 41 15 45 20
9 39 44 72 91 83 36 18 69 69
93 37 91 97 95 45 38 11 30 32
3 96 66 72 63 51 38 65 74 88
89 67 48 99 93 37 9 24 39 3
85 77 38 45 13 59 61 44 3 4
51 49 68 68 73 82 80 43 8 44
86 50 98 17 97 44 93 59 93 75
48 70 61 35 75 5 40 22 17 38
38 84 76 22 2 75 79 38 3 97
69 18 18 54 55 67 19 19 27 83
81 96 60 51 28 34 83 30 79 38
2 78 44 6 63 35 90 78 14 74
100 43 19 43 31 49 82 51 84 35
40 50 31 62 2 40 16 82 43 75
10 26 64 67 66 31 72 61 53 75
12 72 25 1 83 18 82 86 70 58
86 39 88 14 36 66 67 41 79 88
8 5 45 61 65 57 44 66 46 51
6 72 14 25 97 49 66 65 61 60
49 71 87 74 72 36 42 54 88 86
23 27 50 82 99 84 42 30 57 25
8 2 9 88 23 34 30 86 48 31
8 42 42 45 79 61 18 85 70 26
26 6 8 71 27 46 34 35 58 27
75 76 92 15 26 15 18 78 51 23
91 35 75 69 55 52 4 100 75 11
29 10 20 25 27 81 27 4 30 87
19 85 83 95 35 70 53 80 96 48
27 7 55 36 25 72 80 29 85 99
16 52 72 74 3 90 84 89 27 82
94 84 64 69 69 32 79 68 83 51
71 81 19 65 93 35 43 35 13 6
83 59 22 66 86 1 14 32 80 43
55 68 83 37 57 29 31 73 71 3
62 55 18 34 8 59 90 71 24 67
31 35 68 20 79 16 62 81 21 84
46 65 60 89 9 98 16 22 60 97
82 25 43 57 70 6 97 2 42 82
60 87 44 91 3 46 43 41 3 29
62 70 43 70 36 49 31 24 35 34
88 94 59 67 96 33 80 96 64 90
Size
8 5 8 2 1 8 7 4 7 10
3 9 10 9 8 5 5 10 2 10
2 10 6 10 2 6 3 1 10 2
6 3 6 4 8 6 3 6 10 5
8 4 8 2 6 10 3 10 7 9
3 8 8 4 10 8 5 5 8 5
5 3 3 4 6 1 7 3 10 8
10 7 3 1 4 1 10 1 5 4
8 1 10 10 1 2 5 8 6 2
6 5 7 3 1 7 2 4 8 8
2 1 3 10 4 3 8 2 7 6
9 8 2 4 4 5 8 2 7 8
7 5 1 5 6 9 6 6 6 7
3 10 4 5 4 6 4 6 6 7
10 8 5 4 6 8 10 9 3 7
5 5 3 9 2 8 9 4 6 4
7 3 2 10 7 2 9 1 9 6
2 4 6 10 4 5 1 5 8 1
3 6 9 3 9 7 3 1 9 2
7 7 2 1 6 10 10 10 3 1
1 1 2 2 5 3 7 2 8 8
7 7 8 1 9 10 9 7 6 5
7 4 8 5 9 9 5 4 6 4
4 10 5 6 6 6 8 3 7 1
4 6 1 9 3 7 6 7 6 3
5 6 4 5 4 3 6 6 3 8
5 10 5 6 1 3 3 5 2 8
5 8 4 5 8 9 1 9 5 4
3 4 5 6 6 6 2 6 6 8
6 8 3 7 9 7 6 4 2 4
4 8 2 3 7 1 10 7 3 1
3 8 1 8 3 7 3 3 9 8
1 9 2 6 7 5 6 4 2 5
6 7 8 4 3 4 1 9 7 5
9 9 10 3 8 3 7 4 3 9
2 2 4 1 7 8 2 7 7 3
10 6 5 3 7 10 3 4 1 10
1 7 9 5 3 9 10 8 10 5
9 10 7 10 8 6 1 8 10 5
4 3 5 5 3 1 6 10 1 3
8 7 9 3 8 8 3 10 2 10
3 4 2 7 9 1 5 2 8 5
10 5 2 5 10 6 9 6 2 7
9 1 2 9 9 1 1 7 4 9
7 7 9 1 1 5 9 8 9 2
3 4 2 3 3 8 3 3 10 8
2 7 4 9 8 9 6 2 8 6
10 5 1 6 2 7 3 1 2 5
7 6 7 1 10 1 9 3 3 5
8 6 8 8 9 7 5 3 1 9
