n 50
m 10
cap 50
Processing
88 51 48 69 26 42 8 60 12 65
91 7 19 60 14 24 47 7 49 68
90 64 13 14 84 3 61 20 68 71
2 41 20 53 20 20 5 29 75 8
70 75 100 63 26 96 12 100 22 87
33 1 42 55 57 77 60 82 35 58
54 76 1 53 19 74 15 71 88 3
42 79 20 8 23 21 61 27 56 17
89 24 82 30 49 27 86 31 14 33
88 11 23 4 73 77 85 92 85 86
84 30 86 4 14 16 46 19 19 66
53 29 72 43 25 96 70 6 59 76
88 1 71 88 92 24 33 24 40 68
92 40 96 57 31 61 39 79 24 7
13 20 100 88 15 31 62 71 15 47
6 56 80 93 49 22 60 23 85 73
19 69 41 17 81 61 57 67 100 20
27 90 61 51 31 6 19 12 9 50
58 71 34 18 1 89 66 76 88 17
38 95 90 22 51 82 49 87 13 3
56 1 61 58 30 12 40 45 13 60
82 87 39 17 10 9 78 2 69 72
34 39 34 42 79 6 99 80 19 98
52 15 80 89 85 58 29 96 97 8
70 60 89 76 68 48 20 87 44 68
37 12 76 3 19 50 4 75 31 80
35 36 46 96 75 96 30 85 97 17
56 33 8 76 94 43 11 43 16 49
84 78 78 36 57 32 67 73 53 22
30 68 37 48 2 45 93 50 98 10
18 67 35 5 49 48 48 57 29 99
18 46 39 72 19 71 26 18 46 88
5 53 56 75 99 47 28 62 16 43
39 53 27 81 22 38 6 54 66 59
53 46 70 13 92 77 60 79 6 90
43 25 7 44 32 83 2 91 89 22
45 25 17 79 58 72 37 2 55 67
64 95 60 78 15 79 61 68 91 50
64 85 4 59 22 14 45 9 90 20
39 84 19 68 3 98 78 85 45 70
45 56 48 60 26 5 59 20 75 39
19 50 71 90 91 29 17 15 72 83
34 61 69 57 1 87 8 25 10 38
98 3 24 59 20 27 16 86 47 17
57 40 32 6 44 48 28 86 56 24
17 79 94 67 35 46 34 82 16 44
10 69 59 16 34 72 61 13 91 52
39 52 71 94 23 87 7 19 1 79
13 36 10 38 95 74 68 13 1 29
76 40 20 2 81 36 58 63 42 22
Size
8 4 10 5 8 2 5 1 5 2
4 6 5 2 4 6 2 3 8 7
7 4 9 6 2 7 7 1 7 1
7 5 10 9 7 2 2 4 7 7
1 10 10 2 7 9 5 4 4 7
1 3 5 1 7 4 1 5 6 8
3 4 10 8 9 1 3 5 8 2
5 4 4 4 5 1 3 4 10 1
4 2 1 6 10 10 3 1 9 2
4 2 1 1 4 6 6 8 8 5
3 2 7 10 9 8 5 4 9 8
1 3 9 3 8 8 9 1 7 1
9 4 2 6 10 10 2 6 5 3
7 9 9 10 2 9 9 2 3 4
6 5 9 8 10 10 1 5 3 8
5 2 10 4 7 3 8 4 3 6
1 4 1 7 9 1 3 4 7 9
10 5 2 2 9 9 1 8 6 8
2 5 6 8 7 3 3 8 6 6
1 1 10 1 4 2 10 3 8 1
9 6 3 2 10 10 9 9 3 4
1 9 10 6 4 5 10 9 4 5
9 1 3 3 10 1 1 4 6 9
2 6 2 3 9 9 10 2 6 9
4 2 2 7 6 9 8 2 4 4
10 9 5 10 5 7 6 2 5 4
1 7 2 1 3 6 9 10 3 4
6 3 6 3 1 10 10 9 10 10
1 8 4 1 9 7 10 10 9 3
2 5 9 10 2 10 1 8 1 6
2 7 10 8 3 9 5 8 6 6
10 4 3 3 5 10 6 5 8 7
5 10 9 9 10 2 9 8 1 8
7 8 7 4 7 3 4 1 9 7
10 1 5 4 7 10 6 9 3 5
6 3 8 1 8 6 10 4 8 3
1 6 10 10 1 8 7 4 5 4
1 5 10 8 6 2 2 6 4 2
3 5 5 1 7 9 4 8 10 10
7 3 9 2 6 8 6 7 6 10
2 2 8 7 6 5 2 8 3 7
9 7 7 10 1 2 9 10 7 1
7 2 2 4 7 8 1 4 8 8
8 6 6 7 1 7 2 9 9 3
6 10 3 7 7 9 9 3 1 7
1 7 8 8 8 5 2 3 9 8
8 10 5 10 8 6 7 4 8 9
2 1 7 8 8 3 8 9 1 10
8 8 2 3 8 3 3 1 1 5
2 6 2 3 8 6 8 7 4 1
