n 100
m 2
cap 10
Processing
13 21
30 16
67 12
23 42
23 97
79 71
15 7
28 33
59 79
7 66
89 5
88 75
69 3
53 9
13 34
92 36
96 21
27 93
100 66
86 32
35 72
34 42
52 14
56 16
57 48
100 64
26 19
12 9
41 6
41 62
41 53
45 50
26 59
68 100
16 32
94 28
75 54
42 28
11 43
99 70
79 76
14 88
25 24
52 42
88 87
64 9
89 49
33 87
66 11
15 63
27 1
92 94
9 63
42 47
89 22
80 52
34 47
9 16
57 76
82 93
76 86
58 28
13 91
15 35
1 57
66 97
61 54
85 8
56 19
33 3
98 48
8 34
60 84
92 88
80 10
88 54
55 13
49 82
18 94
50 63
49 30
98 16
77 38
26 20
93 16
10 67
36 7
94 50
53 87
73 21
87 24
55 47
47 51
96 30
55 98
33 39
53 21
11 61
75 42
47 24
Size
9 6
6 9
7 9
7 10
9 2
1 3
4 5
5 6
3 4
4 7
1 6
1 2
5 5
3 3
8 9
3 5
4 4
3 4
10 7
6 10
10 4
8 7
4 3
7 5
5 3
9 8
6 3
7 1
6 3
5 9
1 8
5 6
5 9
5 7
1 5
1 7
1 4
5 7
1 6
2 7
6 9
2 3
2 10
5 5
3 3
6 3
10 3
7 6
6 10
6 5
9 7
1 4
9 7
10 4
1 1
10 5
6 9
2 2
5 8
4 1
5 5
2 7
2 5
2 9
3 9
4 7
8 2
5 8
2 6
7 1
1 10
8 5
7 2
6 5
10 8
2 1
6 2
4 3
6 2
3 5
2 1
2 10
5 2
6 6
8 5
7 3
1 7
10 10
1 6
1 9
5 7
8 6
4 2
7 7
2 4
1 10
1 6
5 2
1 9
7 5
