n 100
m 2
cap 10
Processing
48 67
39 23
40 33
51 57
83 74
99 15
98 66
100 33
7 47
11 6
75 56
79 18
94 62
60 78
19 16
66 26
49 5
55 1
76 71
88 10
13 81
79 72
27 23
41 53
23 5
4 39
100 29
6 54
91 89
31 93
92 17
98 79
10 11
71 93
49 3
13 100
74 48
84 70
73 5
99 61
48 83
15 59
52 35
90 48
5 64
73 92
85 36
59 50
62 9
85 65
2 16
36 81
58 9
5 78
14 69
18 13
47 81
71 100
4 34
60 40
97 29
49 6
21 57
67 86
2 70
47 46
93 94
13 37
73 53
41 45
83 45
60 39
77 33
5 27
5 81
92 90
20 43
28 45
11 62
57 26
80 53
53 61
50 29
65 60
69 37
53 70
6 44
37 49
55 47
39 3
63 37
2 74
86 49
9 25
57 65
85 64
7 88
93 9
2 72
21 76
Size
1 9
1 1
6 9
1 1
10 3
4 4
4 8
2 9
10 2
9 5
10 4
8 8
6 3
10 9
1 6
8 1
6 8
9 5
5 6
2 1
9 2
6 10
1 10
10 7
8 7
2 5
6 1
9 3
1 3
4 7
10 4
6 3
6 3
3 5
8 10
8 3
3 9
2 2
9 3
7 5
5 6
3 6
5 2
6 9
7 6
9 5
3 4
8 7
4 3
10 6
9 3
1 2
9 5
7 4
7 2
9 2
1 1
8 1
6 7
4 10
8 5
2 7
10 10
6 8
8 7
5 9
7 3
9 9
2 9
7 8
8 1
4 9
7 10
10 10
9 6
6 8
3 7
5 8
10 8
7 4
8 7
1 4
1 3
4 4
5 2
4 6
9 2
8 3
1 9
7 7
6 8
5 9
2 3
4 7
6 1
10 1
4 1
8 2
3 5
3 4
