n 100
m 2
cap 10
Processing
91 75
75 23
75 34
79 91
89 55
100 25
29 18
11 21
34 54
25 25
66 47
14 69
85 5
80 6
88 38
17 15
35 63
16 45
21 20
23 62
38 1
48 32
49 36
5 55
74 95
43 44
77 76
78 5
86 22
10 65
84 55
60 16
13 17
80 87
96 64
3 41
62 39
55 97
13 15
44 13
1 54
49 11
55 38
43 71
9 48
6 15
63 88
54 4
27 17
90 93
24 55
79 100
9 86
86 85
13 56
92 96
11 5
91 11
16 41
88 29
52 13
80 12
26 44
14 100
12 38
8 38
99 88
71 66
19 23
46 11
35 77
9 38
76 16
40 27
11 49
81 72
45 52
26 19
41 25
96 30
89 14
49 19
44 19
30 55
86 86
29 38
55 20
93 94
26 6
48 47
100 99
67 23
1 88
54 35
85 86
45 27
73 27
54 11
71 56
95 45
Size
7 10
7 10
3 9
5 4
10 8
9 6
1 9
9 6
3 4
2 10
4 8
9 6
5 5
7 3
5 10
5 9
6 3
3 4
8 3
6 1
9 2
8 3
3 9
3 2
6 7
3 6
8 8
4 10
10 3
5 5
2 5
9 2
1 7
10 4
1 3
8 4
8 7
10 2
6 4
9 8
3 6
1 6
8 5
1 7
6 7
6 3
3 1
1 7
8 1
4 7
9 6
7 4
6 8
7 8
8 4
2 1
5 9
9 3
8 2
4 5
9 9
2 5
6 3
2 3
4 5
7 10
1 9
3 10
4 7
6 3
6 2
1 7
9 4
8 9
9 6
3 10
10 9
6 8
4 2
2 2
4 10
8 9
6 5
3 4
9 1
1 4
2 4
9 3
7 2
6 3
2 9
7 8
4 3
3 6
1 5
2 3
2 8
3 9
3 7
9 2
