n 100
m 2
cap 10
Processing
10 35
37 82
23 84
67 45
91 36
81 34
82 92
48 43
77 13
39 55
1 96
61 58
76 60
10 78
22 9
50 97
100 32
7 68
7 52
70 12
50 25
33 41
33 44
50 98
1 88
30 83
82 89
48 24
45 33
84 66
25 41
12 58
30 65
95 33
87 94
80 76
80 70
12 59
22 53
35 22
95 55
37 68
38 17
98 88
39 7
51 97
100 23
39 14
98 81
86 37
74 22
61 2
18 4
28 3
82 71
80 80
98 78
58 81
3 91
42 15
70 61
22 20
41 98
73 4
23 31
78 97
86 73
96 91
18 85
54 23
20 33
7 60
6 65
14 63
77 6
32 98
87 32
30 79
14 52
86 42
25 50
12 5
37 63
72 90
83 3
27 60
83 47
34 93
90 44
76 79
77 70
79 13
34 33
5 82
37 3
31 9
97 26
6 55
26 66
9 29
Size
8 3
4 4
10 2
9 1
2 2
2 10
1 4
2 6
5 8
3 10
7 5
6 10
6 5
6 7
2 8
2 10
7 1
8 7
7 1
7 9
8 6
10 1
7 9
10 6
7 8
3 5
1 4
3 1
4 10
6 4
2 1
7 7
6 2
2 7
1 2
4 5
2 3
1 5
7 5
4 5
4 4
10 1
8 6
10 3
6 2
10 5
6 5
1 8
3 6
4 9
10 4
3 5
2 3
2 3
10 2
1 7
10 3
4 8
7 4
9 2
2 1
3 9
8 2
7 9
6 7
8 4
2 6
6 7
9 1
6 8
1 2
5 1
4 7
2 1
5 10
3 10
7 8
8 4
6 5
9 1
5 1
7 4
10 6
10 1
7 1
4 10
9 7
10 4
7 5
1 9
7 3
1 10
5 6
7 1
4 5
8 4
10 2
6 3
7 7
8 5
