n 100
m 2
cap 10
Processing
34 11
68 25
34 61
14 29
40 61
81 2
52 75
99 19
33 76
98 73
33 10
94 81
13 57
91 34
48 90
66 88
35 70
89 21
38 92
84 61
59 45
26 87
32 25
45 30
41 23
92 5
8 100
19 34
52 72
27 88
77 45
90 5
15 81
84 53
29 5
66 3
45 90
18 92
20 67
94 25
37 61
100 10
26 31
87 65
83 53
95 97
60 53
60 99
42 22
10 37
45 48
77 4
5 53
20 6
9 6
60 38
59 26
4 75
43 92
54 9
43 17
37 28
30 12
10 60
94 94
94 44
80 75
27 43
16 72
99 47
99 10
99 42
27 6
73 70
74 99
67 91
28 36
13 96
99 84
43 26
99 86
75 66
59 78
50 30
93 3
71 90
77 47
63 47
23 12
30 8
92 34
58 1
3 92
73 17
6 23
13 100
3 34
39 98
7 6
23 95
Size
1 5
7 3
5 8
9 2
7 3
1 4
4 6
7 9
6 9
6 9
7 8
10 2
3 3
1 1
1 7
5 9
1 10
7 1
6 8
10 8
8 6
5 1
7 10
7 10
5 5
3 9
4 7
3 3
9 6
4 3
4 8
5 5
5 6
7 10
2 10
3 1
10 10
2 6
4 3
4 9
3 1
4 3
2 5
10 4
10 10
2 2
7 9
10 10
7 8
6 9
1 6
5 2
1 4
4 1
10 3
8 10
6 1
2 8
2 9
3 7
9 10
5 5
3 1
10 1
10 5
4 5
3 8
6 3
7 1
4 3
9 4
4 8
5 1
3 5
5 1
7 3
3 1
5 4
2 2
3 10
5 9
3 7
8 3
6 4
9 1
4 3
10 1
7 5
6 9
5 4
8 4
10 2
1 10
4 3
6 2
8 4
1 1
3 7
1 10
6 1
