n 100
m 2
cap 10
Processing
64 3
84 54
51 31
13 72
46 34
44 50
56 64
29 10
32 21
18 25
65 8
73 61
85 91
90 23
56 6
26 8
71 57
16 40
40 15
50 89
59 26
13 37
1 2
54 41
94 52
25 99
17 40
86 54
28 39
94 51
38 45
69 58
69 68
61 8
39 79
48 47
75 12
63 5
45 85
61 68
23 87
27 16
61 85
43 98
38 51
44 21
2 6
24 6
65 42
93 11
70 65
66 95
77 59
25 74
75 72
23 77
42 86
58 4
23 92
41 46
70 7
61 78
86 25
96 36
7 95
34 62
99 20
21 12
66 76
68 10
45 83
27 53
11 48
73 83
40 50
41 47
52 89
83 94
25 55
53 40
92 98
67 90
99 29
47 24
47 37
94 93
40 62
55 35
33 72
18 18
57 3
31 16
64 27
96 5
57 55
48 47
70 82
98 96
89 87
94 59
Size
8 2
5 10
3 5
10 9
4 10
2 2
8 7
9 5
6 5
5 4
5 10
3 9
1 10
3 5
6 3
5 7
3 4
2 2
4 6
6 1
10 3
10 9
4 3
5 1
9 1
7 7
3 9
2 6
7 1
10 8
6 6
8 10
5 6
4 7
3 8
4 10
8 6
10 5
9 6
2 6
2 5
6 8
5 5
6 5
6 1
2 7
9 1
3 3
8 8
1 10
2 1
8 9
7 10
3 8
3 10
8 1
2 2
7 4
3 7
9 10
4 2
3 6
3 5
3 5
2 9
8 9
7 8
8 5
7 1
8 5
7 10
5 9
3 10
7 2
10 8
2 1
4 10
9 7
10 2
7 2
9 1
8 9
9 1
8 7
5 4
10 1
6 6
10 6
2 8
5 9
6 6
6 9
9 2
10 9
3 3
10 7
4 7
8 5
1 1
8 1
