n 100
m 2
cap 10
Processing
63 37
11 96
11 82
59 87
93 58
59 80
5 47
17 94
4 24
18 96
83 61
83 53
86 42
89 47
81 79
70 18
29 75
51 81
55 74
20 60
17 98
86 6
87 70
5 63
63 68
25 9
71 94
44 55
23 15
21 48
57 73
97 50
30 78
100 15
84 55
95 63
58 47
50 75
45 9
67 26
34 45
54 98
84 21
16 16
99 100
58 84
11 85
7 18
38 44
78 73
60 44
7 46
52 66
94 21
11 14
29 18
62 27
27 34
34 68
30 89
91 32
89 95
81 99
16 15
84 56
64 7
65 25
72 14
56 60
84 61
13 38
6 85
29 66
67 6
1 48
68 32
20 51
90 7
19 63
25 49
90 24
42 12
30 17
23 32
42 20
57 45
18 25
45 59
94 67
50 61
85 68
79 65
9 26
46 69
30 26
25 67
66 42
54 42
98 22
9 28
Size
4 5
2 6
9 10
7 4
3 5
3 6
1 8
3 7
9 6
10 3
3 10
1 9
2 4
6 5
8 7
5 9
10 8
7 7
6 5
6 5
4 8
4 3
2 7
3 3
10 3
4 1
6 2
5 6
3 7
8 8
4 4
5 9
10 9
10 2
1 2
2 4
4 4
10 3
8 2
8 3
3 10
7 8
7 10
3 3
8 8
1 3
6 2
4 2
1 7
9 9
2 5
8 3
6 5
2 6
3 6
8 3
10 5
1 7
6 5
4 7
1 2
9 6
9 2
10 7
8 2
8 1
6 4
5 2
5 10
2 4
4 2
8 1
6 9
2 7
5 5
7 2
6 7
1 5
10 1
3 9
7 2
9 1
1 4
6 4
6 8
3 10
1 8
8 8
4 5
9 3
10 4
6 8
5 10
4 7
1 6
3 10
2 2
1 7
2 7
8 4
