n 100
m 2
cap 10
Processing
63 77
38 15
71 31
85 67
78 86
19 11
69 64
89 9
60 86
73 37
89 8
90 67
53 89
27 39
67 31
54 45
14 78
10 89
52 3
63 24
81 68
33 6
22 5
39 77
29 84
1 53
65 16
69 72
31 8
44 16
31 52
2 20
2 88
52 28
2 92
18 19
99 29
97 88
36 96
74 4
60 18
55 65
15 85
67 10
49 82
36 84
45 49
45 16
44 49
82 4
99 83
55 75
36 20
10 24
17 61
6 85
46 85
30 38
56 58
41 71
51 62
4 58
21 87
65 44
98 83
63 73
46 90
9 93
56 31
94 23
57 36
68 39
63 7
90 23
91 44
57 79
6 46
53 65
4 26
63 17
27 83
77 43
47 98
61 9
50 52
19 42
98 23
15 77
96 22
95 52
67 92
52 62
56 43
34 98
82 99
91 58
82 21
55 12
14 81
19 88
Size
1 1
6 9
9 4
6 7
7 10
4 10
4 4
5 5
2 5
4 1
9 4
9 2
10 4
5 2
8 10
6 4
3 1
8 3
3 9
8 5
4 1
3 2
4 8
6 4
2 8
7 8
4 3
3 10
9 1
1 6
8 6
3 8
6 2
7 4
8 8
2 7
1 2
9 10
3 10
2 6
6 4
7 6
3 2
1 2
7 8
2 8
10 7
10 10
4 9
4 5
2 9
10 4
8 10
3 7
7 10
2 7
9 6
8 7
4 1
4 9
3 7
5 9
1 10
4 5
7 1
4 4
8 7
6 7
4 2
5 8
7 2
8 5
10 1
3 10
9 8
5 1
7 10
2 7
1 4
1 6
6 5
6 6
6 7
1 9
9 9
2 3
4 9
9 6
1 5
9 2
5 10
10 7
4 8
4 1
9 5
7 3
5 5
6 9
10 2
10 6
