n 100
m 2
cap 10
Processing
61 37
70 80
79 47
65 45
38 69
31 49
57 15
46 52
50 59
14 53
46 84
99 31
17 75
54 2
62 96
20 2
63 18
56 66
64 39
88 63
30 70
84 56
67 14
5 79
35 63
70 61
50 17
44 33
44 87
88 96
63 59
49 96
16 50
71 52
59 92
53 54
74 48
45 54
51 54
37 5
29 28
25 22
41 15
33 50
47 62
85 76
52 76
6 56
48 38
6 51
92 5
29 47
17 47
17 88
60 52
19 43
86 51
88 4
35 53
50 46
74 80
90 26
100 96
79 90
69 15
16 6
15 49
78 70
68 69
54 1
86 51
47 24
46 82
45 77
20 83
92 43
19 90
52 93
93 14
9 18
85 30
90 47
9 62
11 79
65 36
71 93
57 76
59 74
33 98
46 43
43 3
58 83
21 61
86 36
88 60
82 46
3 48
100 12
94 96
26 82
Size
8 4
4 5
4 5
3 7
2 3
6 8
3 2
8 5
5 2
4 5
4 6
5 5
5 7
3 1
1 1
2 3
10 5
3 9
10 9
8 3
8 1
9 3
9 4
9 9
10 2
1 1
6 7
5 5
9 10
6 5
1 6
6 2
3 2
3 1
6 7
8 5
10 10
3 1
5 7
8 1
3 2
2 3
6 2
7 1
10 7
10 7
9 10
6 3
9 4
3 1
4 9
8 1
5 7
4 3
6 6
6 7
3 5
10 4
10 2
5 4
5 10
4 1
1 2
3 5
2 6
4 3
5 4
1 4
4 10
8 2
5 1
9 4
5 10
2 3
4 1
9 4
10 3
8 6
1 1
9 6
5 7
8 3
7 8
1 2
3 5
6 10
1 1
2 1
3 6
2 5
3 3
3 6
8 2
9 2
6 4
8 1
9 6
5 7
1 1
10 6
