n 100
m 2
cap 10
Processing
86 9
28 80
94 81
37 84
81 85
58 73
11 88
39 41
75 19
19 70
54 44
50 5
34 58
83 3
58 28
25 62
100 27
99 55
65 45
82 2
98 83
66 12
7 47
42 61
9 29
81 23
18 25
92 76
43 51
24 22
99 43
12 16
100 10
91 21
41 13
48 16
83 9
14 57
28 25
62 96
36 79
91 20
15 25
22 92
70 4
98 82
97 32
93 29
94 10
13 83
78 38
42 51
48 9
1 99
25 41
60 80
26 23
25 16
68 98
3 26
96 5
21 7
25 18
51 91
31 37
98 24
33 63
21 56
55 86
56 16
92 31
39 12
69 62
78 48
8 2
56 42
44 68
58 38
27 72
59 4
92 44
27 23
4 38
70 14
81 81
66 2
2 86
24 21
21 10
44 6
52 35
58 18
25 18
50 47
51 70
71 85
4 67
24 76
100 51
17 48
Size
8 8
3 6
1 1
9 2
9 7
5 5
7 10
5 10
10 1
3 5
3 8
7 5
5 3
6 8
1 1
6 7
4 2
9 2
10 7
1 2
5 3
10 9
4 4
6 7
9 6
2 8
1 7
3 2
3 2
6 10
1 5
7 5
9 10
6 4
5 1
3 5
10 7
5 2
9 10
6 2
6 1
3 1
9 9
10 4
4 9
2 3
10 5
4 3
9 5
6 5
3 9
7 7
9 6
5 6
6 2
9 4
1 7
6 4
5 7
3 8
7 5
8 3
1 2
4 7
6 2
2 5
7 6
1 10
8 3
3 1
10 3
8 10
9 7
9 8
7 7
9 2
6 3
2 9
4 8
7 10
10 2
8 9
9 3
8 1
4 8
4 7
8 10
9 7
6 6
1 6
2 10
5 10
4 1
6 7
5 10
2 6
6 1
8 10
1 4
4 3
