n 100
m 2
cap 20
Processing
74 76
69 11
47 38
15 29
18 63
88 12
5 33
19 68
24 11
41 39
63 1
32 12
70 63
51 40
65 80
94 6
66 63
56 87
100 70
87 86
61 36
87 65
27 45
76 30
3 26
17 72
28 47
31 16
51 98
86 80
44 1
45 27
82 72
19 81
86 71
77 38
63 39
36 64
13 81
32 2
86 39
65 29
65 96
51 62
85 78
100 29
74 9
89 38
76 13
64 84
98 2
8 12
16 17
20 72
29 89
59 6
58 5
2 35
32 48
21 18
69 85
83 86
70 88
28 12
87 74
96 45
71 53
22 73
52 53
14 1
53 79
28 34
92 97
61 33
10 85
73 34
84 60
46 56
67 94
57 4
62 92
69 18
78 7
27 34
48 2
34 32
46 73
45 4
78 28
93 86
21 76
9 45
54 26
8 6
22 23
46 48
94 39
13 43
98 53
59 83
Size
1 10
8 7
10 5
5 4
1 8
1 7
4 9
9 10
3 7
9 1
8 5
2 9
5 10
8 8
1 8
3 3
9 9
8 9
1 7
4 9
7 10
2 3
1 4
9 5
4 9
7 6
6 6
4 3
2 6
4 9
4 5
1 5
7 6
10 6
5 5
2 6
8 7
9 2
6 10
4 3
9 3
8 8
4 2
4 4
5 1
6 4
9 6
5 7
4 1
2 1
4 2
3 2
8 8
3 4
4 6
9 6
9 9
3 10
9 2
5 1
8 10
9 4
3 9
2 9
7 5
9 7
9 4
1 5
3 7
2 7
2 1
5 2
9 8
4 10
5 2
4 1
1 3
3 3
9 8
1 10
2 10
5 7
5 7
1 2
1 10
4 9
9 9
7 7
2 7
1 9
4 3
7 4
2 10
5 10
1 5
6 8
7 2
2 10
1 10
9 1
