n 100
m 2
cap 20
Processing
86 25
44 35
58 78
90 35
40 43
83 1
98 2
40 29
11 17
48 49
19 72
73 18
98 6
44 41
21 36
75 22
78 94
15 22
28 26
49 29
90 54
54 78
28 47
63 32
76 26
86 36
96 66
77 46
23 61
96 5
63 81
46 52
33 67
68 75
26 52
24 83
41 14
49 35
47 98
89 81
8 3
65 4
50 45
37 97
86 24
41 68
49 68
77 67
72 83
92 58
68 3
80 52
78 15
80 95
45 85
78 77
25 84
16 94
90 32
66 91
54 65
98 81
82 10
49 50
19 44
41 26
20 99
17 7
1 51
51 7
28 72
29 31
55 14
60 21
39 22
3 50
81 100
93 77
18 77
59 62
81 27
24 23
48 85
44 33
34 92
80 12
100 30
67 26
33 64
3 72
84 58
52 17
8 50
5 21
94 67
74 61
26 87
53 24
69 92
34 1
Size
6 7
1 4
10 3
2 2
4 10
6 2
5 8
2 5
10 7
6 9
1 10
10 3
7 5
5 8
10 6
10 8
4 6
4 1
3 3
5 9
5 2
3 1
5 2
10 10
10 10
4 8
8 1
9 4
5 5
2 4
9 5
7 7
1 5
6 1
5 1
9 3
6 9
7 1
3 3
8 2
3 6
6 9
5 3
3 5
1 5
3 4
10 9
4 2
7 9
3 6
6 7
7 6
1 9
2 2
6 6
1 6
10 8
4 8
5 6
7 8
10 7
7 4
6 1
2 7
5 2
5 5
6 1
1 2
10 10
10 3
9 4
5 2
2 3
7 3
10 2
10 6
4 9
3 5
3 1
1 10
6 9
1 3
4 2
6 5
7 1
8 2
2 6
5 3
10 8
8 1
3 8
10 2
2 2
9 10
4 7
10 9
9 5
9 5
7 9
6 6
