n 100
m 2
cap 20
Processing
63 4
27 14
1 33
9 97
40 23
28 41
51 91
22 28
48 31
62 36
98 14
30 80
13 45
62 97
39 79
6 91
62 29
41 16
73 33
35 49
53 96
29 94
96 84
65 84
56 24
64 62
29 51
95 26
20 51
16 43
48 89
50 75
35 31
3 60
27 42
7 29
7 85
65 72
30 8
40 61
24 93
39 19
34 93
62 79
30 71
41 31
9 94
79 61
12 33
20 66
82 45
41 57
17 5
50 65
2 76
38 80
15 46
84 98
33 70
76 90
79 40
57 32
17 92
49 26
95 66
3 45
18 13
32 13
27 59
11 79
16 77
15 30
54 42
44 40
48 64
77 36
94 20
22 50
48 17
98 9
42 72
72 49
68 48
34 1
51 44
47 92
30 36
43 84
93 98
86 89
85 1
63 59
1 23
83 89
36 63
64 31
67 35
66 42
5 80
31 19
Size
4 3
1 1
10 7
7 4
9 6
2 6
3 6
5 9
5 7
2 7
6 3
7 1
1 2
9 3
9 3
6 1
4 10
2 9
3 10
5 6
7 7
10 2
4 1
7 1
9 5
3 9
3 1
8 7
6 5
6 10
8 2
6 5
4 1
5 10
7 6
1 6
1 5
5 7
2 7
8 1
1 4
3 1
3 1
1 1
10 7
9 9
10 6
10 6
9 2
7 9
7 4
8 4
10 2
3 8
1 6
9 9
2 4
8 4
7 7
3 7
1 8
9 5
3 4
1 6
6 3
10 1
4 8
9 5
3 10
5 8
9 7
9 3
9 5
8 1
6 10
9 3
9 9
7 3
10 7
6 5
10 4
4 3
9 7
8 6
4 8
5 2
7 6
10 9
9 3
7 4
2 3
7 2
3 3
2 2
5 1
2 2
1 6
10 7
8 2
4 5
