n 100
m 2
cap 20
Processing
15 87
99 39
89 58
83 12
4 64
30 8
89 66
46 27
100 84
80 23
14 71
85 65
52 59
43 20
78 8
73 95
27 4
42 21
43 81
48 13
44 39
92 49
37 11
76 74
37 22
76 46
22 3
55 31
47 14
17 95
57 26
59 45
89 77
8 32
72 30
37 86
13 21
14 29
59 36
39 42
17 54
4 51
10 4
47 28
53 75
65 14
87 76
54 5
96 95
8 62
75 9
88 58
15 41
67 30
79 79
53 77
36 10
100 22
32 34
11 23
21 16
65 84
52 24
24 44
44 54
46 17
88 10
81 27
23 70
37 48
46 98
2 65
3 37
86 87
86 15
49 41
72 19
63 4
17 63
32 44
9 67
48 24
26 24
88 62
26 58
23 39
22 45
91 41
25 86
20 97
82 79
49 88
50 29
45 62
80 56
5 89
60 20
63 32
21 68
73 26
Size
9 1
9 6
6 6
9 6
3 10
6 1
7 5
4 3
8 4
2 3
9 1
1 9
10 10
10 10
8 10
4 8
9 4
10 2
4 1
7 5
8 5
2 1
2 6
2 7
2 3
7 5
7 8
2 8
5 6
7 6
9 2
2 7
3 9
7 7
2 5
2 8
10 2
7 4
3 7
9 6
8 3
4 7
6 5
2 8
5 7
3 5
5 8
9 8
7 9
8 4
2 2
1 4
5 9
4 3
2 4
10 7
1 8
10 3
4 9
9 1
1 1
2 5
6 8
8 7
3 6
2 7
1 8
1 7
1 8
6 1
8 4
4 5
10 3
6 10
2 9
10 3
9 1
9 9
10 9
2 1
8 5
9 6
10 2
8 5
3 2
9 9
4 1
7 2
1 7
6 9
4 10
8 1
1 5
8 8
2 2
8 9
2 6
2 8
5 4
4 3
