n 100
m 2
cap 20
Processing
7 2
8 44
45 42
72 49
81 63
98 68
95 92
5 18
66 22
45 69
19 93
69 46
68 54
92 84
45 50
55 57
35 90
76 27
59 7
100 3
20 13
78 35
61 68
31 100
98 46
56 86
18 51
64 94
25 10
94 82
95 8
46 28
81 93
10 24
66 77
40 51
66 84
31 29
45 6
86 36
89 28
20 19
15 17
51 4
65 99
8 1
72 1
67 92
90 20
58 8
70 93
53 24
10 94
21 47
88 80
34 11
48 2
89 61
53 56
12 68
46 93
19 68
26 49
98 93
26 6
16 73
97 18
43 96
26 43
77 2
87 51
93 23
12 43
41 89
71 66
54 26
22 92
6 74
12 66
41 54
92 97
24 28
97 95
39 38
40 31
59 45
63 100
34 78
42 91
24 89
76 36
64 100
30 29
1 99
21 1
100 64
26 61
8 81
71 38
59 19
Size
2 3
10 7
2 4
3 9
8 1
10 7
10 6
10 8
9 2
5 4
4 4
6 7
6 7
5 8
1 2
9 8
10 2
9 1
6 3
1 9
8 6
3 6
4 7
5 6
4 5
7 3
8 7
9 10
10 8
7 1
3 9
2 5
1 3
3 1
8 7
5 1
10 10
9 4
4 5
8 8
4 5
6 8
10 6
7 5
1 5
4 4
9 3
10 8
10 2
10 7
9 8
4 3
3 5
4 2
7 4
4 10
8 7
1 4
7 2
8 5
9 2
3 3
7 5
6 3
2 1
1 1
1 1
1 9
2 2
5 5
1 10
8 1
5 2
3 1
2 4
2 4
7 9
6 5
9 2
5 1
6 2
6 2
1 6
3 3
10 5
1 4
3 3
4 10
1 9
8 2
3 6
2 4
8 10
10 6
4 5
5 3
2 6
5 8
7 1
3 9
