n 100
m 2
cap 20
Processing
6 62
6 94
76 4
22 72
29 11
16 30
49 62
30 74
24 15
85 72
22 52
89 56
55 37
10 38
63 56
29 26
91 41
1 43
33 51
21 68
41 88
100 34
56 82
67 20
88 87
81 55
79 18
25 10
53 17
30 79
66 32
36 95
39 58
75 41
17 98
63 100
27 59
17 62
1 85
13 85
96 99
75 47
93 42
38 24
22 82
15 75
71 28
62 37
90 13
94 27
66 11
30 22
6 59
33 15
1 100
11 63
48 8
35 62
8 51
54 8
39 60
12 4
32 24
32 77
68 1
18 71
33 3
98 54
78 96
11 78
99 36
12 56
52 67
59 40
78 63
84 18
17 68
8 89
86 40
40 93
70 68
32 83
40 49
83 51
16 35
76 66
3 95
70 75
12 62
75 81
23 23
47 5
35 5
66 13
78 89
40 100
54 37
81 55
52 77
14 41
Size
5 1
9 3
5 5
5 4
1 1
1 4
8 4
8 4
3 9
1 2
1 10
2 8
4 2
8 7
8 10
1 5
10 1
2 1
4 5
3 4
9 10
7 4
7 9
1 6
8 2
9 8
4 2
2 8
2 8
4 2
8 9
7 10
2 3
3 10
1 7
7 8
6 4
2 1
5 7
4 9
4 8
6 6
8 3
8 8
3 6
5 5
1 6
4 6
9 5
9 10
9 10
8 3
9 2
4 1
2 7
1 9
8 6
7 4
3 4
6 9
5 6
4 7
6 7
3 6
8 10
4 3
2 10
7 10
10 1
6 10
3 1
6 10
3 4
7 2
7 2
10 4
7 10
4 5
6 9
5 6
7 4
1 5
10 2
5 8
3 4
3 5
4 2
2 10
2 3
2 4
5 1
8 2
7 4
10 2
1 6
5 4
1 6
9 7
9 8
10 8
