n 100
m 2
cap 20
Processing
76 98
73 40
85 66
36 2
71 81
16 16
49 80
14 93
73 52
34 55
38 65
7 63
59 47
31 53
18 42
95 89
70 84
44 39
65 32
91 96
46 20
48 5
56 86
6 74
55 67
88 38
57 69
9 38
31 15
72 86
90 51
77 48
51 22
54 95
57 48
58 80
38 50
53 46
67 93
78 60
49 43
74 59
67 71
68 86
26 23
27 61
29 62
24 45
49 83
32 67
4 40
35 95
12 32
97 37
93 29
17 14
62 61
84 77
50 46
73 4
20 42
51 3
81 72
73 71
54 74
12 96
98 95
89 97
95 1
7 18
21 28
35 61
83 26
92 69
47 99
62 14
28 46
67 31
20 83
97 89
55 73
17 4
3 76
15 93
50 2
58 75
19 74
99 25
100 4
89 54
18 17
33 53
73 6
90 68
41 13
16 13
77 81
15 47
16 12
83 91
Size
2 9
5 5
4 4
9 2
3 2
4 8
6 9
8 2
5 10
5 10
1 8
6 2
4 2
6 3
6 4
8 7
9 4
8 4
7 6
6 8
1 3
5 1
9 4
4 3
1 1
5 10
10 3
7 3
4 8
2 8
1 9
10 10
1 2
7 8
7 6
6 7
4 4
9 6
5 6
7 10
3 7
6 5
6 6
10 5
1 3
1 2
1 3
9 9
4 3
9 8
4 4
8 7
3 7
6 1
8 1
4 3
2 2
8 1
5 4
4 4
7 5
4 9
1 6
3 2
8 10
1 2
1 2
5 3
7 6
9 5
3 4
1 1
3 4
10 8
8 7
4 8
10 3
1 8
6 8
1 10
6 5
3 5
3 6
3 6
7 7
10 2
7 2
6 10
4 5
4 9
2 9
3 10
6 5
2 3
3 1
4 6
2 3
8 8
1 7
10 2
