n 100
m 2
cap 20
Processing
79 44
52 100
30 32
7 9
23 51
7 97
59 42
85 18
52 57
31 90
64 35
25 64
93 55
42 11
85 72
73 49
68 86
47 59
40 97
41 73
57 91
82 10
12 28
54 80
65 73
96 85
97 11
78 52
52 39
95 64
88 46
18 33
81 68
46 58
59 39
34 99
8 26
40 67
41 80
4 71
68 12
87 74
49 47
44 21
89 2
20 28
16 50
71 17
33 54
51 3
5 37
93 4
32 93
3 42
62 1
15 31
58 21
97 99
68 62
17 14
78 14
79 53
13 74
40 24
81 1
52 11
30 95
15 22
70 11
81 77
97 57
90 51
21 33
75 62
50 43
59 1
4 38
86 6
54 58
100 20
88 4
61 45
27 53
15 12
26 22
1 1
46 60
30 48
81 9
84 35
89 55
27 61
8 35
17 37
40 68
8 49
16 89
63 82
58 86
55 9
Size
5 2
8 9
9 6
8 4
7 10
5 7
7 4
9 2
9 10
8 7
9 8
9 1
9 10
3 7
9 1
4 4
4 3
8 4
1 10
9 1
5 9
4 1
5 3
8 5
2 4
3 5
9 2
9 2
10 9
8 7
7 9
1 2
9 7
2 6
5 1
2 5
2 7
10 4
2 6
7 10
6 10
9 9
2 6
3 10
3 10
1 8
1 9
3 10
3 10
5 6
5 4
2 4
8 8
10 1
2 1
4 6
4 8
2 6
9 7
9 6
9 5
10 2
2 6
8 2
4 7
8 9
10 4
7 10
3 5
1 5
10 10
2 10
9 5
6 7
10 2
9 3
9 5
2 1
4 5
6 3
10 2
8 8
4 9
6 2
1 2
8 10
4 5
2 1
5 1
4 10
2 3
6 3
6 7
4 5
5 7
1 9
10 6
9 10
1 6
8 6
