n 100
m 2
cap 20
Processing
97 2
22 42
83 50
28 41
80 70
78 44
51 81
16 68
22 11
86 19
84 99
46 53
37 38
75 25
62 46
1 66
60 84
73 18
6 90
15 32
65 75
9 87
18 10
50 41
38 68
84 47
92 84
58 54
61 12
80 28
37 21
69 93
81 71
77 87
27 47
57 11
27 55
18 43
47 3
1 29
36 2
21 47
9 78
26 83
25 15
56 45
69 52
58 31
29 89
52 26
74 23
70 73
56 15
40 38
29 7
91 45
9 28
77 27
43 6
81 37
61 43
35 73
79 9
46 56
25 75
12 72
2 35
58 87
60 7
17 29
41 12
39 91
1 86
93 66
12 63
61 47
54 79
86 25
82 65
59 25
7 98
38 37
12 8
36 49
81 27
40 59
61 57
38 21
28 86
89 73
74 16
96 29
38 65
99 87
62 49
47 65
22 84
50 93
75 43
33 51
Size
8 3
5 2
10 4
5 8
3 8
6 6
2 5
8 10
6 4
2 7
4 5
6 2
6 8
4 3
10 8
2 2
4 8
1 9
7 1
7 5
7 5
6 6
9 1
4 7
5 9
2 7
2 3
1 10
8 7
1 2
6 7
2 3
9 8
1 8
8 2
9 5
6 8
7 3
6 5
1 8
3 5
5 3
7 3
5 3
7 2
5 5
1 2
3 5
6 4
5 5
6 9
6 1
8 8
2 7
7 4
5 5
4 8
4 3
4 1
4 6
4 7
8 7
1 3
5 2
9 6
3 4
3 10
3 3
2 3
9 6
2 9
4 9
2 7
1 3
5 8
1 2
4 8
4 10
7 1
6 10
5 7
1 3
9 8
4 2
8 6
6 10
7 1
9 6
8 3
6 8
4 10
6 5
2 10
2 5
1 3
10 2
6 10
2 6
2 10
6 1
