n 100
m 2
cap 20
Processing
33 53
44 65
64 72
43 58
51 57
77 24
58 51
72 36
46 5
18 94
92 20
58 59
50 87
56 16
87 37
96 84
63 43
85 21
25 77
52 44
99 28
45 90
67 32
2 55
97 14
24 33
16 51
19 51
80 48
90 14
94 4
50 56
9 8
92 71
2 20
68 69
45 48
81 93
63 55
6 68
86 98
11 26
12 63
65 16
60 66
18 81
19 16
26 32
31 86
29 18
7 80
35 19
31 44
25 22
59 39
6 55
40 90
22 13
96 67
25 70
64 96
23 18
5 30
83 94
87 21
43 66
73 34
34 17
97 89
46 32
88 66
6 56
53 38
24 38
20 94
62 52
5 10
62 47
59 65
79 79
95 55
22 1
100 18
84 81
86 30
17 4
5 88
41 3
81 73
49 42
60 69
77 81
17 25
60 29
40 86
66 37
34 3
50 86
21 89
21 34
Size
3 8
9 9
9 4
10 2
3 9
7 7
6 2
2 9
1 9
5 4
5 7
5 10
3 10
5 1
2 9
10 7
1 2
5 10
5 1
5 9
1 1
4 6
7 3
4 4
9 3
1 4
3 2
1 10
1 3
9 10
7 2
10 6
4 2
8 9
4 8
6 7
3 8
8 10
4 2
5 1
2 3
2 1
4 2
10 7
10 6
6 1
5 5
4 1
6 1
3 3
9 1
10 2
9 1
4 9
2 7
5 8
7 7
2 10
2 3
10 8
2 7
10 8
4 9
7 7
3 10
10 8
1 3
5 2
7 9
7 8
6 7
4 6
8 10
8 6
10 10
10 3
8 1
2 3
8 4
4 9
8 9
7 2
3 2
10 10
4 5
1 6
5 9
4 4
10 2
10 7
7 5
6 2
5 1
5 5
10 6
3 3
8 1
4 6
6 10
9 10
