n 100
m 2
cap 30
Processing
3 24
74 73
68 59
21 31
26 37
67 99
6 34
17 76
37 37
91 49
75 58
64 15
100 44
41 6
15 24
21 73
64 79
58 72
12 58
20 24
1 93
32 33
72 16
81 96
67 65
32 54
60 86
86 20
34 53
78 89
57 77
73 29
41 19
53 44
52 9
53 73
8 13
99 18
94 94
88 31
77 4
5 82
68 35
91 50
100 19
17 73
4 46
8 64
13 74
82 11
67 55
94 47
24 14
7 82
17 99
100 94
81 31
66 94
92 67
30 76
53 72
56 71
94 46
18 64
93 11
78 40
40 20
57 29
6 6
94 18
63 63
93 65
70 90
3 25
67 83
76 51
17 46
80 26
83 85
40 34
96 63
89 22
95 36
16 19
60 64
27 52
24 38
4 73
33 87
55 8
78 86
13 2
79 31
45 83
45 30
89 93
74 76
87 20
38 76
54 84
Size
9 4
3 3
3 9
7 5
4 4
2 2
1 6
8 8
3 10
4 9
1 6
5 9
9 6
6 4
10 9
7 2
7 2
8 5
6 10
3 1
5 1
4 10
5 10
5 2
1 9
2 7
8 10
2 1
7 6
4 1
3 4
6 3
10 6
5 2
6 8
2 6
5 2
4 1
3 3
9 3
4 7
2 9
8 8
4 6
6 10
1 9
2 4
4 5
5 6
4 10
6 8
1 7
10 2
1 5
6 5
9 10
4 3
4 2
5 8
10 10
2 7
1 7
5 1
5 4
4 8
10 10
3 2
4 7
4 1
1 2
8 2
10 6
4 7
1 7
1 6
2 5
3 1
1 5
2 7
4 6
4 6
9 9
8 5
1 10
6 2
7 7
4 5
3 8
9 1
6 9
7 4
4 3
3 10
5 5
1 8
5 4
9 5
3 9
9 3
6 2
