n 100
m 2
cap 30
Processing
58 85
56 46
60 6
11 43
99 49
5 29
56 45
30 57
36 10
90 49
29 54
5 86
25 87
55 45
65 5
12 35
23 22
50 78
77 23
77 47
57 29
12 31
26 83
90 46
18 47
25 18
53 83
60 13
33 95
1 89
39 89
43 72
97 100
44 69
88 71
15 95
18 88
42 27
32 82
77 91
69 54
49 7
15 45
99 1
30 35
4 14
23 44
64 93
91 15
73 14
34 75
68 56
3 58
57 64
16 29
34 18
6 26
37 20
65 44
86 33
100 64
22 19
90 37
2 73
14 14
78 87
96 30
22 15
21 27
42 59
29 99
94 7
52 2
36 100
99 70
59 80
59 73
4 72
59 43
31 15
82 25
62 79
12 4
87 70
53 18
23 61
85 40
85 36
83 48
6 15
61 38
41 54
88 92
4 18
22 9
4 27
78 32
90 34
72 29
29 30
Size
4 2
1 7
9 8
7 6
1 5
5 4
1 8
7 8
10 4
4 10
9 4
5 3
5 6
2 1
10 10
10 7
7 9
4 5
1 7
9 10
2 6
1 6
6 3
5 2
10 6
9 5
2 3
3 1
1 7
4 8
10 8
3 1
10 2
3 5
3 5
4 2
3 3
10 5
2 7
6 3
8 3
4 9
8 2
5 5
1 2
3 10
1 3
7 9
4 7
4 7
8 5
4 10
6 10
9 9
8 3
3 3
4 7
7 5
5 6
4 4
10 2
2 4
3 7
3 6
8 8
5 1
2 8
9 4
10 4
6 2
8 6
8 7
8 5
1 9
5 5
9 5
1 6
5 9
9 7
7 1
6 3
3 8
10 1
6 2
8 6
7 7
1 10
6 3
5 1
1 1
10 5
8 2
3 8
7 10
5 6
5 8
10 2
9 7
1 2
1 10
