n 100
m 2
cap 30
Processing
32 76
14 100
64 70
16 56
58 47
36 82
86 98
11 28
51 33
3 61
25 26
51 58
47 98
66 84
48 47
86 50
47 9
64 93
89 27
8 19
71 31
76 11
77 19
48 66
68 4
65 92
90 1
84 80
67 25
31 91
81 62
13 81
99 97
11 13
38 81
82 15
49 21
46 73
64 9
78 48
40 52
22 57
27 52
36 80
35 92
50 56
27 8
33 81
17 46
89 97
72 72
61 83
35 53
45 51
72 70
77 19
60 77
61 86
20 49
64 89
23 92
10 67
80 89
37 4
96 26
98 32
93 69
22 10
19 20
30 36
68 84
8 65
77 30
29 33
23 18
60 55
100 78
64 11
34 76
77 32
58 86
95 5
79 52
57 10
1 49
2 84
11 46
63 100
75 6
57 44
96 79
42 68
87 79
13 22
3 76
59 26
18 77
16 44
87 68
72 62
Size
6 8
6 10
8 5
1 1
6 6
6 9
10 1
7 10
9 5
8 1
10 2
10 1
2 1
4 10
1 9
4 2
3 9
6 3
9 5
6 8
5 7
4 1
9 3
7 10
6 3
10 10
3 1
3 7
7 2
9 7
6 2
10 8
4 5
6 1
5 5
10 10
8 2
1 5
8 7
9 6
4 8
7 6
10 2
4 5
8 1
5 9
7 8
10 6
6 1
8 3
9 4
1 8
6 9
1 4
8 8
7 3
10 9
9 3
4 6
8 8
4 2
4 7
7 1
1 3
2 2
6 8
9 5
3 4
7 7
4 3
1 3
6 3
1 1
5 8
7 2
2 1
2 6
5 1
3 9
4 3
10 1
8 4
5 5
4 5
3 5
1 10
8 6
9 10
1 5
7 7
2 3
8 2
10 3
10 8
8 3
8 2
5 4
4 9
3 1
9 8
