n 100
m 2
cap 30
Processing
86 71
1 20
2 74
84 38
88 27
32 23
43 1
77 4
66 38
91 27
54 27
44 32
95 71
31 41
91 10
92 36
75 69
98 17
75 17
38 4
25 50
36 43
90 29
92 18
14 17
3 12
58 83
20 99
50 92
3 67
35 48
76 59
44 36
42 23
94 72
61 2
66 61
16 75
89 82
4 91
26 84
56 50
31 71
50 23
74 89
38 76
36 24
55 2
24 67
87 2
8 94
82 29
19 58
50 45
43 23
44 98
31 3
49 97
77 8
76 64
76 99
67 64
51 34
21 91
59 25
45 79
44 22
30 66
36 100
58 36
3 60
42 75
71 12
9 85
65 53
13 31
23 95
90 85
62 65
22 9
88 7
30 58
96 52
79 22
41 8
74 44
73 85
35 44
90 64
22 81
44 81
92 6
45 67
54 73
95 49
49 37
8 88
89 12
74 77
69 84
Size
3 4
5 5
10 7
2 6
9 7
6 8
7 1
8 6
3 7
7 1
9 7
3 9
7 5
4 10
6 10
3 3
5 10
9 2
7 1
2 5
5 8
4 10
7 5
7 5
5 8
1 2
10 9
4 3
9 8
8 5
4 10
5 1
4 4
3 6
2 6
5 2
8 1
10 9
9 3
3 5
8 8
1 7
4 3
5 4
7 5
10 3
7 1
2 1
9 3
1 4
10 3
10 10
7 2
5 3
8 5
1 7
5 8
1 10
8 4
6 4
7 3
2 9
5 4
5 5
5 4
9 3
8 9
7 6
10 2
6 8
2 1
2 7
2 6
6 8
10 6
3 6
7 4
5 1
1 3
2 4
4 4
8 5
6 6
4 5
2 6
6 6
8 8
7 6
4 4
4 6
1 8
8 1
10 8
3 8
8 9
1 9
9 5
10 2
1 6
2 8
