n 100
m 2
cap 30
Processing
14 57
80 26
67 7
64 87
6 57
65 90
29 36
10 82
85 59
6 17
31 62
31 27
2 80
4 36
82 11
88 13
52 15
4 70
74 53
57 55
99 84
83 47
41 53
44 4
24 24
45 96
12 76
28 86
27 84
35 76
93 37
84 12
40 36
10 31
55 94
79 98
4 85
12 58
19 24
9 75
78 87
54 37
24 54
50 68
66 9
100 12
61 58
20 36
59 57
29 4
12 31
93 31
19 90
69 57
34 45
83 6
15 99
47 96
2 96
35 32
98 88
16 40
92 35
87 63
1 58
65 38
35 85
25 41
10 23
68 30
43 16
9 86
12 13
34 68
24 78
70 31
65 99
39 34
99 49
35 25
27 45
72 38
27 84
34 85
29 51
47 49
98 19
87 51
59 30
18 47
27 43
2 78
95 57
24 16
18 86
3 77
38 88
71 15
37 57
7 67
Size
4 10
4 5
5 5
2 6
7 4
6 7
1 7
6 6
4 2
10 8
8 7
4 6
6 8
5 6
1 6
1 1
4 3
10 7
2 4
9 7
5 4
5 9
7 3
9 7
10 2
10 4
1 6
6 1
7 3
3 8
2 8
6 6
3 1
3 1
1 4
8 5
2 8
4 3
7 3
2 2
6 1
10 5
2 9
7 6
7 7
1 8
10 7
6 4
8 4
2 3
9 10
7 6
6 1
4 4
6 10
9 9
6 10
2 2
9 10
9 7
6 10
5 4
2 4
1 6
5 2
4 10
5 1
1 9
3 4
6 7
4 4
9 4
6 7
2 4
10 8
8 8
3 7
10 1
3 2
2 5
7 5
6 6
5 10
4 1
4 5
3 7
2 3
3 1
4 9
9 5
10 6
1 4
3 2
6 6
7 9
1 5
8 3
9 10
5 10
8 3
