n 100
m 2
cap 30
Processing
44 74
81 53
17 11
52 70
70 92
43 80
54 81
96 44
71 43
98 75
12 47
14 51
3 93
17 72
6 61
57 62
82 81
4 78
27 56
61 86
72 95
80 2
51 15
57 62
27 21
41 8
23 85
81 76
5 99
32 44
7 91
43 65
8 3
87 46
54 93
2 79
65 31
57 64
49 40
15 52
13 3
8 19
55 37
47 54
8 18
60 2
35 64
10 41
1 65
79 8
26 86
84 33
95 52
28 9
18 39
79 91
25 17
34 67
72 100
18 8
34 75
17 94
95 92
96 39
37 62
95 13
40 95
85 18
88 57
6 5
97 69
52 83
62 51
18 93
67 32
46 83
47 65
53 12
8 96
59 80
17 49
74 23
14 82
97 20
17 46
36 24
41 69
1 100
53 26
94 41
89 50
73 78
9 53
67 13
58 23
75 12
34 27
19 48
90 65
92 42
Size
9 8
7 9
6 2
9 2
3 2
3 7
5 9
10 7
6 10
5 2
8 2
7 3
10 2
9 5
9 3
6 3
5 9
5 8
6 4
5 5
5 2
7 4
1 1
8 4
4 6
10 2
5 6
10 5
6 4
6 9
8 10
10 1
9 1
8 1
4 6
6 4
4 6
5 6
8 9
2 2
1 7
4 7
9 10
5 10
1 1
7 1
4 2
9 5
7 8
5 7
4 3
5 3
1 1
8 4
8 10
10 4
8 10
9 5
10 8
3 1
4 9
3 1
8 3
2 1
4 2
6 3
8 9
10 2
6 10
4 10
7 5
5 4
10 6
9 10
5 1
6 4
7 8
5 3
6 6
8 3
3 4
3 5
2 1
6 2
3 6
6 3
1 7
9 4
1 2
1 7
4 7
3 2
10 1
6 1
2 2
6 6
2 8
8 1
1 9
8 1
