n 100
m 2
cap 30
Processing
24 12
12 9
98 76
60 6
65 3
18 53
71 4
50 38
10 73
69 73
20 68
50 97
12 41
8 26
72 98
95 54
10 66
78 94
4 19
27 93
13 23
22 78
100 9
90 77
22 58
98 29
48 60
31 13
15 59
27 98
9 100
81 34
39 70
83 31
9 78
4 96
98 4
10 75
32 13
82 93
64 41
19 21
86 26
75 93
26 56
78 21
5 26
19 60
18 64
90 6
69 35
31 93
39 14
47 15
94 82
73 11
64 54
93 42
72 87
87 93
20 35
89 73
26 22
58 52
76 67
73 57
61 92
64 48
73 1
41 88
99 33
80 85
5 44
11 1
90 93
13 98
98 39
8 14
21 54
38 99
81 81
76 69
12 75
33 77
95 98
80 54
64 92
7 41
53 68
4 61
8 13
11 79
36 67
10 89
90 66
81 62
22 54
37 63
82 79
63 34
Size
2 10
6 10
3 10
7 1
7 5
9 2
6 3
7 3
5 2
8 4
7 8
7 10
2 7
8 4
1 4
10 2
3 1
4 9
3 6
5 2
2 7
7 5
3 1
4 6
10 8
2 1
7 1
10 4
3 9
1 3
1 3
5 10
7 4
7 1
6 9
1 6
1 6
6 8
7 9
2 4
6 8
6 9
2 10
7 9
10 10
10 1
4 7
4 7
5 8
2 4
8 2
4 4
9 9
9 9
9 2
9 9
2 8
7 4
9 5
7 3
1 7
5 2
6 10
3 9
3 2
9 1
8 10
10 5
10 4
10 7
3 3
4 9
3 2
3 6
3 3
5 2
10 3
7 3
5 7
5 4
3 3
2 6
1 4
4 3
7 8
2 7
2 4
4 7
6 5
3 5
10 4
9 3
9 5
9 5
6 3
4 7
5 2
1 5
3 5
1 8
