n 100
m 2
cap 30
Processing
23 15
10 43
8 87
28 36
96 6
14 33
46 6
61 2
23 7
59 72
29 27
30 36
53 85
89 69
60 100
65 58
73 16
27 8
14 63
66 15
13 67
32 37
53 82
88 66
66 12
36 89
44 20
5 53
88 77
44 36
68 19
62 35
22 19
79 76
36 93
49 37
93 38
8 12
8 55
33 13
74 6
60 70
85 76
11 69
36 60
80 31
48 17
13 6
63 77
57 13
44 59
30 30
14 70
5 17
7 97
98 99
40 17
81 26
16 75
88 82
86 25
84 75
46 78
68 37
43 27
62 26
4 83
56 37
59 62
58 51
66 37
71 99
59 84
45 81
90 43
94 69
93 2
69 52
29 7
9 25
84 5
33 53
45 10
37 38
98 26
1 32
34 63
53 37
99 42
70 38
14 7
48 25
56 93
53 29
19 58
84 58
87 58
43 17
43 44
63 73
Size
10 4
7 9
7 7
7 8
6 7
1 5
8 8
9 4
9 1
2 1
8 7
6 3
10 7
2 4
5 10
7 6
1 3
1 2
10 7
8 1
2 3
10 7
10 3
4 9
8 2
1 8
7 1
2 3
4 7
3 8
1 1
7 5
4 4
7 4
6 5
1 2
6 9
5 2
8 8
1 2
5 8
6 7
8 10
2 5
10 1
6 9
5 10
8 4
8 8
3 10
10 6
7 3
6 5
7 6
5 3
2 9
2 6
5 4
10 9
1 4
5 7
9 5
1 4
1 10
2 10
4 9
4 8
3 9
6 10
10 8
4 2
7 2
3 5
5 4
10 3
6 9
1 2
3 8
3 8
7 2
10 2
4 2
1 7
7 3
3 6
10 2
9 4
1 9
5 10
5 7
9 6
2 9
6 3
1 8
9 3
3 7
8 9
10 7
8 2
2 6
