n 100
m 2
cap 30
Processing
9 39
55 62
40 83
22 25
66 1
93 14
49 34
59 15
76 24
31 2
97 61
91 73
35 4
55 53
73 49
98 5
47 42
37 20
72 60
10 24
22 81
89 48
11 63
93 51
28 29
88 61
45 41
52 35
41 15
55 46
65 47
13 56
66 11
17 46
90 36
90 15
22 12
33 16
70 66
51 12
31 75
62 26
69 2
90 67
76 78
86 29
85 33
3 62
64 9
46 68
50 11
59 95
10 56
24 87
31 51
59 60
35 31
91 72
87 20
73 37
1 96
70 54
59 71
28 46
61 67
94 74
68 91
10 11
13 50
57 48
47 68
23 8
86 55
12 6
14 25
12 19
63 8
11 77
80 9
98 58
27 54
72 15
21 98
76 53
91 20
30 37
68 80
83 39
60 64
26 52
3 2
95 27
77 35
80 79
35 56
60 46
33 95
49 23
67 92
40 45
Size
2 8
2 7
3 2
7 10
1 7
1 8
2 2
5 5
6 5
8 10
9 2
1 2
5 1
7 9
6 4
1 10
4 4
4 1
7 6
7 10
5 3
8 5
3 9
9 9
8 10
5 9
9 6
5 6
10 7
8 6
3 5
5 2
7 5
8 6
5 6
1 5
3 3
7 8
8 6
1 9
2 8
5 2
4 10
2 4
7 5
4 6
9 5
3 8
1 2
7 5
6 1
2 3
6 6
10 2
3 10
10 3
7 9
2 6
7 8
4 5
6 6
6 2
3 10
7 8
5 4
3 7
3 7
5 2
7 7
2 2
5 4
4 7
3 8
3 10
10 9
6 10
7 6
8 3
6 7
1 5
1 8
6 9
5 10
9 10
10 8
6 6
6 7
9 4
2 3
1 10
6 9
10 1
6 5
6 2
2 7
7 5
1 9
2 9
1 4
5 8
