n 100
m 2
cap 30
Processing
4 12
12 16
34 36
78 43
6 2
67 95
98 93
15 18
61 90
37 80
54 85
95 2
4 73
76 81
64 97
94 94
88 28
1 63
26 13
44 97
86 8
87 61
21 60
56 59
77 98
55 14
31 63
1 26
67 21
80 55
48 31
31 41
7 78
60 60
73 99
90 74
55 27
11 81
97 88
22 39
21 46
58 37
89 78
18 8
76 87
50 38
80 66
61 72
93 99
39 6
28 21
11 91
52 9
96 76
38 100
58 72
5 36
84 92
26 55
1 27
28 75
39 74
6 41
50 95
87 37
80 9
72 89
84 85
35 78
58 39
43 38
56 66
1 25
34 83
51 68
96 90
3 62
46 78
61 48
30 48
31 18
98 30
98 26
31 65
2 15
45 31
23 47
70 48
9 61
10 18
59 37
18 34
60 88
65 41
99 58
27 50
98 29
38 65
91 78
78 51
Size
4 8
1 4
5 5
5 6
7 10
10 3
3 6
1 8
9 3
7 4
4 9
3 4
9 7
4 9
5 3
7 8
2 10
5 5
8 5
6 1
5 7
1 9
1 6
8 3
5 8
4 7
1 7
1 9
5 1
9 5
10 10
8 4
6 6
5 5
10 5
6 1
1 7
8 6
5 3
8 2
7 1
5 1
8 5
5 6
8 1
9 7
2 10
9 3
2 9
8 10
2 4
5 10
1 6
3 4
2 1
4 10
8 5
3 7
7 4
2 5
4 1
10 1
6 3
2 10
9 7
2 3
1 5
2 9
9 4
3 2
1 5
8 6
9 2
10 3
4 7
5 4
9 4
3 1
6 10
9 7
4 6
4 10
10 3
2 10
9 3
8 9
5 2
9 6
10 9
4 5
8 3
3 9
10 7
8 10
6 8
3 1
3 1
10 4
10 10
7 8
