n 100
m 2
cap 50
Processing
48 67
86 23
94 18
56 3
88 63
9 19
73 94
11 70
87 34
89 42
21 55
76 16
82 45
61 100
49 86
62 46
16 96
91 75
86 16
58 71
55 63
73 4
76 46
58 100
23 76
13 84
25 60
80 81
59 88
14 16
67 43
6 68
100 57
5 24
17 84
72 18
82 28
22 57
10 81
83 95
17 8
87 33
95 32
61 22
53 71
63 54
84 5
64 65
63 49
55 77
64 14
4 78
30 20
7 76
98 67
43 100
65 69
35 71
79 60
61 99
42 18
99 63
12 58
99 79
44 80
94 66
54 57
72 53
58 55
99 9
75 9
11 49
100 43
63 86
85 46
50 47
39 58
35 9
25 4
91 73
16 43
25 80
53 84
50 42
69 6
96 34
79 22
6 3
68 91
97 5
48 71
15 34
79 41
6 18
69 41
66 73
2 41
58 13
70 14
52 12
Size
1 6
9 10
6 4
8 4
10 4
3 9
3 6
2 5
2 9
10 2
4 6
10 9
8 2
8 3
5 2
9 5
6 10
5 10
1 2
10 4
9 4
5 1
9 9
7 7
4 3
10 1
8 7
4 7
4 6
1 3
4 10
4 3
7 7
10 6
2 5
3 3
9 10
7 1
8 2
5 10
1 4
6 4
7 7
9 4
9 9
9 10
7 7
3 9
3 7
7 2
2 4
4 6
9 2
4 10
8 1
5 2
8 10
8 9
6 9
10 8
10 4
7 6
7 1
5 1
9 5
2 6
9 1
3 10
7 1
2 3
2 5
5 6
4 1
2 6
1 9
1 7
5 9
4 5
8 2
2 9
6 7
7 7
3 9
3 9
6 9
9 1
7 8
2 9
7 7
5 3
3 10
7 6
5 5
9 10
6 7
8 5
3 8
2 10
3 3
6 6
