n 100
m 2
cap 50
Processing
18 89
41 45
75 87
17 54
67 9
80 76
59 36
95 92
11 33
69 50
49 75
45 80
37 76
14 85
63 100
76 67
65 72
73 93
1 85
6 6
42 6
46 80
32 5
90 54
41 15
59 70
21 14
52 90
43 98
3 22
29 60
99 37
27 68
2 93
8 73
72 35
13 41
39 23
38 25
78 85
53 7
46 63
41 36
43 91
45 7
79 17
60 74
97 7
82 52
87 44
23 73
6 18
18 61
36 70
54 52
5 12
32 21
82 44
34 69
20 19
69 40
94 11
91 21
1 28
66 5
71 46
55 33
92 23
62 52
40 5
69 72
15 21
35 20
22 6
49 76
95 37
60 9
48 55
27 99
10 58
86 93
48 67
68 66
34 79
85 89
31 10
40 7
95 35
92 90
2 20
63 47
39 88
82 14
87 83
51 11
65 72
68 71
64 87
28 48
30 17
Size
9 10
5 6
2 8
9 6
8 5
3 3
8 8
10 3
1 6
5 2
5 4
3 10
1 7
8 4
9 4
4 8
5 1
2 7
6 3
5 6
2 10
3 6
10 2
2 2
1 6
6 4
2 9
5 10
5 5
5 10
7 2
2 6
2 2
6 7
1 3
8 8
9 7
8 9
8 4
10 4
3 4
7 7
1 4
6 9
9 7
1 2
7 7
9 8
5 4
6 3
3 10
10 3
10 4
7 9
1 2
2 10
4 9
4 3
7 3
4 7
8 8
1 8
10 5
10 10
6 2
10 2
9 3
5 7
4 10
6 7
5 5
10 2
2 5
5 10
9 2
1 3
9 1
5 4
9 4
2 9
5 5
5 9
9 3
10 9
8 10
1 5
9 2
8 4
7 5
1 1
7 8
9 6
2 9
4 8
6 10
2 2
3 4
7 3
5 10
9 6
