n 100
m 2
cap 50
Processing
97 46
70 12
61 68
21 27
85 47
89 54
92 1
87 57
7 67
87 71
55 21
57 74
97 51
22 90
6 32
83 94
71 15
17 41
24 34
50 33
35 46
34 80
55 86
84 65
48 49
45 75
8 94
86 96
14 16
54 26
88 57
100 13
3 1
91 35
13 78
18 98
42 60
33 20
78 36
42 14
61 55
36 21
85 8
38 25
4 57
24 41
48 33
20 26
61 14
24 78
6 3
6 59
81 62
30 98
44 37
28 29
98 54
67 78
19 4
36 29
99 5
30 10
97 41
15 50
46 23
20 98
51 68
47 87
47 71
95 70
87 14
3 35
28 69
95 9
17 10
80 16
46 8
56 50
69 4
65 24
15 57
99 66
73 76
40 71
92 66
83 33
89 79
39 5
81 10
74 97
7 43
11 52
44 13
30 43
8 74
74 36
71 55
3 10
96 49
34 88
Size
1 4
6 3
4 9
10 5
8 5
5 2
3 2
8 2
5 7
3 7
9 10
1 8
3 1
9 8
10 10
10 10
10 10
7 9
9 5
10 6
10 2
9 2
10 10
4 8
5 5
1 10
8 4
2 2
6 4
3 4
2 8
1 7
4 7
2 5
4 1
2 2
7 8
10 1
1 4
6 8
4 4
8 1
7 10
2 1
6 8
6 6
2 6
3 5
3 1
4 9
1 9
10 10
7 1
1 7
6 9
8 7
2 5
1 9
10 8
8 3
6 8
7 1
9 3
6 4
2 2
10 10
6 7
10 3
1 4
8 2
8 6
2 6
10 4
9 6
1 6
4 7
6 1
6 1
9 3
9 8
10 9
3 2
6 7
3 4
3 9
10 3
4 10
4 1
10 6
6 5
3 4
8 6
9 3
1 8
7 5
9 5
4 1
4 4
5 2
2 9
