n 100
m 2
cap 50
Processing
85 61
79 29
18 10
67 9
78 9
93 93
63 40
84 67
87 53
46 58
69 34
5 10
91 1
70 97
74 66
50 65
13 59
67 65
29 92
51 1
14 11
80 2
2 80
90 32
67 60
56 3
6 17
99 12
33 9
71 76
54 67
13 35
45 99
83 94
22 53
15 53
61 29
83 71
67 13
52 37
25 58
67 46
98 71
11 91
76 39
76 12
87 55
99 67
69 57
56 74
30 68
21 13
96 46
82 10
22 26
94 23
49 20
26 12
47 31
74 27
64 60
84 23
54 8
96 45
90 94
22 35
30 80
62 57
8 23
27 31
41 79
36 71
16 79
69 11
84 33
5 76
54 30
28 11
83 52
3 28
22 57
9 99
2 48
79 40
57 82
5 59
50 50
52 33
96 50
90 20
77 42
48 34
73 20
22 42
60 58
61 32
82 94
23 13
41 6
9 50
Size
2 9
7 6
3 2
10 2
2 7
4 10
7 2
4 9
5 9
8 7
3 3
4 10
6 5
2 9
2 2
4 5
2 8
7 3
1 2
2 1
2 3
10 4
8 10
5 1
7 5
3 5
9 5
5 10
4 9
9 4
1 10
4 6
8 9
1 7
10 3
6 8
3 6
5 6
7 1
3 8
7 10
9 2
5 9
2 8
8 2
8 6
9 5
9 10
4 1
7 3
6 5
8 4
10 4
7 8
6 3
8 1
7 8
3 3
2 1
8 5
9 7
5 8
9 7
7 9
10 8
9 4
8 7
1 8
2 6
4 7
5 2
4 2
2 3
9 10
4 4
6 8
6 10
4 4
2 3
1 4
10 9
6 1
1 4
3 7
4 2
2 1
8 10
8 10
8 5
1 7
5 9
5 2
6 7
3 9
7 9
3 6
4 2
6 1
8 10
6 8
