n 100
m 2
cap 50
Processing
73 39
36 65
95 21
80 45
44 28
37 30
59 23
30 81
86 90
17 61
2 5
4 86
80 93
76 31
60 61
83 94
27 15
1 34
9 7
4 37
5 81
15 99
3 54
32 97
81 80
81 43
55 81
75 87
8 79
43 47
69 27
25 92
56 65
22 57
62 10
27 11
32 77
24 17
41 14
80 47
13 32
60 10
89 16
93 77
10 84
76 73
3 23
39 74
17 50
6 77
54 50
19 8
100 36
45 55
5 7
19 56
59 44
75 67
42 67
56 73
81 3
19 74
76 81
99 67
93 28
89 92
58 5
88 94
97 46
50 6
35 80
43 8
57 25
13 35
80 45
41 30
50 5
49 96
32 37
74 10
72 2
37 74
2 98
22 30
27 43
32 73
29 5
65 24
85 70
3 10
92 96
3 23
65 9
48 74
58 70
26 86
87 20
69 55
46 3
83 23
Size
6 4
10 10
4 2
6 10
2 4
1 1
10 1
10 7
8 2
7 3
3 6
6 2
1 6
10 1
8 4
9 9
5 7
9 2
1 6
4 7
9 4
5 9
10 4
3 3
6 1
9 10
1 9
4 10
7 2
2 10
2 5
5 3
3 10
9 10
3 4
7 6
1 6
6 5
6 7
8 3
4 10
10 7
4 3
3 7
9 4
7 5
5 4
2 1
4 8
3 8
2 2
6 2
10 8
10 1
6 2
9 3
9 5
7 7
1 9
4 5
10 8
7 3
5 2
10 6
7 1
3 4
7 5
6 4
9 7
8 1
6 5
10 6
4 9
10 8
2 8
10 10
8 7
8 10
7 7
3 10
2 5
5 4
10 1
9 8
2 4
7 2
3 9
8 9
1 6
4 9
10 2
10 3
1 3
3 2
2 2
4 7
7 3
3 4
5 8
10 10
