n 100
m 2
cap 50
Processing
3 90
38 21
61 54
34 19
32 13
84 63
81 80
44 45
7 22
89 26
72 99
90 78
93 38
87 58
39 73
87 89
44 77
26 72
83 67
16 72
92 77
60 91
14 49
39 72
36 52
75 28
90 91
81 19
29 67
21 27
60 26
50 42
97 3
96 55
90 15
79 15
4 49
42 52
91 57
12 31
99 33
29 45
62 42
8 14
39 55
27 93
15 52
93 49
75 1
70 59
11 77
97 86
77 16
7 42
38 55
39 91
100 4
22 19
47 13
37 94
6 81
51 71
94 73
90 7
3 25
77 28
39 7
23 88
94 37
86 1
88 71
84 99
89 80
28 19
48 43
67 92
27 30
100 57
73 56
39 69
97 15
81 47
100 17
73 64
22 59
49 77
61 17
92 100
63 35
84 8
68 30
100 29
1 80
47 14
49 92
99 23
40 45
78 88
76 19
68 5
Size
4 9
4 6
1 2
6 6
4 5
3 1
3 10
7 2
4 2
4 4
8 5
10 7
2 10
10 8
6 5
10 5
9 5
7 3
8 5
10 8
7 3
2 9
1 4
7 3
10 5
10 6
3 10
2 6
1 6
7 1
4 10
1 4
5 3
8 2
10 6
6 10
4 9
2 4
8 9
3 2
2 1
3 2
10 10
4 7
4 5
1 1
7 3
9 4
10 4
8 10
4 4
10 10
6 3
9 1
10 4
9 3
2 8
5 8
1 5
8 5
3 8
1 9
6 10
5 10
3 7
2 3
5 10
9 4
7 9
5 9
9 9
8 6
6 5
2 9
8 2
4 9
7 2
9 6
5 5
2 2
9 5
5 7
10 6
1 1
9 7
2 6
8 2
5 7
3 5
8 7
3 7
1 6
3 7
2 8
5 1
5 6
2 6
8 3
7 10
8 2
