n 100
m 2
cap 50
Processing
16 58
91 13
35 46
95 96
87 64
35 53
32 54
53 93
32 4
55 59
47 51
59 69
54 83
65 35
100 73
20 100
53 11
68 88
25 44
6 30
73 20
57 81
9 53
20 57
81 20
54 11
80 96
14 41
56 53
65 53
88 54
79 49
39 10
16 100
95 61
3 44
82 94
2 18
81 12
32 55
98 84
99 65
3 40
36 18
53 34
27 6
63 89
72 93
65 95
5 85
72 54
60 34
81 27
36 56
6 5
9 97
51 88
92 73
98 67
30 10
85 81
75 71
75 29
94 81
47 1
36 88
67 47
81 94
52 53
28 73
56 25
14 27
25 48
39 27
75 3
86 32
44 34
8 76
51 4
71 56
60 69
48 29
81 24
22 14
81 13
99 82
12 66
17 87
2 65
84 57
8 68
100 10
93 83
7 22
44 24
80 24
90 31
81 55
19 65
25 55
Size
1 5
9 2
6 5
4 8
6 9
5 5
9 8
7 3
2 1
4 7
8 10
9 8
2 4
2 6
9 5
8 10
7 2
1 3
5 1
1 8
3 4
4 8
4 7
3 3
1 5
3 2
3 10
3 8
7 1
2 7
1 5
6 8
2 6
2 10
9 10
6 2
6 10
3 3
2 8
9 3
1 2
2 9
8 4
4 3
10 1
1 4
1 8
7 6
6 5
4 2
7 8
9 5
3 9
4 1
7 4
3 2
1 6
6 9
10 3
1 5
5 6
5 1
6 10
4 3
5 3
1 9
3 6
1 2
2 6
9 5
5 8
8 9
1 3
7 3
8 3
1 7
5 7
9 9
10 9
4 4
5 3
3 1
7 8
7 9
6 3
8 1
3 8
1 2
6 8
4 6
8 9
6 5
9 3
1 7
10 10
5 4
2 6
10 3
2 6
10 2
