n 100
m 2
cap 50
Processing
17 90
60 56
91 94
38 13
51 24
27 99
59 83
9 18
1 72
68 52
3 95
86 89
15 10
21 98
20 20
45 67
24 79
1 64
70 7
77 43
69 2
66 11
17 62
86 40
91 40
8 37
48 45
82 62
91 54
59 75
70 45
4 48
50 30
53 20
37 78
88 66
96 95
30 5
17 48
66 84
68 64
7 77
4 1
78 40
50 35
2 21
90 82
54 35
44 54
12 57
17 85
46 43
70 97
34 94
88 48
99 9
48 86
56 28
33 23
67 94
99 67
79 40
25 7
77 71
76 45
20 64
88 39
35 67
95 46
39 57
75 60
49 3
82 94
69 45
54 74
37 76
25 71
40 72
3 99
66 16
82 46
94 5
30 67
86 30
85 4
91 93
73 4
45 11
87 6
45 64
20 8
61 48
84 30
91 74
21 26
21 10
50 12
35 71
25 33
27 54
Size
8 1
3 2
9 1
3 7
5 6
10 4
6 6
6 8
10 10
2 4
7 8
4 4
7 1
4 2
8 6
5 6
7 5
1 6
10 1
7 3
4 7
3 6
5 4
8 7
4 8
6 10
4 9
10 3
7 1
8 6
5 4
3 9
6 8
9 8
9 4
10 7
10 7
4 9
8 3
9 4
10 4
7 10
8 3
4 10
7 3
7 1
10 5
2 9
4 4
6 2
4 5
4 4
5 1
3 6
3 3
6 5
9 10
10 5
10 2
3 3
8 5
10 9
4 9
10 9
7 2
3 1
4 6
1 1
3 5
5 3
2 10
3 3
1 8
7 3
8 4
6 2
9 4
8 7
7 7
3 4
2 7
8 2
2 1
3 5
4 2
6 7
6 2
8 4
6 2
2 4
8 1
2 1
1 2
8 5
10 3
9 8
6 1
9 5
10 9
2 2
