n 100
m 2
cap 50
Processing
99 98
30 94
28 6
3 17
9 79
91 35
3 79
51 3
55 56
69 98
49 8
79 42
84 53
64 83
52 79
17 4
62 3
80 27
16 70
60 60
2 62
67 83
82 26
87 28
64 16
15 42
37 38
62 68
52 57
83 52
80 18
53 34
77 18
83 2
64 12
72 97
44 49
84 86
81 86
65 67
72 40
87 44
95 5
16 47
52 17
7 89
15 89
11 14
64 19
64 79
2 24
77 48
43 44
54 34
31 69
47 31
24 79
86 52
86 78
26 36
11 49
46 92
88 87
79 65
25 28
62 45
47 17
26 95
58 100
3 30
3 66
7 99
73 41
54 28
17 91
9 41
49 31
34 38
8 61
87 22
80 97
92 74
79 27
91 100
72 64
60 96
41 75
6 74
4 48
82 84
53 15
67 39
9 16
6 55
77 25
6 82
36 100
42 3
19 40
81 51
Size
3 10
9 4
7 10
7 1
8 1
9 7
5 6
10 7
5 4
7 3
8 3
8 1
7 9
1 6
5 10
1 7
10 2
10 3
10 6
5 7
3 2
10 1
5 1
9 4
10 10
9 2
10 5
9 2
4 3
10 7
2 10
9 6
6 4
5 9
3 8
8 10
10 7
2 3
9 3
5 3
7 4
1 7
8 5
2 2
9 1
9 1
10 8
9 9
3 5
1 5
3 10
8 8
8 2
1 10
1 10
7 1
4 4
8 1
4 4
8 6
4 10
1 2
10 1
3 7
10 6
1 1
1 4
3 8
7 3
3 6
2 9
10 2
9 3
6 3
8 10
2 10
4 8
9 3
10 6
1 2
1 7
2 3
9 3
2 8
4 2
6 3
8 4
1 6
7 2
1 6
2 6
8 8
3 9
7 10
7 6
4 9
1 8
2 7
8 3
8 10
