n 100
m 2
cap 50
Processing
47 64
87 62
74 79
99 4
54 24
73 11
51 54
77 63
77 41
14 92
56 16
71 31
2 63
61 49
59 14
46 6
55 40
21 81
90 44
12 7
74 80
59 28
95 57
84 32
49 95
44 88
30 76
11 32
94 10
82 59
60 79
23 84
11 2
99 22
88 64
10 90
61 50
100 11
34 28
10 69
55 38
13 82
2 12
93 68
82 99
55 49
43 11
31 63
53 19
71 16
13 15
11 84
24 9
73 63
83 1
36 83
64 55
23 35
27 55
79 59
6 17
17 51
43 48
20 2
27 22
52 100
4 35
41 94
74 94
27 41
29 78
59 82
63 48
91 12
80 15
85 65
74 50
92 75
44 3
39 78
10 67
38 42
56 17
38 38
38 55
98 23
62 20
16 6
1 39
52 21
88 92
51 79
47 23
65 15
67 26
21 62
75 46
75 85
20 31
17 6
Size
10 6
2 4
4 2
8 5
6 7
5 8
6 3
5 3
6 10
1 7
8 3
4 10
4 3
10 3
2 4
7 8
4 5
1 4
7 1
8 7
1 1
1 2
10 9
10 6
5 2
7 5
3 2
10 6
9 7
3 2
7 3
4 2
1 3
10 3
1 7
6 4
2 2
4 2
7 3
2 3
8 1
4 6
5 7
2 4
6 4
4 4
7 2
7 5
4 2
2 2
5 8
3 3
5 4
6 2
2 4
1 7
4 10
6 10
8 8
10 10
2 6
10 10
1 2
7 7
8 1
10 8
9 9
3 8
3 7
5 8
5 2
5 7
9 2
9 6
4 6
5 4
2 2
2 6
8 2
4 7
1 5
5 1
6 8
4 4
3 6
2 1
2 1
10 2
2 1
9 1
3 4
5 7
9 9
6 1
4 7
9 5
7 1
4 7
8 7
6 1
