n 100
m 3
cap 10
Processing
53 18 24
60 43 72
69 75 80
82 67 20
36 26 56
88 31 42
98 73 82
52 32 71
68 14 39
23 62 51
93 83 20
39 37 6
15 32 84
58 12 96
85 43 40
43 14 33
52 27 79
44 52 4
62 71 65
23 80 86
28 41 4
11 63 54
47 64 12
62 94 77
14 56 7
53 73 78
8 52 31
81 30 66
60 98 54
56 87 32
18 22 93
39 44 69
22 68 70
16 55 79
12 97 98
88 84 75
68 57 82
74 51 48
24 71 38
49 27 17
56 21 46
82 74 23
38 90 85
92 60 78
40 81 1
38 93 58
50 96 95
48 93 83
56 46 19
11 1 99
65 4 42
76 11 46
78 92 15
55 94 25
84 50 74
42 91 12
81 6 21
32 43 31
3 73 13
54 8 32
97 86 94
100 33 36
33 84 10
39 69 54
21 32 22
51 13 42
81 39 13
10 82 82
37 53 70
99 16 41
73 3 33
77 24 14
93 96 11
45 63 65
94 61 15
48 13 1
45 57 49
54 59 75
41 15 62
77 84 14
100 73 32
77 17 23
97 93 8
4 52 92
27 49 72
80 36 1
48 23 100
100 65 49
71 28 22
2 49 35
28 67 92
48 73 21
3 85 17
66 27 24
34 95 40
43 75 26
59 46 81
15 65 13
55 11 34
57 83 74
Size
8 2 4
9 6 4
1 4 1
6 4 3
10 5 1
5 8 9
4 7 1
5 2 3
1 6 2
4 7 2
9 6 4
7 1 7
3 8 6
2 7 1
2 4 4
9 3 5
9 8 6
2 3 4
3 2 5
8 5 2
1 10 3
3 2 6
10 6 10
2 6 2
6 9 9
9 3 3
1 9 4
7 2 1
3 3 2
3 2 3
3 4 1
1 6 8
10 4 1
5 5 10
4 9 2
1 2 8
1 4 10
2 4 1
3 6 8
2 10 10
4 9 6
9 9 8
5 9 1
2 3 1
3 5 10
8 2 1
6 1 9
5 2 5
8 4 5
7 3 7
3 4 1
6 4 6
8 4 3
9 2 2
7 7 8
1 6 1
5 7 10
3 8 7
6 9 5
9 8 3
6 5 3
9 9 10
9 2 7
10 9 10
8 8 2
4 4 4
6 9 9
3 1 8
2 2 6
3 9 3
1 5 9
1 6 6
3 10 10
8 5 6
9 9 6
10 4 1
9 5 2
2 4 5
3 8 5
9 6 10
4 2 3
2 9 7
7 4 1
8 4 7
10 4 9
9 6 9
8 6 8
6 5 9
1 9 7
5 10 8
4 7 6
1 1 9
7 2 3
3 7 3
2 3 4
4 9 9
6 1 3
9 3 7
2 5 4
8 8 10
