n 100
m 3
cap 10
Processing
45 48 5
96 25 49
77 54 36
83 92 7
78 94 53
98 55 47
75 82 91
50 5 9
97 2 28
87 31 44
39 14 99
100 96 6
76 60 70
83 44 39
53 3 40
95 99 77
95 5 7
15 22 20
98 44 46
8 37 92
87 24 76
57 39 64
58 45 34
22 23 57
23 70 13
12 15 78
44 91 48
25 9 52
23 8 82
33 57 5
36 46 42
96 6 33
56 98 24
91 16 32
91 54 53
75 46 41
88 86 74
63 51 16
46 27 24
31 85 87
94 13 70
78 34 29
58 36 96
42 20 90
7 57 39
38 29 5
48 23 6
16 56 8
30 34 18
65 91 41
82 67 68
14 93 59
79 2 25
78 9 21
11 85 74
37 89 91
68 34 66
78 62 81
89 16 31
66 38 58
36 64 45
74 31 17
34 23 96
12 9 22
50 21 84
17 21 82
76 87 79
17 34 6
46 73 16
15 30 74
15 6 91
72 81 39
54 6 49
86 29 8
45 8 93
52 37 42
91 34 65
23 23 5
70 45 99
76 96 66
58 7 18
45 42 93
92 73 81
61 41 55
6 73 91
22 82 49
91 21 50
65 15 8
43 25 51
4 57 59
70 24 14
21 57 39
13 52 19
12 54 93
17 30 63
67 47 18
71 7 39
83 27 73
54 87 63
39 3 46
Size
10 8 1
4 7 1
9 3 5
4 3 6
7 2 6
7 2 10
8 2 9
8 2 1
2 3 9
2 7 10
3 7 6
4 7 9
4 7 2
10 1 4
6 6 9
5 1 1
5 7 6
4 3 6
6 6 1
3 7 7
9 8 10
1 5 7
1 5 6
3 9 8
7 5 10
2 1 8
6 6 3
8 1 2
1 4 8
10 4 10
10 6 5
10 3 1
3 4 3
4 8 1
4 8 2
5 4 2
6 10 2
9 4 6
1 5 5
2 6 9
4 9 8
3 9 4
7 2 9
4 7 4
10 6 3
7 9 5
7 10 1
10 3 7
1 10 2
3 1 10
9 5 5
1 8 10
2 4 7
2 2 6
3 9 4
2 10 8
10 1 7
9 8 3
10 4 5
3 3 1
4 7 2
3 10 1
5 4 10
7 10 9
5 4 4
5 6 6
4 10 10
6 4 1
1 6 5
4 6 8
2 1 3
10 9 7
10 1 2
5 9 8
3 5 6
9 10 2
1 3 6
5 3 9
5 7 5
7 4 2
5 8 6
6 10 6
6 5 7
8 7 3
5 7 6
2 5 4
5 9 2
4 10 1
3 3 7
1 1 1
9 4 9
1 7 8
10 2 2
3 6 10
10 7 7
2 8 3
5 3 9
2 10 8
3 2 8
7 3 5
