n 100
m 3
cap 10
Processing
48 13 49
92 35 71
95 92 45
10 77 60
5 33 77
89 65 83
12 17 95
14 84 72
15 6 39
43 85 51
62 79 33
43 74 86
77 79 54
58 88 70
58 58 63
5 82 80
21 98 94
29 92 83
7 60 13
60 71 76
90 32 46
76 59 23
94 74 17
65 95 9
84 38 90
59 57 55
61 27 30
39 90 64
3 87 49
53 80 25
97 58 79
74 90 83
52 76 15
95 60 3
87 21 24
87 38 59
50 37 96
65 49 100
77 11 94
57 82 81
39 13 26
2 50 19
24 40 74
11 84 65
63 32 66
46 7 2
68 2 76
96 78 57
22 70 63
68 17 7
53 68 1
81 60 81
53 63 35
77 6 2
58 49 10
71 63 1
39 8 2
78 48 77
22 35 77
20 55 49
96 79 25
39 34 1
57 55 65
18 71 48
57 44 7
45 67 15
6 46 100
97 96 33
76 66 77
5 23 70
32 71 68
85 88 33
35 72 33
68 99 60
83 23 84
71 72 37
49 31 41
97 82 32
22 75 75
45 46 63
8 68 46
87 45 83
36 66 13
48 86 21
84 28 51
86 40 59
71 90 26
44 12 83
8 86 91
84 2 24
7 32 97
30 42 8
56 62 7
20 67 79
53 24 91
21 70 74
20 97 85
61 72 3
41 99 100
3 79 74
Size
1 10 5
3 10 4
1 3 8
8 1 2
7 10 2
7 7 5
5 1 8
8 3 1
4 3 5
3 9 10
10 9 1
4 5 10
6 9 5
5 3 8
9 9 7
4 10 1
5 5 5
8 7 8
5 2 8
3 5 1
5 2 7
4 5 8
5 9 4
9 6 6
2 9 2
5 4 3
9 5 6
2 6 1
3 3 9
6 8 5
10 5 8
5 9 1
3 10 7
4 5 3
4 8 6
10 8 7
10 10 4
10 3 2
3 10 9
7 4 8
4 6 1
1 10 8
4 4 9
8 9 1
4 6 3
5 8 6
1 9 5
2 9 9
7 5 8
2 6 8
8 10 4
3 1 9
6 1 7
1 2 10
3 10 6
4 5 4
6 8 10
7 10 5
6 4 8
6 1 8
9 3 7
8 7 3
7 6 6
10 3 5
10 10 8
8 8 3
10 1 4
4 1 9
2 2 4
8 9 4
8 3 10
3 3 4
6 9 7
6 4 9
7 6 1
8 6 5
9 7 1
4 7 5
3 8 4
10 9 5
6 3 8
5 6 3
10 7 10
7 1 5
2 8 9
5 2 1
1 4 2
6 3 4
10 9 7
6 10 8
2 3 6
8 8 5
7 9 3
10 5 1
8 4 9
4 3 3
9 10 10
1 10 7
7 9 1
10 8 3
