n 100
m 3
cap 10
Processing
99 1 65
83 19 93
48 69 61
37 28 53
67 58 45
76 16 81
20 40 83
65 77 34
92 88 57
2 48 44
75 62 29
76 18 69
13 36 59
62 32 73
98 17 70
97 58 55
81 49 27
53 41 73
12 40 50
56 21 49
9 60 16
20 34 1
47 96 34
69 6 67
72 40 55
71 58 38
29 89 72
89 86 57
98 47 24
5 33 99
37 99 16
18 24 55
48 83 45
74 11 70
6 23 1
78 28 59
46 30 9
9 80 13
94 67 6
70 44 36
15 79 29
46 67 5
47 63 62
58 2 87
82 8 47
97 40 87
27 6 49
34 53 98
22 52 87
22 34 10
45 26 46
59 4 66
82 69 64
23 11 48
70 16 45
6 59 98
89 95 29
93 83 31
58 77 6
84 35 90
29 67 43
90 65 40
14 11 18
32 61 48
14 75 82
13 93 14
74 72 22
88 64 87
97 58 69
23 55 75
66 34 95
52 90 88
47 7 62
58 17 11
74 52 34
48 20 38
75 48 73
77 7 65
42 27 90
66 43 41
35 71 38
27 8 2
15 3 5
98 28 52
63 3 74
18 89 7
68 28 14
78 53 22
85 36 82
19 95 62
3 28 49
8 94 4
69 61 42
6 77 50
67 70 66
14 98 6
29 38 6
73 27 97
53 90 31
70 99 98
Size
6 6 3
1 6 3
7 1 4
4 8 10
9 10 2
2 3 2
9 8 9
6 7 5
2 1 3
8 2 2
10 6 2
6 10 6
2 3 1
7 5 1
5 9 9
4 1 1
1 7 5
6 4 3
4 9 8
10 9 5
10 1 8
6 9 3
5 5 4
2 2 8
2 3 8
3 3 7
1 8 2
3 5 2
8 5 2
8 9 5
3 8 3
7 3 5
1 10 8
9 10 5
4 1 10
8 10 6
4 1 1
8 9 9
3 3 1
7 3 3
4 1 2
7 10 1
2 2 6
7 4 10
6 5 9
7 9 3
7 9 9
2 5 5
9 8 7
1 2 1
4 9 6
8 8 7
5 6 3
10 4 2
2 8 9
2 10 5
9 3 10
7 3 7
4 9 3
2 8 9
4 10 4
5 2 6
2 10 9
10 5 10
7 6 5
3 6 8
4 5 6
1 4 5
3 6 5
6 5 2
2 7 8
6 2 4
1 6 1
9 2 8
2 4 2
10 8 8
5 1 1
1 8 10
4 6 2
2 4 10
8 3 10
3 2 2
8 8 1
2 3 8
10 4 8
9 5 3
8 5 9
10 4 3
4 2 3
10 8 9
7 6 7
9 7 2
7 6 8
1 10 10
6 8 3
3 6 5
5 8 6
4 5 7
10 4 9
4 1 4
