n 100
m 3
cap 10
Processing
5 93 18
89 45 79
80 87 64
99 96 18
38 94 44
96 2 48
8 83 12
32 2 46
84 63 55
77 83 43
90 35 78
34 21 7
61 30 26
99 86 97
50 68 38
11 2 94
74 65 17
81 19 86
95 11 12
94 57 18
9 70 16
90 1 30
81 14 45
99 85 82
77 91 36
19 56 69
60 42 52
29 30 77
88 76 53
96 83 70
9 25 57
37 46 36
76 62 27
25 53 52
50 87 8
30 32 12
58 58 72
35 34 73
85 72 85
84 17 29
19 20 18
4 44 21
46 50 31
62 28 68
38 71 4
3 45 10
1 61 90
75 49 25
2 61 90
48 32 79
40 4 13
38 41 58
62 78 39
99 46 60
98 75 49
82 32 52
3 94 58
62 21 48
20 96 89
32 73 9
7 45 97
57 50 89
22 27 75
66 25 52
61 73 96
15 35 22
12 100 83
95 86 70
6 81 18
36 96 95
19 4 71
62 58 52
58 84 55
60 99 59
57 82 53
59 51 30
43 34 40
60 65 84
10 93 59
79 30 1
92 86 55
30 78 31
32 70 47
45 57 4
100 11 71
10 71 36
86 95 84
81 34 6
88 19 45
10 100 60
80 66 97
85 32 28
42 13 70
55 39 100
95 40 42
33 89 45
4 35 97
37 43 8
5 86 15
99 13 19
Size
10 2 9
7 6 1
3 7 9
4 3 9
8 5 7
5 6 5
1 1 1
8 10 5
5 8 8
1 5 6
7 9 9
1 9 7
4 1 9
8 3 7
5 8 4
1 8 2
2 9 1
1 9 4
9 10 2
3 5 9
3 2 9
10 7 9
2 3 1
9 9 5
1 8 10
7 6 6
5 1 3
3 7 2
10 2 5
1 5 8
8 1 1
4 3 6
8 6 6
8 9 8
7 4 6
4 1 10
9 7 4
9 6 10
10 1 6
1 10 7
3 5 9
3 9 5
4 5 8
8 5 6
3 10 4
1 4 3
10 1 1
8 1 10
9 6 1
7 4 4
2 1 3
6 1 10
1 8 3
10 9 2
8 7 9
4 3 3
4 6 3
2 3 10
3 3 5
3 9 8
3 6 7
2 9 1
2 3 9
2 2 3
3 5 2
9 6 7
2 6 8
10 8 5
8 1 10
8 1 1
10 10 1
2 7 7
5 1 1
5 6 7
7 9 9
7 1 4
8 5 5
9 3 1
3 8 9
1 3 2
7 3 2
2 3 9
10 6 9
5 8 1
8 8 8
1 9 4
4 5 3
4 4 5
2 9 8
8 4 10
3 5 6
4 8 3
10 8 3
2 5 5
8 2 10
8 9 6
8 10 3
5 4 1
2 5 5
3 7 8
