n 100
m 3
cap 10
Processing
40 22 40
68 98 70
65 100 61
23 14 29
64 62 67
97 39 36
46 23 3
67 95 69
42 31 36
16 89 85
92 82 17
50 95 5
89 85 26
32 99 41
65 35 66
95 52 63
71 76 10
26 1 46
57 13 18
47 23 19
20 14 54
21 6 97
98 5 100
31 41 19
71 37 57
52 100 93
33 96 77
29 72 85
85 84 78
65 25 74
81 56 84
90 67 88
50 26 87
15 50 73
65 63 89
18 5 4
73 68 92
36 78 74
6 6 23
29 3 77
72 2 99
26 45 11
97 28 98
69 45 58
34 15 33
83 68 8
98 91 66
27 65 29
17 82 81
95 77 48
54 73 63
76 3 3
6 75 98
57 91 55
36 98 27
27 54 70
72 35 82
87 46 83
76 76 87
61 100 3
72 95 83
94 99 94
73 54 62
91 13 5
54 30 65
92 20 69
91 72 86
23 50 55
35 94 37
40 62 16
81 48 73
73 83 13
15 36 70
24 92 2
11 37 23
62 65 16
55 30 93
51 65 19
31 12 87
39 47 100
50 23 94
69 91 82
23 13 38
87 98 68
12 84 13
34 11 55
31 81 30
68 90 53
39 27 15
49 16 43
82 54 59
25 72 57
97 57 53
100 97 32
33 13 91
44 100 6
35 40 51
49 40 37
30 41 69
27 22 67
Size
1 1 3
7 2 1
10 5 2
9 7 5
6 9 2
3 1 7
9 8 2
8 5 3
1 4 2
3 9 3
4 7 8
9 3 10
10 10 9
9 1 6
3 2 7
4 9 5
2 2 1
10 2 6
3 6 4
1 3 4
8 8 3
4 2 1
1 3 10
2 9 9
6 9 8
7 8 8
6 6 4
4 6 10
3 2 7
6 7 3
9 9 3
8 6 7
7 10 5
10 2 1
10 8 5
4 3 6
7 4 10
4 2 6
5 6 9
9 2 3
10 4 8
1 3 1
9 10 4
8 6 10
9 9 3
3 4 4
9 4 3
3 8 2
10 10 6
5 1 4
10 10 6
6 9 8
7 9 2
8 4 7
2 1 8
7 10 4
4 6 5
4 6 2
6 3 8
3 7 4
10 9 8
8 7 5
1 10 5
9 6 3
4 5 5
2 4 9
8 1 8
6 1 5
8 4 4
9 7 1
8 9 1
8 1 6
2 1 7
4 2 6
1 9 7
5 4 3
1 1 6
5 1 3
9 9 10
2 8 6
7 10 5
4 10 2
8 7 1
9 10 2
1 4 7
7 10 7
2 2 6
5 9 8
8 8 2
10 9 7
8 5 1
1 7 6
2 5 7
2 2 4
10 1 8
3 5 9
6 5 2
7 10 5
4 3 4
9 9 2
