n 100
m 3
cap 10
Processing
43 91 31
47 31 2
89 62 18
59 78 26
24 97 62
12 80 1
32 66 62
3 48 21
67 60 30
21 73 76
82 98 25
54 65 61
91 15 72
91 35 35
50 2 43
75 97 24
81 70 12
66 60 63
40 72 100
56 100 29
96 30 85
72 45 20
78 92 35
73 66 90
26 24 81
68 17 81
27 69 10
99 37 80
41 84 59
13 74 53
14 93 37
88 100 97
95 18 3
98 83 64
91 32 61
66 61 40
65 29 50
56 59 29
91 45 52
81 27 55
55 24 82
59 50 17
25 42 34
49 16 97
94 33 43
80 21 53
50 86 76
60 16 87
89 57 75
16 10 66
17 94 55
64 36 35
83 9 40
85 62 16
8 15 51
72 47 59
2 56 91
27 57 57
48 54 24
81 61 76
89 38 88
42 88 36
59 4 26
36 51 72
24 43 44
69 46 62
92 23 53
19 68 3
3 66 58
2 17 20
69 92 55
86 64 56
28 24 26
4 9 44
14 78 39
66 31 7
47 97 100
7 33 80
23 80 73
76 58 74
38 60 34
79 7 79
79 94 43
78 49 93
13 49 47
86 19 9
50 50 71
36 63 20
42 60 25
30 75 58
87 19 85
2 42 37
80 54 11
86 46 28
36 86 69
12 39 89
7 33 74
93 65 65
31 6 30
1 18 88
Size
4 3 9
3 9 8
8 4 3
6 2 7
2 4 5
8 8 7
10 7 8
1 10 10
4 2 2
3 1 2
9 3 1
9 5 9
2 1 5
6 5 8
7 1 10
10 8 2
7 9 3
6 7 10
10 5 5
4 3 6
10 3 8
8 8 2
4 3 3
5 8 1
9 9 8
6 9 4
5 5 1
5 8 2
9 3 9
7 2 10
3 9 9
3 7 9
3 9 6
1 4 3
3 8 1
5 2 8
5 1 7
6 10 2
7 5 9
9 8 2
9 1 10
7 1 9
9 2 10
2 4 10
1 2 2
8 5 8
6 7 2
8 6 3
1 9 7
2 5 3
2 9 3
7 10 5
4 7 9
3 10 9
6 7 5
7 4 5
9 7 1
9 3 6
4 9 9
6 1 8
3 7 2
9 7 5
5 5 7
5 6 10
9 5 6
6 3 1
1 3 9
9 2 8
2 3 6
8 2 9
5 10 9
1 3 7
6 3 4
9 1 2
4 10 5
4 7 3
10 3 4
9 10 2
4 10 3
10 10 9
3 2 10
4 7 4
3 8 8
4 8 1
9 6 5
7 8 2
5 7 10
4 3 9
6 8 9
8 6 9
2 4 9
1 8 1
3 10 4
2 3 6
7 6 10
1 2 2
2 9 8
8 1 8
1 5 9
8 5 2
