n 100
m 3
cap 10
Processing
81 12 61
21 55 52
49 88 1
40 77 14
89 59 38
85 31 23
28 3 86
35 7 87
14 21 63
81 6 18
84 11 94
82 1 93
81 53 93
82 3 13
58 38 36
43 85 68
81 62 80
85 52 29
28 41 56
23 50 94
11 96 40
38 89 32
32 26 50
35 8 86
10 59 9
69 57 11
24 88 76
65 84 57
19 7 79
51 54 64
93 79 92
3 7 48
92 68 48
4 17 10
29 8 57
57 40 95
14 77 57
73 9 83
94 19 66
77 32 3
37 94 83
7 19 94
99 97 10
82 51 40
76 64 8
82 90 74
81 82 88
35 41 67
64 15 32
40 91 23
82 2 91
2 51 6
45 36 44
34 72 51
72 63 74
20 12 13
24 31 82
58 6 51
9 48 95
54 5 18
44 88 97
49 73 31
6 26 88
44 94 33
60 13 6
1 69 81
83 62 37
57 33 39
65 26 4
52 79 30
60 22 44
95 72 42
25 77 4
97 47 85
41 19 74
9 87 71
70 6 71
53 40 99
75 37 98
11 33 67
73 72 92
2 60 90
100 23 16
2 52 87
15 45 88
21 1 75
23 38 28
70 46 30
2 29 61
11 2 22
98 54 5
51 57 49
52 59 81
11 76 82
63 20 88
92 63 20
9 5 99
99 73 83
7 74 19
11 96 100
Size
4 3 4
10 6 1
5 3 8
6 6 8
6 1 2
8 6 7
5 9 5
8 5 2
1 1 1
2 10 9
7 2 7
10 10 7
5 2 1
1 10 7
7 3 5
1 1 10
5 2 7
1 7 9
2 3 4
4 10 6
1 7 5
9 8 4
10 5 9
8 6 10
10 1 9
10 2 8
7 8 5
3 4 1
10 8 4
5 7 5
9 7 4
8 10 9
10 8 3
5 4 7
1 6 2
10 4 3
10 1 2
2 7 9
8 8 4
1 6 6
5 3 10
3 9 6
7 7 8
6 4 5
1 4 6
6 5 10
1 1 6
4 9 10
5 5 9
10 10 3
4 7 6
9 2 5
8 8 10
2 1 10
1 8 5
9 2 3
2 1 3
3 8 1
3 4 1
8 6 8
9 5 9
8 5 7
8 5 6
3 6 9
4 8 1
1 8 8
4 7 6
6 3 10
7 9 10
10 9 9
2 2 3
6 9 3
4 5 2
3 4 1
10 8 1
9 8 6
3 9 10
8 1 6
6 4 7
3 9 1
2 8 6
8 10 10
3 10 4
1 3 4
8 2 5
7 6 2
6 1 7
3 6 3
6 9 6
9 10 3
1 5 9
4 9 3
9 2 9
8 10 3
6 10 7
6 8 8
2 7 2
3 3 6
10 3 8
4 4 6
