n 100
m 3
cap 10
Processing
64 21 73
73 14 46
8 72 90
17 81 42
56 46 100
26 20 72
22 46 23
70 44 73
63 31 95
87 31 15
71 74 46
61 79 87
77 3 62
75 16 42
98 71 58
56 4 66
79 59 100
40 50 85
13 5 78
11 51 45
26 61 97
19 60 28
35 94 11
96 25 14
91 42 5
64 53 35
43 31 30
84 64 86
78 14 74
83 31 25
59 41 22
23 85 22
18 35 74
87 97 52
75 77 30
16 5 80
19 75 39
43 73 17
57 35 36
84 47 58
84 75 89
44 36 23
64 76 78
26 80 3
27 97 12
51 36 51
22 46 3
68 65 94
71 65 55
53 33 75
36 5 37
4 42 39
77 85 67
81 9 21
30 65 91
46 9 3
54 5 9
40 28 46
35 33 68
51 76 74
64 18 26
30 60 21
68 100 98
90 88 54
88 7 93
62 10 83
14 99 20
97 20 63
21 31 98
100 47 15
51 83 32
55 86 90
52 99 90
89 81 79
47 41 90
80 32 3
34 96 80
99 9 44
55 54 1
77 76 12
23 91 83
32 2 94
54 61 42
91 83 9
83 45 63
97 27 72
50 77 22
16 84 97
29 25 98
3 91 78
9 99 50
96 81 90
48 61 32
10 48 16
87 77 22
77 41 85
35 1 26
41 1 56
72 53 8
35 85 47
Size
8 9 9
7 10 10
7 3 7
5 6 1
2 8 8
10 3 1
4 2 6
7 1 10
3 2 6
6 1 2
2 3 1
6 1 5
4 8 3
3 2 8
8 4 7
10 9 2
2 5 8
3 9 6
10 9 5
1 9 6
8 9 10
1 4 5
10 3 1
7 3 10
6 8 10
3 7 7
6 5 9
1 8 6
4 1 7
10 5 2
2 6 5
4 10 4
9 5 5
8 9 7
3 8 2
8 8 9
3 9 9
1 1 6
3 2 8
6 10 5
7 6 4
7 8 8
2 4 10
1 2 7
5 3 2
3 3 3
10 10 10
3 4 5
10 10 1
10 3 1
2 9 2
3 4 7
3 2 1
6 8 10
9 1 4
7 4 1
2 8 9
5 4 2
2 1 1
3 3 10
5 5 4
10 10 3
6 7 3
5 5 8
3 10 7
7 1 2
6 3 5
3 7 7
6 2 4
6 3 3
10 7 1
2 3 10
1 5 10
6 4 5
4 10 7
4 9 4
10 2 3
7 3 10
7 9 9
8 10 2
2 3 6
7 3 9
3 8 9
3 1 7
5 9 7
3 6 1
6 7 10
9 8 6
6 1 6
3 5 2
2 5 9
6 5 6
3 9 1
10 4 3
5 8 2
7 3 8
4 5 8
1 3 4
10 10 6
4 5 9
