n 100
m 3
cap 10
Processing
3 83 71
26 47 11
55 84 89
61 62 98
64 6 95
63 88 99
33 16 79
98 40 55
49 17 32
93 65 73
46 89 44
54 73 70
98 40 38
22 21 20
100 51 37
9 91 90
21 1 38
29 7 58
84 92 33
90 98 12
23 1 73
99 65 47
72 83 62
23 38 54
29 68 93
94 70 2
62 49 55
82 23 86
52 52 14
40 30 36
64 40 17
78 37 29
50 55 81
36 12 43
29 53 76
34 12 97
73 23 86
64 77 66
66 47 77
89 73 5
63 74 82
47 17 94
98 7 47
68 51 24
61 93 46
76 34 2
64 68 23
53 84 58
9 19 92
43 11 91
32 33 44
21 44 17
49 44 75
17 43 87
68 1 66
62 50 21
96 37 62
11 27 5
48 19 28
8 48 25
27 55 89
13 3 23
70 45 58
39 65 8
36 55 25
8 18 13
90 72 43
11 99 8
87 36 40
9 15 30
45 89 30
78 15 52
32 2 54
95 73 64
71 23 5
49 81 86
15 69 62
75 87 13
67 39 53
9 26 58
39 42 81
61 71 100
23 68 10
80 5 82
36 73 34
32 66 100
59 52 24
67 81 89
100 42 69
40 77 60
76 83 69
46 8 96
90 88 92
94 14 38
88 42 56
40 72 33
47 94 40
83 40 32
79 72 39
85 91 5
Size
1 1 8
1 1 6
4 4 6
10 2 2
7 4 4
9 9 8
10 9 9
7 9 5
4 6 3
1 7 4
10 6 8
7 2 3
1 5 5
8 10 3
2 9 5
1 2 7
5 1 7
2 5 4
1 5 5
2 9 8
3 10 1
4 7 5
8 7 3
4 8 3
10 7 3
4 10 3
1 1 3
6 7 10
9 1 10
2 9 1
8 3 6
1 3 1
5 9 8
1 10 4
3 3 9
1 2 10
7 1 1
10 8 8
4 6 2
4 3 8
2 3 3
2 4 10
10 4 1
9 7 9
1 5 8
7 3 3
9 2 6
6 9 8
2 10 10
7 3 3
2 8 10
1 10 9
6 2 2
6 1 1
8 1 3
3 4 1
10 5 6
4 1 3
5 10 8
2 2 6
9 1 2
10 7 10
7 8 5
6 5 3
7 9 7
8 10 2
2 9 9
2 8 5
1 9 10
3 1 5
9 9 8
7 1 1
4 9 4
10 5 10
4 3 4
7 3 8
10 10 8
10 9 6
5 1 10
7 9 2
4 8 5
9 1 10
6 5 10
7 7 8
5 8 4
7 5 7
9 3 6
9 2 8
9 9 10
4 2 6
1 5 2
10 9 7
3 4 2
1 9 10
1 7 3
4 9 8
8 4 5
5 4 7
2 2 9
10 8 1
