n 100
m 3
cap 20
Processing
40 94 55
99 2 49
11 65 96
6 68 95
7 55 67
78 39 6
73 29 32
11 59 26
98 5 29
100 37 75
69 80 55
80 33 63
51 2 34
95 38 65
45 73 87
49 24 25
5 68 70
79 61 1
89 24 94
54 55 74
98 11 50
33 3 14
45 45 15
48 85 40
8 70 65
52 36 54
16 29 11
11 99 20
33 9 6
45 63 82
63 1 28
53 14 71
88 92 57
34 57 48
47 43 100
3 14 62
72 64 40
78 31 53
70 14 97
88 44 74
71 86 48
49 32 52
74 99 99
91 11 68
55 81 38
54 75 35
33 100 17
67 63 7
10 95 97
80 22 79
36 28 74
47 7 61
95 19 41
89 48 86
22 39 82
49 71 24
84 62 1
30 25 10
50 81 20
52 74 48
84 42 16
16 53 6
35 69 29
17 75 61
12 4 95
68 66 96
85 1 21
24 29 75
55 81 68
96 46 12
31 23 79
81 18 12
56 14 57
99 60 9
17 15 23
53 60 17
97 70 87
68 13 17
100 79 71
29 12 50
28 54 27
54 61 54
45 100 8
72 12 40
68 99 94
79 23 41
80 88 95
49 54 34
68 90 2
84 81 93
49 7 92
29 97 85
2 75 45
14 77 74
79 63 70
96 91 19
96 32 75
55 95 20
27 57 19
39 65 75
Size
6 5 7
5 2 5
7 1 6
8 8 8
4 1 2
2 8 4
3 8 5
8 8 6
4 8 2
2 8 9
2 4 9
10 4 6
1 8 2
9 3 9
2 9 4
4 3 7
9 8 4
1 6 2
6 10 10
3 2 3
7 10 9
3 9 3
2 7 10
2 3 9
3 10 8
10 1 4
1 7 5
7 9 2
4 7 8
9 9 8
6 7 7
6 6 4
10 5 5
5 4 8
4 4 9
5 10 6
10 2 3
1 9 9
4 5 7
5 9 2
8 3 2
1 5 10
4 8 9
5 6 8
2 9 10
6 3 3
7 8 3
9 2 8
7 8 1
4 2 5
8 10 4
6 2 10
4 9 4
10 9 1
9 4 4
2 4 10
5 8 4
5 5 6
4 7 4
7 3 8
4 3 8
7 2 1
2 3 7
9 6 9
8 6 8
1 10 2
8 7 3
6 4 1
1 8 3
4 9 6
6 7 2
5 6 2
3 7 4
5 5 7
10 9 7
2 4 1
10 5 3
3 5 10
4 5 2
8 8 1
6 5 7
7 10 10
1 5 4
3 5 10
6 7 8
6 3 2
10 10 1
6 3 1
3 2 9
9 4 1
1 1 10
8 3 10
6 9 8
3 8 10
6 7 5
7 6 8
5 1 4
1 9 9
4 9 9
2 6 4
