n 100
m 3
cap 20
Processing
49 32 18
48 95 95
59 42 41
81 28 96
10 84 23
57 56 10
47 16 8
76 62 35
21 69 24
86 91 50
56 83 26
74 2 3
10 24 90
97 46 73
4 82 70
54 26 60
79 20 63
64 9 76
69 7 4
83 4 85
85 82 39
47 20 11
74 29 39
6 73 25
49 61 2
86 30 33
84 50 69
75 23 56
22 65 19
92 10 51
55 90 13
88 67 78
6 42 3
68 62 59
45 49 98
90 89 82
66 17 92
65 12 79
12 78 86
91 48 100
62 24 40
70 82 63
55 68 94
7 44 55
4 30 31
23 56 38
68 100 89
3 33 55
21 27 23
25 53 32
3 50 17
11 82 36
15 54 87
36 73 4
77 79 63
15 73 99
6 85 94
35 30 70
16 70 71
42 21 32
39 29 19
26 29 43
39 59 17
98 61 24
54 55 16
41 84 82
46 19 19
28 29 77
85 65 60
41 3 43
2 93 48
30 85 6
100 1 7
49 73 70
48 57 40
18 87 54
46 15 91
73 10 85
93 6 81
98 90 14
74 99 8
34 80 49
36 69 88
64 59 98
44 57 87
74 100 39
100 28 16
68 19 71
62 11 16
97 62 23
10 1 40
91 22 72
18 99 88
46 19 50
66 98 16
58 58 49
43 1 25
28 16 43
47 97 51
86 100 80
Size
4 3 1
2 10 9
7 10 10
10 10 5
2 5 10
6 1 7
1 3 7
8 7 4
2 5 9
4 8 10
9 10 2
2 2 9
8 3 1
2 6 7
2 7 4
6 4 10
7 9 10
9 1 5
3 1 3
8 3 10
7 9 3
1 8 1
9 5 5
5 1 1
4 3 5
5 1 8
4 1 7
5 6 3
6 3 10
7 5 8
4 9 2
4 6 2
6 6 8
2 10 9
6 7 3
6 8 8
2 1 5
6 6 9
7 8 1
5 6 2
1 2 1
9 10 8
2 10 9
3 5 9
2 9 8
2 3 1
3 2 6
2 10 10
9 3 2
2 10 4
6 4 6
3 7 5
1 3 8
6 10 3
6 4 4
8 2 8
1 5 9
10 8 1
7 2 9
10 5 3
3 5 3
9 9 8
9 8 5
1 2 1
4 5 9
10 3 1
6 8 7
5 9 4
7 8 4
1 7 10
4 5 4
10 3 5
3 7 9
7 10 7
3 9 1
1 6 3
5 4 3
7 6 5
8 4 8
9 10 8
5 3 4
4 9 9
9 3 2
9 8 8
9 5 5
10 8 4
3 2 3
9 2 4
10 10 9
7 9 8
2 5 1
3 10 7
1 3 4
7 6 2
2 3 1
1 3 9
8 2 10
9 10 6
6 6 9
7 7 3
