n 100
m 3
cap 20
Processing
26 73 80
69 9 31
29 5 86
21 42 26
13 78 87
1 93 78
48 67 43
92 43 39
49 32 44
72 69 5
67 40 4
28 3 99
7 2 3
86 32 67
45 3 18
95 19 11
54 78 12
76 13 51
40 76 69
38 24 37
11 7 3
96 91 29
75 56 34
29 38 24
52 48 90
37 49 75
56 65 20
56 96 40
59 32 27
29 50 70
88 76 12
55 67 43
29 89 27
71 29 3
26 59 61
20 4 3
64 66 8
41 55 88
48 82 91
54 59 7
95 26 31
93 12 93
83 84 78
76 72 5
70 8 56
79 65 67
93 7 6
23 39 72
83 6 5
49 29 22
34 54 89
84 84 4
15 45 76
52 62 79
55 30 18
62 33 91
81 87 69
56 70 71
65 12 93
48 40 32
25 53 60
90 100 17
15 32 23
58 55 93
97 69 84
44 12 69
37 26 28
33 80 42
79 46 68
67 24 13
92 34 91
12 25 21
5 46 20
53 90 33
79 25 39
65 85 2
3 76 64
73 9 62
53 28 46
76 17 90
89 17 89
60 47 92
90 28 97
63 45 92
100 62 79
15 12 48
80 39 76
59 53 10
7 77 98
59 46 37
68 47 18
11 46 49
55 32 38
84 17 66
80 4 15
3 71 10
84 69 10
20 87 9
9 50 75
93 78 8
Size
2 8 6
10 5 2
9 4 5
6 3 7
1 1 6
9 10 10
5 7 2
10 1 6
2 3 10
3 7 1
1 5 8
3 1 10
1 6 9
6 5 6
8 1 8
1 3 9
6 8 3
4 7 3
2 4 8
4 10 1
2 10 7
6 10 2
7 3 5
10 4 4
1 10 10
7 5 9
7 5 6
7 1 8
3 6 9
6 5 9
4 7 3
7 5 9
8 7 10
1 8 7
4 9 2
3 2 9
10 5 5
1 7 9
8 6 3
1 2 5
3 7 2
7 8 2
3 2 3
10 1 8
3 10 7
9 8 10
8 4 8
8 5 4
4 6 7
6 8 9
3 3 1
2 3 10
7 1 3
6 10 1
6 10 3
6 3 6
4 6 6
10 1 10
6 1 8
3 2 4
2 4 4
2 9 5
7 3 1
8 4 6
4 7 2
7 1 6
7 2 10
3 9 2
4 7 8
8 9 10
3 1 2
6 7 1
4 9 2
3 1 3
6 3 7
7 10 7
8 9 4
2 4 1
1 9 5
1 5 9
10 2 1
10 6 6
9 1 4
2 7 9
5 8 2
9 7 3
7 9 10
2 5 1
8 3 7
6 10 10
2 10 10
9 8 4
1 1 7
4 5 5
5 6 8
3 4 10
4 5 4
7 10 1
6 6 7
6 9 5
