n 100
m 3
cap 20
Processing
62 15 100
41 14 57
66 56 10
42 76 7
51 1 100
33 76 80
49 87 66
35 81 89
23 6 62
90 2 58
89 58 23
65 34 67
51 96 84
46 21 14
55 49 46
24 38 100
23 5 75
34 30 32
34 66 3
70 47 44
23 9 84
36 49 8
83 57 50
61 60 20
91 67 81
5 14 74
70 49 36
98 45 59
30 18 96
55 74 79
29 26 90
56 69 10
77 81 22
4 66 21
22 41 96
21 53 96
69 50 97
61 22 62
12 22 23
34 6 21
41 71 39
88 20 76
33 77 75
48 87 72
83 24 61
8 54 93
15 68 44
63 37 30
67 36 8
83 71 85
74 95 100
56 10 81
61 99 2
82 91 81
50 61 35
100 28 95
97 24 6
29 19 8
18 90 49
100 72 85
3 50 52
27 100 89
48 72 18
97 78 74
78 77 62
35 72 98
68 68 15
65 100 54
78 27 92
65 8 28
80 76 87
70 44 12
25 47 65
65 17 61
32 30 20
14 97 2
16 37 77
10 65 95
7 34 16
83 84 1
50 71 66
58 2 8
40 67 47
23 56 20
72 22 37
81 24 90
44 21 50
69 72 85
69 1 56
52 40 39
87 48 69
83 25 53
18 2 30
25 89 80
15 3 20
33 77 54
33 14 98
5 27 26
13 22 100
63 20 96
Size
7 8 5
10 2 4
7 4 8
8 3 6
3 6 7
1 10 9
8 1 6
5 6 4
3 9 1
9 4 6
4 5 7
5 10 8
7 3 5
3 6 10
10 3 7
7 5 5
9 4 8
2 5 6
7 8 4
2 6 10
4 2 5
2 10 2
10 5 5
4 6 4
4 1 2
3 8 9
3 3 6
9 3 4
9 5 8
1 4 5
4 1 1
7 1 2
1 10 9
2 5 4
1 10 5
7 3 5
5 1 3
8 2 9
2 10 10
8 4 7
4 8 1
5 2 2
9 9 4
1 1 6
1 3 10
1 6 10
2 4 6
1 10 8
4 2 6
5 2 7
2 3 1
10 4 5
8 5 4
1 10 10
5 3 9
3 3 9
5 9 5
10 2 8
1 9 2
7 10 7
8 2 1
2 9 2
3 4 7
10 3 6
3 7 3
4 4 8
2 6 9
2 8 5
7 1 2
2 2 1
1 8 7
9 7 9
8 3 9
6 6 7
8 4 2
8 8 2
9 7 2
6 8 4
8 10 4
8 4 4
10 7 5
2 7 8
1 8 2
5 9 1
3 3 7
3 1 3
4 9 3
1 9 6
7 4 8
2 1 7
5 8 4
9 8 7
9 6 3
9 9 8
6 6 10
1 6 4
10 2 3
9 9 4
6 4 1
9 3 10
