n 100
m 3
cap 20
Processing
11 4 52
55 8 1
85 34 17
43 24 79
83 77 75
36 56 91
16 14 88
19 75 6
42 80 62
43 33 62
42 42 17
40 17 2
27 10 62
4 28 30
6 46 15
76 47 6
68 61 68
68 71 37
47 11 8
83 31 52
41 35 41
61 90 48
65 97 33
57 83 19
61 1 55
57 81 8
5 91 33
6 10 53
98 33 48
1 63 97
23 51 2
94 38 26
81 95 94
9 19 49
18 43 82
43 62 10
52 83 79
60 75 30
26 91 2
90 97 1
93 53 43
96 48 70
97 99 58
99 47 87
90 42 68
43 67 82
40 52 3
91 35 21
32 29 64
93 98 18
13 67 69
100 35 40
96 94 21
24 96 86
76 67 22
91 51 64
40 98 49
45 95 49
83 67 89
71 11 31
55 36 11
8 65 33
54 39 70
9 81 32
8 10 11
21 73 53
77 1 92
2 71 81
1 37 7
89 71 73
15 21 3
46 64 27
28 61 64
92 54 42
43 44 93
8 52 54
45 71 62
88 42 39
48 26 3
71 42 89
60 13 74
17 39 35
73 61 71
94 90 14
48 22 61
10 77 52
97 21 6
50 22 14
39 4 42
30 46 92
72 26 59
50 49 49
99 9 70
23 59 58
97 62 56
71 3 20
74 42 17
25 74 26
41 9 95
50 30 72
Size
2 9 6
4 5 7
5 7 3
8 5 4
2 1 3
7 6 9
2 8 5
2 7 7
6 10 2
10 9 8
9 3 10
1 2 6
9 5 2
2 10 8
7 5 9
1 6 2
6 9 8
5 4 5
9 2 2
10 2 9
10 2 1
4 1 6
9 2 4
10 1 5
5 5 6
8 9 4
10 9 4
5 2 8
4 7 6
10 1 6
8 4 3
10 6 5
5 10 9
1 10 8
8 5 10
1 4 2
7 6 7
5 6 1
2 5 3
10 1 9
4 4 2
7 3 5
3 4 1
5 3 5
6 1 8
2 8 4
6 7 2
5 5 4
8 6 7
3 2 3
10 7 8
2 8 1
8 9 8
8 3 6
8 9 7
8 2 8
3 6 1
6 9 6
5 7 1
5 10 7
7 9 6
9 6 5
7 10 1
6 3 8
10 8 9
1 5 2
3 9 7
7 5 9
10 8 6
6 8 9
6 7 1
5 6 3
6 5 4
7 8 9
8 8 6
8 1 7
1 4 9
1 6 9
1 3 7
2 5 7
9 9 8
5 9 5
1 4 5
7 6 5
1 9 3
3 3 9
6 1 9
3 1 8
10 6 10
5 7 4
4 4 9
7 8 9
5 1 8
2 1 4
10 5 10
9 2 1
10 6 6
6 1 10
8 9 10
10 1 4
