n 100
m 3
cap 20
Processing
25 1 75
49 84 75
82 64 6
64 63 87
18 7 15
14 77 100
57 87 17
32 38 89
69 10 40
49 93 34
1 79 66
21 79 77
99 9 69
52 9 24
11 89 80
41 53 4
33 25 46
36 6 56
65 42 9
18 27 78
2 63 100
96 4 39
14 92 3
72 54 44
73 30 45
91 19 88
10 44 54
77 86 3
95 24 69
84 36 38
16 54 45
42 45 22
21 12 81
100 35 1
87 97 28
31 67 69
60 71 75
53 10 88
24 4 65
24 78 24
60 57 23
94 31 36
74 54 36
83 97 63
63 96 38
13 12 17
53 2 81
16 19 13
30 95 91
36 4 25
89 94 100
77 46 68
49 10 67
32 26 70
96 93 53
99 18 95
40 41 92
85 38 79
30 24 89
97 70 100
85 65 69
42 82 24
71 90 32
50 39 5
5 51 13
30 49 29
34 35 12
71 29 41
35 69 24
44 76 16
2 76 55
27 40 28
58 63 41
49 38 15
57 17 88
47 15 16
86 45 59
54 45 25
20 35 1
77 89 78
47 76 24
11 54 54
64 47 12
55 66 25
100 91 51
15 100 64
95 24 97
9 75 65
97 1 2
40 16 17
23 42 54
25 61 34
10 79 81
69 68 28
93 60 92
97 31 53
53 20 87
78 32 38
13 43 94
36 80 90
Size
4 7 2
7 3 6
4 9 4
3 7 5
8 7 8
3 10 2
5 3 5
8 1 4
5 5 3
2 5 10
8 10 5
10 8 4
5 8 9
7 4 10
1 4 3
3 4 7
3 6 2
3 3 7
7 1 2
6 10 8
2 5 5
10 1 4
9 1 3
1 1 3
9 6 7
8 6 5
10 7 2
10 10 1
8 4 7
10 7 1
6 5 1
10 2 3
5 6 7
6 6 10
7 3 5
7 9 8
8 5 9
10 6 3
5 3 1
1 4 5
4 10 8
9 4 9
10 7 5
10 10 10
6 1 5
3 10 4
5 5 3
3 3 6
7 5 2
4 2 3
4 8 4
2 9 7
1 2 8
10 6 8
10 2 10
8 10 1
3 3 8
2 4 3
4 6 10
8 3 2
5 1 4
5 9 5
1 9 6
1 3 7
10 3 1
5 1 2
6 2 9
3 9 8
2 2 2
1 3 8
7 8 5
2 6 10
5 3 7
3 1 8
7 3 7
8 2 1
7 9 7
9 1 6
7 10 10
6 2 1
7 2 4
7 4 2
7 2 3
5 3 4
7 8 6
1 2 1
4 2 6
2 2 3
4 6 5
5 8 10
3 2 4
5 2 2
10 5 6
2 4 5
8 1 6
9 6 2
7 2 4
8 9 8
8 1 6
7 4 8
