n 100
m 3
cap 20
Processing
50 93 58
71 59 66
78 51 100
17 93 99
66 1 38
42 97 26
20 59 52
24 60 42
69 57 12
52 79 21
43 55 72
47 85 51
68 90 51
7 30 59
62 47 86
84 67 6
88 43 80
96 50 44
27 24 82
48 86 57
39 25 58
27 53 36
24 77 2
15 85 9
58 48 61
30 41 18
96 62 42
17 38 89
18 58 61
68 64 16
73 46 43
53 71 94
30 4 87
2 23 18
58 9 82
88 38 93
17 61 73
85 79 71
30 24 73
34 38 44
44 92 53
61 56 87
60 38 23
79 89 37
43 67 98
80 77 77
8 73 72
51 47 77
58 38 75
61 84 94
21 69 53
20 77 48
50 58 55
13 16 97
33 7 90
6 50 15
39 76 50
36 43 15
82 97 82
18 24 2
6 41 40
47 13 46
86 48 19
21 40 10
27 71 38
20 51 71
34 6 95
29 64 92
1 72 59
88 15 87
55 29 70
22 55 91
45 99 45
10 43 82
66 88 48
19 53 14
50 96 13
26 22 40
83 100 73
58 54 47
7 85 74
18 49 79
88 3 61
68 82 39
43 84 70
12 12 15
59 60 94
13 65 6
60 28 100
41 83 35
51 53 12
15 7 59
50 38 41
42 20 98
61 89 41
10 10 70
78 1 21
2 25 46
44 15 31
65 48 94
Size
6 4 7
2 5 4
4 1 8
3 9 6
9 7 8
4 9 8
3 9 4
9 1 1
7 3 5
9 8 7
7 2 2
10 10 1
5 3 8
6 4 10
4 2 9
8 8 8
3 4 5
9 7 7
5 4 3
10 4 7
1 10 8
9 3 7
3 7 9
3 5 5
4 4 7
4 3 5
3 10 2
2 2 3
3 7 10
4 5 1
10 4 8
10 6 9
7 6 3
5 4 3
8 7 4
9 2 1
10 7 3
3 6 9
6 2 3
8 3 6
9 3 3
8 3 5
2 5 1
2 7 2
1 2 7
8 5 5
1 3 6
9 1 9
2 2 4
6 1 2
2 6 5
3 7 10
10 6 10
10 9 7
2 7 9
6 1 7
7 2 4
8 2 1
5 1 5
5 7 1
4 5 5
3 7 1
6 9 9
10 5 3
4 1 8
2 3 5
9 6 1
6 6 10
7 8 4
9 5 10
8 4 4
1 4 8
7 3 1
7 5 5
10 10 6
9 2 1
9 5 1
1 7 6
2 10 2
8 9 9
9 5 3
2 7 4
3 10 1
6 8 9
10 2 1
7 7 4
3 6 4
5 6 2
7 5 9
6 6 10
4 1 4
5 10 8
10 6 2
1 10 5
1 4 9
9 2 10
8 3 10
8 8 3
3 1 6
7 3 3
