n 100
m 3
cap 20
Processing
22 79 23
9 94 87
91 21 25
48 58 40
79 29 58
53 55 62
46 87 58
17 93 41
51 40 81
72 99 86
60 64 59
9 64 94
81 12 9
53 22 4
80 16 12
98 20 6
43 29 80
48 73 41
23 50 32
27 38 9
24 14 42
14 86 83
74 8 14
1 63 38
63 11 55
72 12 91
31 25 4
50 67 6
25 45 67
30 37 63
9 50 82
56 91 86
45 75 28
7 14 86
5 56 62
6 18 78
30 85 40
75 43 64
51 12 22
52 58 50
90 38 20
76 12 54
10 18 10
97 51 36
62 55 51
23 32 86
63 42 11
51 72 29
62 52 11
55 47 100
62 46 86
8 40 4
16 16 74
50 6 83
67 96 83
20 31 74
38 14 39
16 14 61
51 100 50
14 83 13
29 56 37
16 45 8
96 29 6
59 49 55
5 15 65
49 47 70
83 44 100
93 88 35
90 96 25
84 65 71
34 73 84
85 76 98
80 64 24
28 48 9
85 34 46
11 14 69
16 24 47
88 10 93
64 55 89
100 50 45
35 80 73
99 71 69
4 77 77
7 96 76
1 36 39
89 77 10
100 60 47
92 96 80
88 64 48
10 40 85
92 29 96
20 59 11
92 73 77
41 3 91
83 36 18
5 70 62
63 91 57
56 53 67
14 40 72
51 68 27
Size
4 4 5
9 4 10
9 1 2
5 9 4
4 8 9
9 5 6
6 9 1
7 7 2
8 3 4
4 7 4
4 2 1
8 2 2
2 9 8
6 3 5
7 6 4
7 5 5
6 7 1
8 2 4
8 9 10
5 2 1
9 6 6
10 7 9
3 8 7
6 10 2
8 2 3
2 2 1
8 8 5
10 7 9
9 10 6
10 6 6
7 6 8
8 3 1
1 2 7
5 7 3
2 10 10
5 8 7
3 6 10
6 1 1
9 8 6
4 7 6
9 3 10
10 4 7
7 10 3
5 5 10
5 5 8
1 5 9
9 1 10
4 4 6
7 5 1
2 7 10
1 9 10
9 5 1
7 8 3
8 4 10
8 8 10
3 2 2
5 5 10
1 8 5
5 3 10
7 1 6
10 3 10
6 7 1
8 2 8
10 3 2
10 5 1
7 8 2
5 7 10
6 3 8
9 2 7
6 4 3
10 7 2
8 10 5
6 9 8
1 8 4
5 8 7
7 8 9
5 10 4
10 1 10
10 4 6
9 1 7
4 5 8
3 6 7
3 3 8
9 4 1
2 10 5
2 1 7
10 2 8
8 8 4
5 5 2
9 5 5
2 2 3
2 9 7
3 10 7
4 1 3
5 9 9
3 10 9
9 3 6
1 1 10
9 8 7
8 2 10
