n 100
m 3
cap 20
Processing
87 84 51
93 28 56
39 34 74
10 42 59
20 57 84
56 96 42
9 83 71
26 30 30
48 71 72
14 33 34
72 97 11
29 56 87
58 32 60
4 24 78
66 95 36
56 77 60
99 45 12
11 78 56
86 67 47
36 22 43
4 24 4
50 66 41
45 19 69
51 90 74
7 32 5
82 91 76
18 2 11
72 22 34
80 41 46
22 94 26
29 40 63
19 51 92
8 85 81
83 99 5
35 3 29
13 89 58
96 13 31
1 6 80
44 77 65
86 95 39
68 43 78
63 8 44
91 29 22
2 25 79
87 96 30
73 35 29
85 49 80
89 70 90
47 59 75
90 34 91
9 18 78
62 6 56
69 93 57
74 55 20
3 71 91
72 29 54
15 100 5
51 38 40
29 50 10
86 22 28
90 58 77
87 1 98
27 97 20
87 12 27
90 17 73
51 43 70
41 57 95
3 67 62
53 11 93
87 16 30
12 20 59
74 75 27
70 38 16
55 61 28
33 86 1
8 51 43
82 2 20
55 57 20
8 75 4
5 48 61
60 23 68
34 48 37
53 65 62
62 78 50
68 96 18
14 32 96
60 83 55
25 73 36
100 10 42
48 49 11
74 83 71
47 15 24
32 60 31
89 10 4
91 72 85
52 4 71
76 76 47
84 36 32
17 79 83
87 44 82
Size
8 1 1
10 2 7
6 9 2
4 5 7
7 6 4
7 3 9
7 2 5
10 6 5
7 9 3
4 1 1
4 10 2
7 4 1
4 3 9
1 9 7
5 8 2
3 6 3
2 6 8
10 5 7
5 5 2
8 4 10
4 8 10
1 8 7
10 4 7
9 7 10
4 2 3
8 10 6
7 5 2
7 4 7
9 2 10
8 2 4
7 7 4
3 9 3
4 5 7
3 2 6
1 3 3
6 4 5
5 1 3
3 1 5
10 7 9
5 8 2
4 5 10
10 4 9
5 9 8
9 2 7
3 8 1
5 9 8
1 5 2
1 6 10
8 1 9
2 8 3
9 1 8
2 1 6
3 4 5
8 9 9
9 3 9
4 8 7
5 2 1
3 1 3
2 4 5
3 10 4
6 6 5
6 2 7
7 1 5
5 6 2
3 6 1
9 2 8
8 7 6
5 6 7
2 6 1
1 2 4
1 6 1
7 10 5
6 4 10
6 4 1
3 2 8
10 9 5
7 10 1
8 3 2
7 5 10
5 4 5
4 2 3
2 2 6
5 7 9
1 4 1
2 5 3
3 5 3
3 5 10
4 9 7
10 10 8
2 4 3
6 1 4
2 4 5
9 5 5
3 8 2
1 5 6
4 9 4
6 5 7
5 6 6
8 1 4
5 10 5
