n 100
m 3
cap 20
Processing
77 69 12
82 78 31
75 21 58
27 39 36
70 32 34
76 46 48
42 69 38
93 59 40
63 50 82
50 42 89
67 82 38
94 70 54
21 11 49
80 34 8
90 68 38
14 80 35
44 7 1
17 65 9
85 19 93
43 99 43
61 25 32
18 42 65
28 93 78
42 59 81
96 37 28
100 28 6
21 25 80
80 18 96
90 50 32
29 43 83
55 80 83
72 25 3
24 51 9
46 97 48
45 30 67
38 13 77
57 18 88
19 29 82
56 52 15
45 74 21
12 91 84
62 97 27
24 99 61
6 79 42
29 15 15
63 71 92
30 38 79
41 81 73
49 15 78
22 2 84
4 51 56
41 11 90
55 2 67
5 95 71
63 86 88
35 53 46
60 26 57
57 19 43
43 80 11
30 30 98
75 74 70
34 64 68
39 42 9
26 9 71
93 99 22
1 67 51
8 42 11
92 71 22
47 41 98
68 14 86
72 14 98
29 44 97
72 62 90
65 42 85
16 47 28
70 12 75
41 77 85
16 42 19
55 37 100
87 79 52
18 36 64
48 81 87
37 67 49
96 24 5
70 98 38
14 49 94
1 88 93
100 28 45
36 66 17
40 16 36
23 50 81
86 94 93
47 48 67
36 21 23
7 6 11
38 44 12
96 95 98
2 55 68
92 4 24
98 74 65
Size
9 10 2
4 4 10
3 9 8
7 1 2
5 5 8
9 2 4
1 5 2
1 5 6
4 5 7
1 4 5
4 8 7
10 9 6
8 6 1
6 9 10
10 10 10
7 2 5
5 9 6
10 6 7
4 1 6
7 8 7
10 1 7
8 8 2
8 2 1
2 8 10
4 5 2
9 3 2
8 1 8
10 9 9
6 5 7
8 8 7
3 9 3
10 3 5
7 5 9
7 6 2
9 9 9
10 9 5
4 10 4
3 10 8
2 1 9
6 1 8
1 5 9
3 8 10
4 2 2
9 8 9
1 2 5
4 4 5
2 7 10
1 10 10
10 2 5
5 9 2
8 8 7
9 9 4
2 3 3
7 10 4
1 2 6
9 10 3
4 7 7
1 9 4
9 8 3
7 10 7
1 9 6
7 8 7
1 8 7
9 2 1
8 6 7
7 8 8
4 5 8
3 7 4
2 7 5
4 8 6
1 9 6
1 10 9
9 5 2
9 9 7
8 3 6
2 10 8
5 8 10
1 6 4
1 1 8
10 3 6
4 2 1
3 4 10
6 2 7
7 3 1
10 6 7
6 5 2
2 10 4
1 10 2
10 6 7
4 3 5
3 9 5
7 3 6
8 9 10
10 7 2
5 8 4
1 5 9
4 2 10
10 1 5
2 4 7
2 2 9
