n 100
m 3
cap 30
Processing
57 42 39
90 93 57
80 39 31
90 2 56
2 89 77
55 92 66
88 20 78
81 68 30
49 31 17
45 90 77
50 59 63
71 72 54
30 10 9
79 19 36
7 73 51
60 44 51
57 16 45
100 14 18
21 48 56
47 21 72
67 53 65
96 59 11
91 40 16
4 62 16
45 64 51
66 72 71
5 89 84
8 5 37
79 70 65
9 24 77
29 1 2
1 58 18
92 36 52
89 34 60
43 33 58
13 40 96
44 44 25
77 17 73
79 10 8
76 41 97
68 59 53
28 42 93
27 60 19
1 58 61
99 69 9
29 98 48
56 98 42
93 76 91
26 45 18
86 36 48
96 30 25
64 80 1
63 25 8
97 92 85
90 27 25
7 16 38
42 55 4
57 67 23
54 68 10
10 97 97
84 52 53
71 60 63
91 75 45
83 98 17
63 73 97
85 4 80
10 88 61
47 21 82
65 85 45
16 77 28
51 16 24
2 25 13
83 54 37
64 52 31
21 36 66
9 94 4
22 97 49
31 8 77
43 69 82
81 27 16
45 8 62
54 64 28
64 58 66
47 17 35
11 77 62
30 9 8
49 38 35
28 21 36
28 60 82
72 55 93
83 68 9
39 84 64
80 100 38
18 44 69
73 36 39
10 14 40
83 38 53
65 37 26
99 1 22
69 42 32
Size
9 6 1
8 10 7
5 10 9
2 1 2
3 5 10
2 6 7
8 9 1
9 5 3
3 8 2
2 6 7
7 1 5
5 6 2
1 8 7
2 3 7
3 8 2
7 5 1
6 6 10
7 4 3
8 1 5
4 4 1
6 7 7
7 4 9
6 5 5
7 5 7
2 9 10
5 2 7
6 7 5
7 7 3
5 9 2
1 8 4
3 7 6
8 8 4
5 8 8
10 3 8
2 4 8
7 10 4
5 9 2
3 1 3
10 9 8
5 3 6
6 6 7
9 3 1
1 4 10
4 1 4
3 1 6
2 2 7
7 5 8
9 10 3
8 7 9
2 5 10
6 2 7
8 9 2
9 6 1
2 5 1
8 9 5
3 6 1
6 5 8
3 5 7
1 5 4
6 4 3
9 6 4
2 6 1
8 3 2
1 5 6
1 7 7
10 1 5
10 9 8
4 2 5
5 3 5
1 3 9
7 3 8
4 10 6
3 6 5
2 2 4
7 5 10
9 9 6
4 6 1
3 1 8
10 7 7
5 1 5
1 9 7
9 9 4
3 7 9
1 6 9
1 9 6
9 8 1
9 9 2
6 6 9
1 2 1
9 1 9
7 10 8
4 8 6
4 7 8
8 9 2
8 10 5
2 7 7
1 9 8
1 7 6
7 1 5
8 5 5
