n 100
m 3
cap 30
Processing
55 1 39
68 95 5
30 6 31
95 25 86
65 8 80
75 28 52
62 15 28
87 81 43
94 43 12
92 91 73
69 53 92
50 79 63
76 24 57
10 49 22
30 23 54
77 17 35
38 37 20
81 44 68
60 65 44
52 27 90
37 70 69
42 56 72
56 26 18
91 1 26
8 34 28
62 17 10
16 98 1
28 88 12
81 71 98
90 54 70
28 98 6
64 25 20
90 13 33
78 97 93
40 21 51
59 92 86
39 82 68
12 33 20
5 68 10
87 35 60
4 79 56
94 84 20
89 52 59
97 34 27
95 11 7
47 7 35
92 75 34
14 12 6
13 99 87
83 2 29
96 37 52
15 26 57
56 72 75
38 95 43
24 5 32
21 89 11
46 21 78
41 97 26
69 10 85
89 90 43
42 83 40
19 27 49
62 31 49
67 82 27
16 41 100
80 99 18
56 53 21
95 15 78
57 23 20
84 82 60
36 86 32
43 19 4
50 3 100
60 2 50
64 42 47
88 47 16
14 10 61
74 79 79
7 12 11
24 65 43
67 52 76
23 67 33
90 67 12
12 60 1
26 74 18
71 96 22
53 74 91
40 40 57
75 76 66
67 52 74
62 44 95
81 51 3
54 65 69
73 6 44
28 11 74
94 81 33
26 51 97
9 63 13
31 49 89
5 42 40
Size
6 5 1
7 4 10
7 7 1
1 6 4
1 5 10
7 7 4
7 3 1
2 2 1
1 7 4
10 7 1
1 10 10
6 9 3
1 9 8
1 10 4
3 10 7
7 5 5
8 6 1
4 4 8
8 4 5
4 8 4
4 4 6
9 9 10
7 4 6
5 8 5
9 9 10
2 7 4
7 10 4
7 8 4
9 6 8
8 3 8
2 5 7
5 7 6
6 5 5
5 9 10
5 7 9
3 4 4
10 10 8
4 6 2
9 6 7
4 8 5
9 2 4
4 5 10
3 1 10
8 9 1
6 4 1
2 4 2
5 2 8
9 7 3
1 10 9
2 3 9
4 3 4
6 5 9
4 6 7
8 3 8
6 1 2
2 2 10
9 9 7
7 4 9
4 1 6
5 3 6
2 6 3
9 4 6
10 9 8
10 9 3
1 6 3
2 9 3
6 5 10
2 9 1
4 8 3
2 2 3
7 9 2
7 1 5
4 5 3
1 3 10
3 5 3
3 2 8
9 8 2
1 7 10
7 10 5
10 10 5
9 1 4
9 6 6
9 8 3
7 1 1
2 10 8
7 7 8
8 7 6
10 7 6
3 10 9
5 3 9
4 9 6
2 9 3
9 5 3
9 10 8
9 8 8
4 5 10
8 1 8
1 2 4
9 10 3
9 5 2
