n 100
m 3
cap 30
Processing
74 78 36
14 89 89
52 46 31
23 66 99
75 61 26
65 98 58
53 24 70
14 34 15
10 96 10
9 75 87
46 64 21
97 65 6
67 58 80
74 90 19
6 37 38
11 25 19
24 42 27
51 55 47
11 21 60
28 47 66
9 91 75
97 27 56
32 73 77
86 54 79
7 96 40
59 60 48
49 21 41
80 75 81
9 6 38
56 60 60
42 36 35
24 97 24
65 3 7
19 30 48
88 94 17
78 46 49
73 56 74
75 16 5
52 63 37
38 83 94
12 42 41
100 77 49
18 81 60
2 67 62
82 3 10
71 94 91
4 80 41
1 93 98
37 3 80
15 69 96
72 55 50
9 28 31
25 3 61
48 46 54
14 29 61
21 25 16
89 55 98
59 96 26
96 75 32
32 31 76
63 21 17
8 62 12
22 6 15
34 54 84
95 65 48
46 72 37
67 17 85
64 77 44
16 83 99
56 67 33
41 99 33
97 9 10
59 91 37
63 44 86
24 85 43
55 13 62
57 79 45
53 81 66
33 49 32
31 21 17
26 62 63
37 82 78
9 74 18
2 37 47
41 40 13
22 64 52
20 71 78
23 36 3
5 42 35
27 37 42
100 96 68
64 18 80
64 60 6
39 1 85
50 82 24
93 94 97
94 18 72
15 57 29
63 73 55
9 80 16
Size
5 10 8
8 6 4
9 1 5
3 3 10
1 6 4
3 10 4
5 1 7
10 1 3
6 4 10
2 1 2
4 5 8
6 7 5
1 6 3
3 6 10
4 7 10
1 2 8
1 3 9
10 10 3
8 10 5
8 9 1
4 9 4
4 4 4
10 4 3
10 9 3
9 10 5
10 4 6
10 2 3
9 7 2
3 7 6
9 6 3
6 2 5
10 5 3
8 10 8
4 1 1
7 5 7
6 5 6
6 6 8
7 3 6
9 1 8
3 1 6
3 10 3
1 1 4
5 2 4
5 3 9
1 7 4
5 7 2
5 7 7
4 3 3
2 1 9
10 10 5
1 7 5
5 6 2
7 5 8
6 1 2
1 6 6
9 9 10
7 4 3
6 5 6
5 5 5
4 7 10
10 1 7
4 9 5
5 10 6
7 8 3
6 6 6
2 2 2
5 5 6
3 5 2
2 5 6
3 8 2
7 10 3
6 5 5
8 3 2
5 2 1
8 8 1
2 5 2
1 1 4
10 4 8
7 10 1
9 6 7
8 6 8
1 8 7
7 1 6
3 8 2
1 3 3
3 9 2
9 10 4
9 10 4
8 8 4
6 4 9
10 9 9
6 10 10
4 3 5
9 3 5
10 6 2
3 6 5
3 8 1
7 7 7
2 3 9
6 7 6
