n 100
m 3
cap 30
Processing
53 51 94
27 58 67
37 26 22
50 28 97
2 95 79
63 55 9
39 32 16
72 86 100
31 7 79
2 99 58
46 79 28
23 38 70
63 92 33
69 75 20
67 7 73
13 50 31
8 57 99
25 12 57
36 72 44
14 55 85
28 69 65
74 36 4
40 37 49
1 57 70
28 61 20
49 82 52
70 99 17
47 56 16
27 42 24
99 52 53
13 38 8
23 50 6
49 70 18
58 45 46
78 37 20
48 15 25
83 31 47
55 17 60
20 65 83
8 72 54
79 34 92
44 92 26
10 99 11
43 45 18
95 58 10
22 99 71
98 74 31
90 43 60
29 87 22
67 7 88
26 72 90
59 90 50
73 18 15
62 26 76
39 75 63
60 64 18
74 4 20
2 59 50
92 17 79
63 36 71
1 67 45
29 74 22
86 59 38
91 86 86
55 97 93
97 59 95
16 25 86
20 70 53
49 10 50
26 38 46
73 34 96
23 83 93
90 2 45
42 98 2
18 78 73
14 56 84
51 46 64
50 48 80
11 4 99
32 82 66
17 33 88
40 63 100
72 50 64
7 89 80
77 55 33
69 17 32
71 37 69
71 10 79
92 12 6
20 34 95
68 16 91
3 91 21
70 56 13
2 55 63
91 26 10
14 49 60
43 82 81
26 96 59
77 81 47
69 39 54
Size
9 4 6
6 1 2
10 10 8
5 3 7
5 6 2
2 6 4
5 2 6
9 4 7
3 3 4
3 3 9
9 2 5
3 6 2
7 8 3
6 1 3
2 1 1
8 2 2
8 8 5
10 8 9
10 10 6
10 10 1
7 8 10
7 2 2
1 9 2
3 4 3
5 1 1
7 5 9
8 5 7
8 6 3
7 9 4
6 9 3
6 2 10
7 2 9
2 8 10
7 8 3
9 5 6
2 8 7
7 5 3
1 5 9
1 8 8
7 6 8
3 2 7
2 9 10
7 6 6
5 3 6
6 1 4
1 9 3
3 6 2
1 3 6
1 1 1
1 7 6
8 4 4
3 6 3
2 8 9
4 4 7
8 3 1
8 10 5
5 2 1
5 7 1
7 8 7
7 3 4
9 10 10
2 1 1
3 6 1
9 9 10
1 3 5
10 8 1
7 7 4
9 7 2
8 10 1
3 10 4
5 10 2
4 6 5
5 6 3
8 5 1
2 6 9
6 5 9
10 2 5
5 7 1
6 3 7
2 10 2
10 8 7
3 3 6
10 4 8
9 8 9
10 8 7
8 2 10
8 9 6
8 3 1
5 5 5
8 5 7
6 3 5
10 1 3
8 1 1
5 8 8
10 8 2
1 10 9
1 7 10
5 9 3
10 6 8
3 4 3
