n 100
m 3
cap 30
Processing
91 48 73
97 61 22
98 83 4
13 23 18
69 17 80
4 81 14
42 1 81
65 15 16
24 9 77
89 91 23
69 39 89
69 32 78
22 54 7
30 96 68
70 68 77
58 10 36
35 80 88
92 13 32
16 43 72
51 51 56
17 87 87
56 17 91
100 69 48
29 75 50
67 13 62
77 72 58
54 72 51
71 40 63
70 86 72
44 97 53
58 75 35
86 50 75
1 76 77
59 40 21
91 9 60
38 23 51
80 11 33
81 16 47
15 80 79
33 46 93
70 30 20
44 87 45
66 69 31
10 78 44
34 4 78
51 50 45
18 69 91
28 39 3
58 18 8
6 48 100
22 88 25
18 75 56
28 27 87
56 21 86
9 88 90
41 52 30
99 46 30
86 65 59
69 91 62
97 24 98
40 47 25
78 28 47
2 56 74
68 44 8
62 94 37
88 70 25
19 62 61
44 50 59
70 80 81
28 87 76
61 72 42
2 21 38
44 42 78
19 34 82
72 14 23
74 96 70
28 37 90
34 19 17
56 100 89
75 97 35
3 66 82
93 81 73
88 23 22
28 50 77
37 97 79
42 61 34
94 79 55
67 54 75
83 54 69
78 35 80
79 63 93
42 21 86
56 44 83
74 52 5
59 59 92
52 19 7
75 2 35
3 83 55
33 69 95
81 69 25
Size
4 8 3
2 5 8
4 1 9
9 5 8
1 4 3
10 8 7
3 9 4
6 4 3
5 9 8
5 4 2
3 6 7
3 8 7
9 1 8
1 6 5
3 7 7
2 5 8
3 3 6
9 6 10
2 1 2
1 4 9
2 2 2
6 3 7
1 6 3
1 9 2
8 2 10
10 6 6
5 10 5
7 10 9
8 6 4
2 3 5
5 8 7
9 8 1
10 6 8
2 9 9
7 8 1
9 7 3
7 7 8
4 3 1
4 9 5
10 3 8
5 9 8
5 10 3
9 10 1
6 8 1
6 7 1
3 4 6
7 5 4
7 9 1
5 2 5
9 9 7
4 10 5
1 9 10
6 2 5
2 2 5
1 2 6
4 5 3
7 4 10
4 10 6
4 10 6
2 3 6
4 10 10
7 2 7
7 8 8
9 5 1
3 4 6
2 5 9
7 2 2
9 7 3
2 8 3
3 2 7
5 3 4
5 9 10
1 9 3
8 9 6
8 4 10
3 10 5
9 5 5
4 2 5
5 7 1
4 4 5
6 1 5
2 10 1
1 3 3
2 8 10
4 9 3
10 6 6
5 5 6
7 8 6
7 8 5
5 4 9
4 9 8
7 2 9
3 9 1
3 6 8
1 6 6
6 5 10
1 2 6
9 2 8
9 2 10
7 7 5
