n 100
m 3
cap 30
Processing
10 22 21
93 35 86
71 5 15
57 29 69
11 32 66
73 12 15
33 93 43
94 1 71
27 63 80
10 41 37
61 75 98
61 5 68
1 86 66
64 92 34
13 40 47
17 98 38
37 53 100
75 99 77
83 55 3
67 15 74
35 56 90
9 93 16
14 18 53
75 61 58
21 44 43
98 58 51
69 14 20
5 47 48
43 75 28
100 71 94
96 87 58
67 10 70
93 81 34
63 37 30
64 9 60
16 69 72
35 12 57
44 49 19
90 51 33
26 23 78
66 64 45
30 15 10
37 43 7
19 58 90
59 59 58
35 92 68
66 45 100
62 56 38
30 17 34
56 33 38
24 75 21
11 38 44
88 59 67
43 66 84
78 56 64
17 33 87
9 51 80
48 28 97
11 76 71
45 45 60
30 58 72
92 76 38
24 73 33
59 69 99
94 83 69
92 25 78
8 30 91
2 8 66
27 41 73
3 33 42
76 37 18
31 95 56
45 90 92
7 16 22
79 95 54
39 51 14
17 92 75
60 98 43
69 73 1
39 51 90
22 64 66
23 36 7
85 69 5
35 85 17
94 62 7
28 33 20
68 74 37
8 71 19
7 63 47
80 17 34
64 25 98
78 55 54
31 3 16
69 65 36
76 62 9
2 24 75
79 25 44
55 82 69
75 4 86
18 32 47
Size
8 4 10
6 4 4
8 6 2
9 3 5
10 1 2
8 5 4
10 9 6
6 6 7
6 5 9
5 6 5
5 10 6
5 2 6
1 4 6
2 5 4
5 5 10
3 4 1
4 5 4
9 5 8
10 5 2
7 7 5
10 1 10
10 7 8
1 6 10
7 5 1
9 10 5
10 3 8
8 1 7
7 7 9
1 6 2
3 1 5
9 9 2
9 8 6
4 1 4
6 7 4
4 2 9
2 6 2
4 4 2
3 4 1
5 7 9
8 1 5
4 1 9
1 9 5
7 10 10
7 2 5
9 7 3
9 7 8
1 10 4
10 5 8
10 6 6
10 6 1
8 6 5
9 2 1
1 3 3
4 8 3
8 5 1
3 8 5
7 5 2
10 4 1
2 5 5
2 7 6
8 5 7
4 6 5
4 3 7
3 6 7
4 9 1
2 10 9
9 1 5
10 10 7
10 5 7
5 2 1
5 7 9
1 6 9
7 6 1
6 8 3
7 5 5
3 4 6
3 9 7
1 1 2
1 9 9
2 8 7
10 10 1
5 9 4
8 1 1
2 3 2
5 2 7
6 8 5
6 4 6
3 9 3
5 3 6
3 6 8
2 4 4
10 10 6
8 6 5
7 1 10
7 2 9
5 8 5
5 2 2
10 7 9
9 6 6
3 1 3
