n 100
m 3
cap 30
Processing
59 98 92
1 14 59
81 56 60
41 98 87
79 93 39
32 25 42
86 93 81
23 86 44
31 72 31
55 85 36
12 8 35
65 70 43
70 79 27
44 69 77
7 20 22
18 40 15
99 95 47
78 2 43
90 77 46
85 48 90
49 67 11
24 98 99
61 72 15
39 60 97
10 53 38
58 10 70
6 99 51
46 56 80
19 42 26
44 28 84
69 68 54
58 25 17
32 66 44
57 79 34
56 51 6
5 71 49
63 17 58
9 24 55
32 96 57
96 57 38
11 83 38
6 97 29
16 60 91
1 99 75
51 95 1
41 18 57
28 49 47
18 21 12
31 26 18
66 38 77
57 67 69
69 28 98
19 94 82
58 74 20
56 73 89
56 71 56
28 53 83
23 63 57
66 42 55
67 55 25
44 24 65
74 17 58
41 65 56
91 46 7
2 13 30
80 55 21
27 45 34
15 99 5
55 21 18
73 29 56
74 70 82
29 26 92
86 97 80
61 33 9
71 48 10
29 20 4
95 84 23
74 53 91
40 30 33
71 4 15
57 17 34
96 81 47
40 97 11
54 19 97
2 97 49
96 91 76
90 19 55
47 72 98
85 95 50
6 47 100
83 45 80
9 7 89
33 31 97
28 2 69
70 38 52
64 30 82
75 48 36
24 44 10
50 69 40
23 100 6
Size
2 5 3
5 3 9
5 3 4
9 1 3
9 6 7
8 1 1
4 9 3
1 1 8
3 8 5
6 4 7
6 2 9
5 4 6
8 9 3
5 6 4
9 5 4
8 10 2
8 10 2
7 3 10
8 8 7
4 3 9
8 10 3
6 5 1
2 2 7
2 2 1
6 5 1
4 5 1
4 6 5
6 10 2
8 9 8
9 10 10
2 2 4
4 8 6
8 8 4
3 6 8
7 8 5
2 2 4
7 10 8
10 5 2
5 8 2
4 1 2
6 10 2
2 3 6
6 7 7
5 1 1
5 2 2
3 10 5
1 7 6
8 8 6
10 4 7
8 4 10
10 4 4
1 5 4
4 6 7
3 10 10
3 8 4
7 3 3
1 1 2
9 2 4
4 3 6
3 8 6
9 1 1
8 6 9
3 7 1
7 4 1
10 3 10
9 4 5
5 4 5
9 5 8
9 10 8
2 10 9
6 7 1
2 3 10
7 5 6
2 10 8
3 3 3
5 9 1
8 6 10
5 7 6
6 6 6
6 4 7
2 4 4
4 7 2
8 2 3
5 9 8
9 7 2
1 4 6
3 5 9
9 10 2
7 9 1
7 8 8
9 4 8
9 8 8
10 8 10
2 1 9
5 1 5
4 7 1
3 6 8
1 5 3
9 4 1
1 4 8
