n 100
m 3
cap 30
Processing
92 77 55
3 49 79
89 48 19
74 5 76
97 56 76
56 71 96
20 48 64
95 88 77
96 85 94
7 49 41
33 53 8
22 55 90
22 91 76
71 21 98
10 42 20
94 6 89
61 7 9
5 3 15
75 65 71
8 53 70
25 8 38
75 60 54
59 99 72
30 66 24
40 6 49
56 21 98
40 35 6
27 66 32
78 17 59
21 67 91
5 32 90
62 79 48
91 59 42
8 31 20
68 87 80
6 11 66
2 57 10
64 96 22
87 84 10
91 66 61
70 76 43
60 19 47
50 90 11
20 63 94
29 2 72
44 51 32
14 66 29
38 86 88
39 21 38
85 49 61
27 57 89
63 91 39
17 18 93
5 51 88
61 13 7
98 65 42
43 93 14
75 62 55
98 35 28
62 79 33
84 40 82
38 95 20
40 29 24
52 51 22
19 43 59
98 3 43
78 76 72
99 51 45
84 8 14
10 71 39
21 50 3
72 9 31
52 77 89
40 96 98
29 78 49
8 43 29
77 25 26
77 64 61
84 64 33
33 38 17
70 23 19
12 72 70
11 84 60
65 95 48
23 81 19
72 54 2
81 75 93
9 76 44
43 66 10
31 43 68
77 34 27
85 12 39
54 43 94
58 3 20
75 80 26
84 36 3
21 35 85
96 83 46
78 49 86
72 24 44
Size
2 7 9
2 8 1
4 2 10
3 4 3
1 8 7
7 1 2
1 9 1
1 8 8
3 9 2
3 10 6
5 9 9
1 1 7
4 8 2
7 5 3
9 6 2
9 6 5
1 4 2
8 6 7
9 8 5
4 2 5
1 2 2
8 4 7
1 4 3
6 7 1
10 8 6
6 7 4
8 3 6
6 3 4
9 7 9
2 10 2
2 1 7
9 9 8
6 10 6
10 1 3
3 10 1
2 2 8
4 1 5
4 5 9
9 10 1
8 6 1
8 8 7
8 10 6
10 8 3
3 10 9
7 2 6
6 8 2
4 7 9
9 5 9
2 2 7
8 7 10
1 6 1
3 2 1
5 6 6
5 1 4
6 8 9
1 9 9
8 8 3
3 1 2
10 7 10
4 8 2
4 4 9
7 4 7
4 3 9
9 3 4
7 1 3
1 4 6
3 9 6
4 10 3
9 10 10
10 2 5
1 1 1
4 10 10
8 8 10
9 2 5
5 10 3
3 2 4
5 4 10
3 5 8
8 2 5
9 4 9
6 4 5
7 4 5
4 2 6
1 8 5
5 3 4
3 3 6
5 6 4
9 2 5
2 8 1
5 6 9
9 1 2
9 3 6
10 3 7
7 6 9
8 3 5
2 1 1
8 2 9
10 9 9
1 2 4
4 1 10
