n 100
m 3
cap 30
Processing
25 80 54
55 43 14
100 58 58
57 55 14
28 58 15
57 95 36
32 6 24
58 13 42
95 93 47
66 71 52
67 100 67
10 52 13
67 31 96
65 83 64
22 6 24
33 50 34
45 64 26
11 59 40
71 53 62
65 31 96
85 93 56
45 90 34
57 68 82
52 41 71
3 5 21
87 28 7
42 4 28
7 99 93
61 8 69
23 81 81
79 18 51
34 89 86
55 72 13
99 92 36
38 94 74
26 54 78
81 49 45
64 54 65
27 52 32
13 60 42
21 15 51
61 40 87
60 22 3
9 9 41
17 31 15
70 26 47
30 70 99
64 13 54
80 66 4
19 75 79
76 46 25
69 17 93
32 76 21
77 13 32
19 23 99
7 37 16
78 82 84
26 33 21
64 21 20
18 12 89
29 96 15
53 45 99
98 66 47
72 16 67
47 38 46
31 44 82
95 35 59
60 77 34
40 65 71
63 65 68
74 21 84
50 27 33
40 37 90
56 21 34
47 19 18
87 12 33
53 20 80
82 47 13
20 6 93
31 3 58
24 72 21
77 86 69
29 60 66
20 56 43
40 61 78
90 56 94
94 86 24
85 18 74
83 17 13
57 17 76
10 92 76
7 67 25
31 50 4
77 46 13
50 89 15
19 31 40
79 34 95
87 68 65
18 66 82
98 53 60
Size
1 5 2
2 5 10
2 3 1
6 2 10
10 9 5
8 5 1
6 5 4
10 9 8
6 7 4
1 2 8
2 1 2
9 10 7
1 5 4
1 7 4
6 2 7
10 2 10
1 10 1
5 1 5
1 2 8
10 7 1
1 2 3
5 2 9
1 4 4
6 10 1
2 6 2
5 4 10
8 7 8
10 3 2
7 7 9
2 9 5
6 8 10
6 4 10
10 3 9
7 7 4
5 3 10
3 4 10
7 10 3
4 4 1
3 6 9
2 7 9
7 4 2
5 3 2
5 10 4
9 8 3
10 3 4
2 7 5
4 3 3
8 4 9
6 9 4
1 5 5
8 9 3
6 3 2
9 6 5
2 8 5
7 8 5
4 9 7
5 7 4
3 1 5
9 2 2
9 5 5
2 9 5
3 7 2
7 1 9
6 3 3
2 7 1
2 6 9
7 2 5
10 5 7
9 4 2
3 7 9
2 1 2
8 1 7
8 1 5
3 1 7
6 8 1
3 6 3
6 2 5
5 4 1
10 6 6
10 1 7
8 1 10
5 7 9
6 3 9
10 3 3
8 10 1
10 8 1
2 10 4
2 3 6
6 6 4
1 2 6
2 2 8
5 5 3
4 6 2
6 6 8
6 5 1
5 1 5
3 6 3
8 9 7
2 9 1
3 5 4
