n 100
m 3
cap 30
Processing
37 71 30
97 68 48
98 73 26
3 95 75
85 64 52
82 20 41
70 31 8
29 78 54
36 11 98
85 96 40
89 89 100
47 51 88
33 57 2
50 2 40
80 30 46
38 80 70
27 41 51
50 13 6
13 69 84
48 58 97
45 37 65
33 43 53
70 85 69
79 56 58
99 89 23
9 88 95
23 64 26
61 3 6
13 99 36
89 78 2
90 96 45
76 74 92
98 53 49
100 4 14
67 80 70
44 33 33
60 64 49
67 36 61
27 33 32
24 74 2
84 22 30
40 7 50
41 17 56
80 72 36
72 69 88
49 53 61
74 9 100
57 17 80
67 19 99
64 81 73
76 85 70
74 61 69
8 49 30
69 63 48
93 74 12
68 5 37
20 51 42
26 74 39
43 45 44
53 80 47
32 6 32
1 36 27
95 48 91
94 84 76
76 63 95
80 80 30
56 54 30
66 18 26
25 75 37
100 85 89
73 70 51
78 33 80
28 75 78
23 6 100
37 20 56
100 15 89
24 100 97
93 67 53
40 45 76
62 70 72
100 77 68
69 92 62
30 14 60
5 59 8
94 87 17
59 53 34
95 8 85
30 78 85
22 77 5
85 73 3
31 6 56
69 77 78
95 70 46
71 94 15
85 83 26
5 27 22
52 90 74
69 53 19
19 13 73
4 8 22
Size
3 7 9
8 6 1
8 9 10
8 6 5
4 3 8
3 9 6
3 8 7
6 5 2
10 5 9
4 9 4
7 1 4
2 7 9
10 7 5
6 10 5
7 6 1
10 5 3
1 8 8
1 7 5
2 6 1
3 3 2
8 6 4
7 5 5
4 9 7
2 8 10
10 6 5
2 9 5
10 10 7
9 6 7
5 9 10
9 4 2
2 5 9
8 9 1
3 10 7
8 6 6
4 5 9
8 5 7
3 6 7
4 4 6
7 3 4
5 7 7
6 2 7
8 1 6
10 5 9
2 3 3
8 2 1
1 9 4
5 6 2
6 4 7
7 7 4
7 5 10
2 6 9
2 1 5
6 1 5
1 3 1
7 10 6
9 10 6
10 5 10
7 8 4
9 6 2
1 5 3
5 10 1
3 7 10
6 6 9
3 1 5
4 7 9
9 8 8
8 6 1
7 10 5
4 8 8
2 6 3
4 5 4
3 3 5
4 3 8
6 1 8
4 4 6
1 8 4
7 9 4
4 6 2
1 7 1
3 5 4
6 3 3
1 7 4
4 6 1
1 8 6
10 6 1
10 3 3
4 7 6
6 6 9
5 2 4
7 10 3
4 2 5
1 10 9
2 1 3
1 9 8
3 9 8
3 3 3
8 8 5
1 4 7
4 6 10
4 2 8
