n 100
m 3
cap 50
Processing
49 83 75
53 87 1
8 12 54
4 84 80
97 22 58
66 59 3
27 40 57
3 94 78
1 65 33
9 61 86
31 34 11
49 56 24
18 76 82
13 37 96
44 73 44
45 17 73
62 11 21
52 75 19
37 61 5
36 13 18
47 65 74
52 79 13
11 50 58
48 5 22
80 63 46
90 56 18
11 65 66
18 44 73
64 75 16
4 87 89
45 21 25
90 42 7
93 9 40
86 51 89
78 60 58
80 64 12
43 95 91
37 98 74
25 25 67
86 3 47
66 58 78
30 85 27
45 92 14
63 73 5
20 34 4
62 14 15
50 87 87
63 45 93
10 13 57
41 45 59
59 81 28
57 87 99
55 38 33
32 8 98
90 65 44
40 23 16
48 29 48
15 51 55
5 14 55
92 71 17
48 36 97
48 13 60
5 18 25
63 96 8
38 76 17
13 91 32
18 78 18
48 74 68
68 59 48
6 36 52
66 72 81
89 83 59
44 76 25
62 55 32
67 89 50
83 6 36
91 34 7
10 23 31
82 34 34
65 74 57
36 40 25
46 9 35
55 29 15
100 19 5
38 80 14
98 17 46
98 43 70
88 45 50
65 37 72
6 77 49
97 42 72
3 36 28
69 56 86
57 38 25
72 65 89
5 5 77
36 67 91
100 67 91
91 38 14
42 31 43
Size
7 1 9
2 5 5
5 1 5
1 4 4
7 5 5
2 1 1
5 6 2
10 2 4
2 7 6
3 1 6
3 1 8
10 10 7
5 2 4
3 2 3
6 7 8
6 2 5
9 9 5
6 6 2
6 1 2
4 7 1
7 7 8
4 6 3
8 7 8
3 2 7
1 3 5
6 6 5
10 7 10
1 4 2
5 4 7
8 10 3
3 4 4
6 6 8
5 1 9
7 7 5
1 10 8
7 9 6
7 6 7
7 9 4
1 9 7
1 4 5
2 7 5
4 10 7
9 9 6
6 3 2
4 6 5
5 5 8
6 1 2
3 10 4
6 9 9
3 5 9
4 8 1
10 7 7
6 4 9
6 2 7
4 8 1
6 1 6
2 2 2
4 7 7
9 7 4
1 3 8
10 3 7
10 9 6
8 10 5
8 3 8
10 5 9
3 5 9
9 3 7
3 2 5
2 9 2
4 6 5
8 7 9
4 5 9
6 6 5
7 7 3
9 4 2
9 8 10
9 5 9
1 9 5
3 10 6
4 5 9
9 5 5
8 6 3
7 6 5
8 1 4
4 9 6
6 3 10
2 1 10
9 5 3
4 9 1
4 8 2
10 7 6
2 6 8
1 2 7
6 10 1
2 4 2
4 2 4
8 9 6
1 4 8
8 4 8
7 9 5
