n 100
m 3
cap 50
Processing
12 36 51
52 78 28
2 39 75
99 46 45
35 83 23
56 11 21
5 34 9
31 91 76
50 44 8
82 60 68
67 24 92
51 100 18
50 42 43
29 6 6
43 92 69
73 38 15
61 1 93
95 96 99
29 39 13
84 29 73
7 55 76
66 56 25
30 83 93
22 54 76
40 81 2
55 42 8
66 80 32
37 62 56
25 52 1
75 92 26
50 61 54
79 7 13
46 100 100
23 88 23
49 90 94
57 57 100
2 59 18
58 29 54
84 86 55
71 8 12
87 95 16
23 92 62
23 62 67
14 69 10
46 3 71
66 11 22
56 1 82
4 69 64
26 38 41
94 57 62
63 60 2
92 98 82
35 73 7
86 10 66
56 92 86
33 75 22
93 34 50
30 98 89
38 4 55
20 94 44
68 4 85
1 70 69
39 92 51
8 29 68
70 89 97
33 24 58
8 48 46
26 15 39
72 82 76
85 67 40
52 64 34
29 27 28
43 13 73
3 8 10
56 64 27
76 41 7
15 73 12
33 15 55
20 22 5
49 33 41
76 76 96
67 30 71
26 47 99
77 8 19
68 38 82
62 37 62
67 35 26
87 19 22
31 100 40
69 45 59
19 80 85
88 72 96
30 29 76
45 1 53
72 32 94
40 91 5
66 37 77
93 6 2
4 6 74
77 11 95
Size
6 2 7
7 8 1
6 5 4
5 7 5
1 5 8
1 3 1
4 3 10
5 2 9
6 7 5
7 2 5
6 5 8
1 3 2
1 6 3
4 7 6
5 5 8
6 2 6
9 9 10
6 4 8
9 1 7
1 9 1
2 5 5
5 1 8
1 8 4
2 6 6
10 8 4
9 1 5
3 7 6
6 6 9
9 6 9
10 3 8
6 9 4
7 3 2
5 5 6
6 9 2
2 3 9
5 1 7
6 5 6
4 9 7
2 1 7
10 5 6
3 5 5
10 2 10
9 8 9
10 5 9
10 7 6
5 6 7
3 8 3
2 7 10
4 10 10
8 1 9
9 8 1
1 1 10
2 7 9
2 10 3
10 9 10
10 1 8
8 2 10
3 4 7
9 9 10
5 5 6
1 2 3
3 10 4
6 3 1
6 9 4
10 8 7
6 7 8
3 6 7
5 3 10
8 5 10
9 7 3
5 1 4
3 9 2
10 8 10
5 3 10
9 2 2
6 2 5
6 6 10
6 5 3
1 8 2
10 9 4
10 9 10
8 4 7
7 6 8
7 4 4
7 1 7
4 10 2
5 2 10
6 5 2
7 8 6
3 9 2
3 10 2
6 2 8
4 2 3
8 5 10
8 6 6
2 2 1
10 7 2
9 2 9
1 6 3
8 6 7
