n 100
m 3
cap 50
Processing
43 30 56
19 3 62
71 97 93
38 89 71
87 5 83
93 50 66
27 19 96
11 38 41
78 32 4
72 45 68
62 54 98
56 45 67
22 83 61
2 89 18
74 98 55
66 13 92
45 89 9
55 12 94
66 59 94
80 29 100
38 94 3
25 74 38
63 49 68
83 38 23
56 3 58
49 18 77
12 26 9
99 67 77
94 72 99
16 24 9
37 36 74
36 91 85
72 46 81
85 21 43
45 59 39
58 29 43
31 73 94
80 48 90
1 100 56
31 9 11
97 52 41
39 40 68
41 66 60
31 92 66
68 83 11
56 99 83
62 13 12
71 79 56
40 46 79
36 7 84
4 97 99
38 2 16
75 85 18
99 84 46
92 3 11
52 9 82
9 76 46
38 18 81
99 21 70
91 93 99
24 19 17
13 7 34
40 38 30
34 23 47
48 25 22
41 66 24
61 38 78
60 66 45
95 97 53
63 2 64
65 45 39
54 89 60
20 91 54
73 39 75
57 55 50
84 63 88
11 57 23
59 93 98
53 57 38
19 21 37
93 9 48
45 15 30
5 79 65
36 11 85
17 39 21
57 78 61
50 24 12
88 29 53
97 50 65
36 47 80
93 8 20
92 37 59
41 48 30
3 73 27
30 16 27
32 39 1
13 100 21
12 44 33
40 5 74
74 4 52
Size
1 9 6
6 6 3
9 10 3
10 4 7
1 8 3
8 10 8
1 3 5
1 6 6
6 3 5
8 3 5
9 9 5
8 6 7
4 5 1
9 10 6
3 5 7
6 2 5
9 8 8
2 10 9
3 4 4
10 6 4
9 2 4
8 3 4
5 7 8
8 7 5
10 1 2
6 3 2
7 6 4
4 8 2
7 6 4
3 7 10
6 6 5
7 8 5
1 10 3
5 5 6
1 7 10
9 6 9
9 10 2
9 1 8
7 4 1
8 2 1
1 2 7
2 5 2
9 9 10
5 4 2
4 10 5
1 1 1
8 4 8
10 6 1
3 7 8
7 4 2
10 6 5
10 5 6
7 10 5
6 5 6
2 9 10
4 9 8
7 2 7
3 8 5
3 2 9
9 5 5
5 5 10
1 8 5
1 3 8
10 2 6
8 9 6
9 8 4
4 1 6
7 7 1
9 4 7
10 8 1
4 10 3
1 8 7
5 8 7
2 7 4
6 2 4
6 9 5
4 1 7
1 9 10
3 6 7
4 4 3
10 1 3
9 1 1
7 3 6
2 9 7
9 2 2
4 3 6
7 9 6
1 1 8
10 7 4
7 8 4
7 7 6
8 5 9
6 8 5
10 3 5
7 9 7
1 9 8
5 9 10
2 8 4
8 6 10
6 10 5
