n 100
m 3
cap 50
Processing
58 38 45
100 65 66
45 28 1
66 12 37
75 22 80
56 100 65
69 61 93
29 79 9
47 98 80
8 3 91
79 88 29
81 3 29
69 33 71
67 27 70
10 23 40
33 43 45
19 85 12
97 64 63
20 79 2
80 56 35
7 23 22
24 92 11
48 92 8
37 54 62
62 88 10
47 19 83
43 57 21
87 84 14
25 89 51
83 87 86
6 53 4
89 81 90
30 90 41
26 10 49
15 4 54
26 43 49
71 61 75
69 70 37
34 74 48
61 19 48
34 67 98
59 50 76
28 98 93
81 84 67
53 46 19
30 31 14
71 63 66
31 10 59
17 81 12
53 8 38
55 29 54
67 71 85
1 82 78
85 39 31
30 75 97
73 23 57
39 24 55
14 33 40
16 86 9
86 11 69
2 93 22
44 65 74
7 51 88
13 46 40
31 83 64
47 92 31
66 78 87
36 46 17
77 79 18
26 74 63
1 15 23
39 12 39
76 67 90
72 36 59
80 76 83
65 76 6
93 38 4
11 92 96
38 100 51
39 48 19
91 17 24
71 62 62
64 73 98
69 6 65
45 53 37
52 20 8
50 5 58
69 81 16
77 58 94
35 20 94
89 75 68
82 42 27
21 7 98
10 56 41
86 65 95
41 74 62
63 65 2
85 23 57
17 11 46
65 39 9
Size
8 6 1
3 10 4
1 9 6
6 7 4
6 7 6
1 8 8
7 7 7
1 9 2
1 10 7
1 2 10
5 2 4
2 5 1
7 1 9
6 10 9
3 3 2
4 10 2
9 2 4
10 4 9
9 6 10
10 3 1
9 4 5
1 5 10
9 9 9
4 10 3
8 7 4
9 4 4
8 5 3
3 5 4
5 5 6
10 4 9
4 4 8
6 8 9
10 10 5
2 7 2
8 8 2
3 1 6
8 8 1
1 10 4
10 2 1
5 9 7
4 2 8
5 2 6
1 1 3
9 1 4
8 8 4
2 8 4
9 3 5
3 7 8
10 2 9
4 7 1
2 6 5
3 3 6
8 5 4
1 2 7
5 8 10
7 2 2
6 4 10
4 6 5
5 5 6
3 8 8
4 8 9
2 10 10
2 1 10
7 3 5
10 4 10
3 8 3
3 2 4
4 3 5
7 10 6
5 8 7
4 9 7
8 1 8
1 1 2
8 2 1
4 1 10
1 2 9
7 2 6
8 4 8
9 9 3
6 7 7
4 7 6
4 10 2
8 1 5
4 5 8
1 7 3
1 6 1
9 2 9
5 1 4
3 9 5
4 7 4
6 10 7
8 8 9
5 9 10
1 8 4
3 3 8
9 6 10
1 9 1
9 10 6
5 1 10
7 7 4
