n 100
m 3
cap 50
Processing
29 55 38
43 51 99
100 15 61
93 86 60
8 84 94
82 82 69
61 99 85
73 19 98
60 74 99
57 18 74
29 28 14
82 27 83
46 98 94
77 64 100
22 3 56
32 78 51
17 63 82
46 73 24
73 94 91
89 37 3
32 56 43
4 8 4
54 68 100
10 92 86
89 19 82
59 23 66
69 18 23
59 62 85
69 5 38
54 74 12
32 47 58
87 83 47
94 20 68
50 24 78
46 82 28
90 68 59
100 57 6
64 94 60
7 38 44
86 54 19
12 51 9
41 91 98
40 28 8
69 46 14
69 28 43
47 17 94
28 23 45
35 5 5
28 51 42
43 10 27
34 49 51
1 6 15
28 47 19
7 62 78
58 77 7
9 76 57
81 74 25
14 91 76
66 26 15
61 45 73
49 48 100
82 28 70
99 54 90
87 24 66
1 94 41
93 97 69
4 86 39
59 35 47
2 3 62
97 7 28
65 3 11
82 75 18
66 14 4
100 21 30
19 44 40
64 93 72
21 8 95
69 45 92
74 11 59
8 38 71
79 30 1
24 70 16
16 37 94
17 85 69
99 70 70
87 22 46
68 90 97
68 87 37
87 37 75
29 51 31
81 64 8
49 57 68
45 34 73
36 63 77
62 60 17
20 89 10
55 75 33
62 41 32
40 68 31
43 79 67
Size
10 8 7
7 1 9
5 9 2
9 2 10
5 4 1
4 10 6
8 5 1
3 1 4
2 9 6
6 4 6
7 5 8
4 2 9
7 1 4
7 6 6
6 8 10
2 3 1
10 10 4
1 7 10
3 7 3
5 8 6
8 5 6
4 2 8
1 6 7
6 10 3
7 9 5
9 1 8
5 9 1
4 7 5
7 5 6
6 10 9
1 8 4
3 4 2
4 9 5
4 3 4
4 8 9
1 4 2
7 10 7
9 5 2
9 5 9
1 1 5
1 4 3
6 9 7
3 1 4
4 8 1
7 8 3
7 4 7
5 1 2
8 3 9
4 8 6
1 3 2
9 2 3
8 9 1
7 4 1
9 5 5
4 2 8
1 2 9
3 3 7
7 7 10
2 3 9
9 5 3
2 8 10
1 10 2
3 9 6
2 4 3
5 7 7
7 4 10
2 10 9
5 3 7
9 4 6
5 1 1
5 5 8
4 5 1
7 10 2
3 7 6
4 4 8
1 5 3
8 7 8
8 10 1
3 7 10
4 10 5
6 4 8
1 6 9
8 7 2
3 10 10
6 10 8
2 7 3
3 3 3
4 3 5
5 8 3
5 7 8
8 7 8
6 4 10
9 10 5
5 5 4
9 9 6
5 5 2
8 8 10
8 5 10
5 1 2
10 4 2
