n 100
m 3
cap 50
Processing
88 7 70
44 31 79
53 86 2
32 77 47
62 54 97
59 17 20
25 78 50
91 18 19
33 72 7
93 15 19
37 44 62
9 94 35
74 23 12
99 42 86
8 44 86
56 37 59
13 5 67
41 35 40
56 28 56
60 46 14
9 29 83
23 29 37
93 14 85
68 44 12
31 12 57
14 38 64
13 34 51
25 74 2
10 60 94
80 60 57
32 17 70
99 16 20
15 49 49
11 89 49
36 9 23
75 16 47
39 80 88
5 76 31
49 89 7
77 38 65
91 41 90
11 68 34
16 47 53
51 7 95
48 79 92
59 18 64
70 54 1
38 82 37
34 25 16
15 87 31
90 34 99
56 10 67
86 14 61
75 25 30
35 100 61
71 21 35
72 92 35
17 64 61
16 78 70
33 91 25
14 12 2
2 89 35
58 99 39
16 31 50
74 89 93
33 78 56
30 95 41
17 79 61
28 4 64
84 9 44
15 92 97
87 5 43
94 25 1
39 67 50
1 28 81
65 25 24
75 57 24
5 19 57
83 59 21
36 98 85
24 97 29
53 96 24
78 27 93
34 99 76
74 16 63
26 67 84
49 64 79
96 10 15
70 76 29
59 90 47
32 52 19
51 12 1
67 86 77
59 50 26
78 51 49
19 70 63
63 90 70
50 82 5
7 27 29
19 27 78
Size
6 1 5
8 6 6
9 10 5
2 6 4
4 3 7
2 7 9
2 7 6
4 1 3
3 3 9
9 5 8
7 2 7
5 3 5
3 10 8
3 3 2
2 4 6
6 3 8
1 8 2
9 9 2
1 5 9
4 5 8
9 3 2
10 8 4
10 6 6
8 9 2
7 8 2
8 5 7
1 9 3
1 2 3
5 7 4
1 4 2
8 1 10
8 10 10
5 8 10
1 2 9
5 9 5
8 3 5
1 7 9
6 8 8
3 6 3
10 4 7
5 3 10
10 3 7
10 10 8
8 7 10
10 4 10
10 4 5
9 2 4
1 4 2
10 2 2
2 10 9
8 7 9
3 1 6
1 5 7
6 9 3
8 1 4
5 1 4
8 2 8
9 2 1
4 2 7
3 6 9
3 9 9
10 3 5
1 4 1
1 1 1
6 8 10
1 10 1
1 5 10
8 6 5
6 9 8
1 10 5
1 10 3
1 2 4
10 5 8
5 4 9
8 1 6
3 4 10
2 4 9
3 2 10
5 5 7
8 10 2
5 6 8
5 7 9
5 3 7
9 5 1
5 1 4
10 10 2
1 6 9
1 1 5
9 5 5
3 1 7
3 8 5
9 3 1
3 4 4
6 9 7
6 7 8
2 9 7
7 2 7
8 9 7
8 7 6
2 9 4
