n 100
m 3
cap 50
Processing
56 12 70
30 66 68
59 14 94
91 88 7
58 54 54
93 83 93
31 38 42
30 67 4
82 2 89
13 80 93
77 91 79
67 54 74
57 99 72
42 100 16
61 67 60
64 84 22
87 20 45
92 64 44
9 6 72
31 88 42
89 17 18
2 16 65
27 1 76
93 45 74
42 86 50
21 37 22
98 50 22
71 19 33
55 16 65
47 54 31
34 60 83
38 41 59
57 98 7
98 6 39
26 81 19
48 93 79
53 96 75
75 47 3
71 92 99
40 97 35
17 51 84
76 34 78
15 19 94
11 51 87
98 37 37
26 84 43
72 21 74
42 6 7
32 39 62
81 78 59
94 44 47
26 10 43
34 33 22
92 2 95
48 57 79
53 18 54
96 74 70
29 65 25
4 19 6
14 12 17
75 14 27
8 71 78
51 40 78
18 66 67
54 20 47
69 12 97
72 66 93
28 80 37
35 25 17
60 54 45
49 90 94
73 10 30
88 72 21
29 7 63
9 9 10
27 28 38
46 85 91
45 18 78
10 35 73
12 98 52
51 72 100
67 18 87
59 70 35
5 67 29
93 38 15
78 52 3
49 33 69
86 5 43
52 37 36
7 88 48
18 83 78
36 26 73
78 56 60
11 45 1
20 15 96
99 19 93
34 54 59
60 82 79
84 83 72
24 65 57
Size
6 6 9
4 6 7
9 4 8
6 9 7
6 10 9
2 6 8
5 9 2
10 9 2
8 4 2
3 9 5
8 7 3
7 6 10
1 4 1
9 5 5
9 8 9
9 1 9
4 7 6
9 5 10
9 2 3
8 4 1
1 10 9
5 5 10
4 9 7
6 4 5
5 7 8
9 4 5
5 3 8
4 4 4
5 10 2
4 10 7
2 4 1
3 9 7
3 7 9
8 6 5
6 10 4
2 4 9
3 7 3
5 10 4
9 6 9
1 2 2
5 8 9
9 7 5
10 5 6
10 5 7
5 4 2
1 2 5
4 5 5
10 9 9
5 1 2
1 10 2
7 1 9
1 3 1
1 7 6
10 5 8
8 5 1
1 4 3
1 10 3
5 8 9
3 7 10
8 1 8
8 2 6
1 2 6
7 9 3
4 1 10
2 2 9
1 6 2
8 6 6
10 8 10
3 10 10
1 9 9
7 3 10
6 10 8
6 2 8
7 6 1
3 5 4
7 9 2
2 4 10
10 1 8
6 8 4
10 3 3
6 5 10
6 6 7
2 3 9
1 9 10
1 9 10
6 6 5
8 2 10
8 5 8
7 6 1
6 10 7
1 9 8
5 8 8
5 2 2
3 4 2
8 8 7
3 7 10
5 2 6
10 10 5
8 9 4
7 5 7
