n 100
m 3
cap 50
Processing
66 91 93
7 39 7
4 95 91
18 84 24
38 86 11
48 28 6
10 17 16
88 30 6
12 69 61
40 54 72
33 83 47
97 1 43
36 95 95
33 93 61
18 81 17
88 93 91
46 95 46
95 26 86
7 45 39
43 2 18
79 91 56
72 29 81
58 90 18
23 7 83
99 32 48
17 31 48
1 84 21
28 50 97
100 28 43
43 76 10
11 19 18
56 45 64
51 53 15
14 44 80
58 37 82
53 44 14
3 38 72
63 48 82
72 46 7
93 6 77
26 22 5
6 71 46
86 90 30
99 25 89
46 89 57
14 64 17
83 90 40
52 86 61
62 39 10
3 61 41
49 35 86
9 11 27
18 26 55
62 12 100
24 30 31
47 14 73
1 7 72
82 4 43
53 59 38
78 20 98
41 21 80
38 24 33
8 22 11
27 69 43
29 14 28
100 62 64
45 35 98
66 7 77
42 100 82
59 51 49
18 64 52
71 36 60
57 99 24
2 89 16
6 67 9
58 43 60
66 55 22
53 98 81
7 24 88
53 55 33
34 75 2
89 59 65
99 20 39
9 2 76
100 11 79
46 18 88
9 60 75
100 94 39
14 12 99
72 65 54
1 52 5
30 89 67
91 20 53
96 92 85
12 100 66
50 68 90
84 76 100
83 16 31
37 79 55
63 35 56
Size
8 10 3
10 8 4
4 7 4
10 7 8
3 8 3
7 7 1
4 9 6
9 9 8
8 10 2
2 4 10
10 1 2
8 3 9
8 1 9
4 7 7
5 1 1
1 6 9
3 6 4
4 5 6
5 6 3
4 2 10
5 8 7
4 5 5
2 7 5
3 5 7
7 2 6
1 3 2
5 6 6
2 2 6
9 10 9
10 8 6
6 2 9
8 9 7
6 3 9
2 5 7
5 2 8
1 5 4
1 8 5
10 8 1
1 6 6
6 10 6
6 3 8
9 5 5
3 6 8
7 1 5
5 5 7
1 6 4
8 7 7
9 1 9
7 10 10
1 1 6
5 1 1
5 6 10
10 2 3
8 4 4
7 6 7
8 4 6
9 2 5
3 4 6
3 3 5
2 6 7
9 6 4
3 8 1
8 10 8
10 3 9
6 7 2
4 4 4
6 10 10
5 6 9
8 6 8
9 3 4
2 6 8
6 6 10
5 9 4
8 2 4
8 7 9
6 8 3
3 6 9
7 5 5
8 8 3
4 1 4
6 1 8
3 8 1
1 7 3
10 6 6
2 1 9
4 9 7
8 2 3
3 5 6
2 6 5
3 1 2
8 7 9
1 3 6
4 7 7
5 5 10
10 1 9
9 6 2
8 9 6
3 3 3
6 7 2
9 4 3
