n 100
m 3
cap 50
Processing
46 90 31
82 39 74
48 71 51
34 53 29
63 39 83
52 87 81
99 23 20
7 13 98
69 60 51
98 62 30
1 79 16
47 31 73
35 62 15
11 49 44
59 22 37
7 50 30
78 16 31
49 75 85
55 48 24
95 55 19
10 48 66
98 90 26
37 90 97
89 89 73
36 49 72
30 76 39
61 58 98
75 7 26
6 96 85
26 93 58
55 61 16
38 76 14
71 34 42
20 90 57
45 83 24
92 50 27
88 46 1
72 14 42
25 19 86
98 2 47
9 58 31
78 38 86
55 21 35
52 21 80
68 62 42
15 61 4
51 15 85
47 23 21
18 55 4
31 37 79
8 55 61
88 2 29
69 66 45
13 95 61
70 77 36
27 33 58
64 39 85
74 26 94
39 94 76
54 58 91
48 75 65
99 98 18
40 21 58
47 57 45
79 54 22
22 33 29
31 78 64
89 45 50
43 49 67
91 63 27
57 25 9
22 27 68
86 32 9
14 99 24
80 1 29
6 45 22
50 36 77
7 91 44
62 10 44
9 12 71
51 19 7
15 89 23
15 2 69
37 64 75
11 70 74
99 3 77
55 1 26
34 65 53
21 38 43
1 66 81
10 27 92
89 32 43
81 47 12
84 71 45
15 7 30
44 67 30
90 74 7
76 42 31
67 53 10
86 28 79
Size
3 8 4
5 2 2
4 3 1
5 9 3
9 8 3
8 2 8
8 4 9
9 2 10
9 1 10
1 9 3
2 6 6
1 1 5
7 2 2
9 9 8
10 4 4
2 3 6
9 6 10
3 7 9
3 7 1
6 2 7
4 3 10
5 2 1
2 8 1
6 3 7
4 2 6
5 2 9
9 5 2
4 6 3
6 1 1
10 8 3
3 2 8
6 1 7
9 6 2
2 1 9
6 2 7
3 4 2
3 2 9
4 7 5
1 3 5
10 7 5
4 7 1
8 9 5
8 2 3
1 3 4
1 7 6
4 3 9
5 3 8
10 3 10
8 8 1
4 7 8
1 4 7
7 2 5
3 10 5
9 7 1
3 2 3
3 7 5
5 10 9
10 10 1
9 8 9
9 3 5
4 2 2
7 5 9
1 2 5
3 7 4
6 1 6
8 3 5
9 2 3
5 7 9
6 1 6
7 3 4
6 3 3
8 6 3
5 10 4
8 4 3
5 6 1
8 4 9
2 10 1
7 6 1
3 6 5
6 3 4
2 9 6
3 3 6
8 4 1
1 4 2
8 8 7
4 9 2
2 9 7
10 8 7
2 10 3
1 2 6
2 5 6
6 2 6
10 4 4
9 6 9
3 8 6
3 1 8
7 3 5
3 10 6
2 2 5
5 8 5
