n 100
m 3
cap 50
Processing
16 45 40
77 83 98
87 47 38
18 42 50
68 44 30
79 91 65
26 55 18
20 40 79
92 1 18
6 35 2
10 9 44
11 22 57
4 23 18
16 6 90
43 18 35
85 80 35
77 3 8
56 43 80
33 35 82
81 51 38
33 71 7
51 37 93
41 72 63
44 90 44
4 70 10
6 56 12
60 28 3
68 75 34
54 13 27
99 51 65
69 84 42
53 61 87
29 14 52
31 13 87
22 62 27
35 32 9
75 73 45
96 35 75
20 81 39
48 17 51
46 23 72
92 56 42
22 24 84
42 34 80
98 2 39
94 11 98
3 29 97
35 48 71
75 27 1
47 76 56
95 51 84
38 4 17
11 90 91
21 50 85
91 54 6
69 28 25
31 23 62
38 10 96
8 30 14
58 37 43
98 49 66
67 24 59
39 11 82
1 84 90
100 54 81
67 78 52
25 100 34
14 77 31
67 59 22
44 22 82
46 63 97
83 3 13
4 37 36
35 100 8
92 86 39
32 61 75
24 88 1
28 68 13
71 99 63
18 76 38
81 38 56
79 45 73
43 8 93
62 6 39
44 24 49
58 16 69
4 13 71
60 81 4
70 64 74
99 8 12
39 35 11
58 56 39
70 57 50
36 79 62
28 33 89
15 67 19
71 85 93
38 96 9
89 68 82
6 99 40
Size
5 2 1
10 5 4
5 3 7
5 9 10
7 9 4
6 8 1
4 8 8
7 6 9
5 10 1
7 9 6
6 1 9
6 3 4
10 8 9
1 1 8
1 1 8
1 2 8
7 10 4
9 5 5
6 3 6
9 1 8
9 10 4
1 2 10
4 6 4
1 2 4
3 9 9
10 9 8
10 3 10
9 8 2
4 5 4
9 8 3
6 6 5
8 5 2
8 9 1
9 6 4
4 2 7
3 8 5
3 1 8
8 4 1
4 8 6
3 4 4
1 10 10
7 2 7
4 3 9
5 1 5
9 7 4
7 9 4
10 5 10
10 1 9
3 9 7
3 1 9
6 10 7
10 7 1
9 9 7
8 8 9
6 4 3
1 3 6
9 10 6
9 1 3
8 2 10
4 7 9
3 1 4
5 2 4
4 10 3
3 5 10
7 8 9
10 2 5
7 10 4
5 5 8
3 3 5
5 8 9
9 10 8
7 5 7
8 1 6
2 4 7
1 2 4
7 1 9
2 3 1
1 4 7
7 5 4
6 5 5
6 6 9
1 7 3
9 9 1
10 3 9
2 8 10
10 2 4
4 3 6
6 10 2
7 2 3
9 10 2
7 4 6
6 6 7
7 5 9
2 9 8
1 7 8
5 10 6
4 7 4
10 6 6
2 3 2
3 9 1
