n 100
m 5
cap 10
Processing
29 7 37 51 84
20 76 26 50 52
83 4 13 35 75
33 83 5 36 81
19 93 69 78 41
73 71 24 57 65
91 47 46 22 75
99 52 39 86 1
76 31 86 29 20
52 32 76 15 83
91 24 94 36 85
68 37 47 65 76
69 80 72 30 95
66 18 75 85 72
88 83 20 79 46
2 37 37 14 36
58 9 14 48 10
12 65 31 39 35
55 42 31 1 67
98 47 60 82 22
22 2 90 65 82
10 65 41 41 93
23 99 13 48 27
41 63 84 33 34
15 46 15 80 66
40 3 3 28 9
86 80 47 51 6
33 42 94 38 4
66 9 62 79 72
64 81 77 16 1
50 29 72 38 98
99 19 23 47 97
40 13 59 76 48
22 98 50 12 43
84 100 77 91 68
21 75 87 83 10
54 21 32 13 68
22 7 22 31 2
29 57 3 36 34
27 47 1 82 65
19 40 88 1 10
40 18 88 36 69
77 46 74 63 96
3 95 71 74 17
50 75 24 71 23
77 75 26 40 22
47 85 66 72 57
62 91 55 91 44
46 19 65 80 32
40 56 77 1 35
28 71 17 77 66
97 36 1 21 89
24 47 46 83 40
6 61 83 100 25
58 46 2 24 58
81 38 23 94 10
74 14 47 22 18
53 73 4 53 95
42 71 41 38 70
74 11 12 97 4
51 17 74 69 76
6 39 40 60 67
2 90 54 98 92
4 60 41 48 45
46 67 90 51 45
83 93 9 10 20
79 69 84 53 15
67 81 52 10 67
70 51 56 4 37
1 16 49 53 93
47 25 97 62 80
40 37 58 40 27
18 80 19 78 92
84 38 91 51 59
31 78 79 79 48
80 70 98 83 11
27 14 73 59 11
79 54 55 81 4
62 82 75 54 88
64 66 39 47 95
7 60 67 48 76
85 24 91 44 65
32 24 89 43 35
99 64 86 51 76
41 73 28 94 36
94 19 51 51 82
97 15 26 4 43
1 82 23 51 5
54 36 12 63 64
22 95 83 45 5
64 69 79 57 4
72 95 17 67 53
46 3 81 20 7
62 53 32 22 78
21 15 27 16 62
27 29 34 12 75
10 95 69 62 13
35 100 14 49 19
73 98 40 56 77
4 8 31 7 15
Size
1 10 7 6 9
9 3 5 9 4
1 4 2 8 8
1 8 3 1 10
7 5 1 10 3
1 6 6 10 2
8 10 3 7 6
7 10 6 1 9
5 8 10 7 9
8 8 2 10 9
7 10 4 1 2
9 10 7 3 6
3 10 1 6 6
2 5 1 10 10
8 7 8 9 3
1 10 5 10 5
2 4 6 4 2
5 9 4 4 3
9 1 6 1 6
5 8 5 4 8
6 8 3 2 2
5 2 10 1 5
7 1 3 7 2
9 4 3 5 5
10 3 1 7 1
7 9 2 9 5
5 3 4 7 6
9 4 7 7 1
2 2 8 9 3
8 3 8 1 2
2 1 7 2 1
4 5 8 9 2
10 4 3 4 4
4 1 6 3 10
2 5 6 5 4
2 9 1 9 8
7 9 8 6 4
5 4 4 3 4
4 9 8 9 10
3 3 3 2 5
9 2 3 1 10
1 5 7 8 4
5 7 8 8 7
2 7 7 5 1
1 3 4 2 8
6 1 6 2 3
9 8 9 5 7
6 1 7 4 8
10 10 10 5 10
9 8 1 5 2
8 1 3 3 6
10 8 9 8 9
7 5 10 8 4
3 3 10 9 8
3 10 5 7 8
1 6 2 4 1
6 10 1 9 2
9 3 9 4 4
5 4 9 7 1
5 7 2 2 6
8 2 8 9 10
1 4 1 4 2
1 6 6 4 9
10 1 4 3 10
3 5 9 2 6
1 4 7 8 8
6 3 6 7 7
8 1 2 3 4
2 5 10 7 8
8 10 7 4 7
5 9 6 2 8
10 9 6 7 8
1 9 8 5 4
10 5 5 7 7
2 4 5 8 2
5 6 3 3 3
1 2 7 2 6
8 10 6 3 6
1 3 8 8 1
3 7 1 2 3
3 2 4 6 2
5 9 1 2 8
5 6 8 5 6
2 10 5 6 8
4 3 8 6 7
9 6 8 1 7
4 6 10 7 6
7 10 7 9 10
1 4 4 5 4
6 5 7 4 6
6 9 2 1 2
9 10 10 3 4
2 9 3 8 2
5 7 1 4 3
7 7 3 5 5
6 4 4 4 6
7 9 2 5 10
10 10 3 6 6
7 2 5 9 5
4 5 8 9 3
