n 100
m 5
cap 10
Processing
18 26 44 93 66
93 11 27 16 37
50 27 68 74 27
60 93 45 14 89
57 11 79 85 13
6 34 21 12 67
91 68 91 95 37
59 50 28 29 7
59 7 29 22 60
39 8 84 14 12
64 63 63 41 29
2 2 62 73 7
9 63 10 94 10
61 1 92 20 46
18 71 21 51 7
87 19 73 29 66
21 24 71 80 40
38 27 99 23 80
65 83 18 8 34
3 22 11 8 77
92 67 31 90 99
1 94 16 2 75
66 60 82 15 80
78 80 36 4 21
7 4 24 59 48
31 23 58 99 14
29 10 2 79 57
87 35 84 48 70
90 20 36 18 13
7 81 34 88 4
97 62 38 71 77
21 47 68 72 59
79 99 25 23 39
89 77 100 61 36
43 8 35 17 63
42 42 38 21 45
27 57 14 68 19
83 97 68 25 10
39 66 83 17 26
39 94 18 61 2
57 82 63 81 54
97 44 95 3 42
14 26 25 94 5
66 73 20 86 39
92 94 56 26 53
5 93 28 22 45
66 50 6 77 20
58 6 96 51 98
21 1 54 12 79
58 22 95 50 74
26 77 82 27 5
33 33 17 81 28
49 21 97 85 1
74 30 77 100 99
2 23 16 43 53
36 50 74 72 1
87 5 83 65 72
65 36 63 36 35
1 80 2 4 78
67 5 62 83 80
60 11 46 51 17
46 42 40 77 89
81 37 87 96 23
68 60 48 86 53
31 42 90 64 79
44 48 51 29 2
47 13 18 65 32
53 7 1 84 44
95 9 93 34 32
36 49 85 25 74
50 28 32 77 29
75 36 91 69 31
52 13 55 88 84
12 49 96 17 41
4 60 16 74 84
65 14 6 14 19
22 88 43 83 50
70 69 75 21 28
92 27 96 63 28
72 58 18 26 45
27 83 77 35 50
59 39 82 49 44
68 48 21 19 7
9 45 32 73 82
82 19 65 43 39
65 96 82 72 94
3 73 91 77 6
31 39 23 11 30
58 95 86 31 77
6 28 68 57 56
8 22 2 8 61
28 9 65 79 4
56 41 41 68 29
76 46 54 60 25
88 40 97 100 69
83 1 51 77 15
99 80 2 95 31
97 18 36 78 9
72 36 33 34 2
19 54 99 14 26
Size
6 7 3 4 5
4 2 1 1 6
10 5 8 9 9
2 10 3 8 9
1 6 5 1 5
2 4 4 6 3
8 2 4 1 4
7 5 5 9 7
3 9 3 5 9
6 2 4 4 9
9 4 8 8 5
7 8 8 9 6
7 5 1 2 8
1 5 10 6 5
4 3 7 3 5
4 8 2 5 8
1 4 4 2 8
8 5 4 2 9
8 2 8 10 9
4 10 4 1 9
1 6 9 10 4
9 3 6 9 4
7 8 9 7 5
3 6 1 1 7
9 9 1 7 5
4 5 8 5 7
8 5 8 4 8
5 4 9 5 2
7 1 6 10 2
2 6 1 1 5
4 5 8 3 2
10 9 4 8 1
9 5 9 1 3
2 3 4 9 1
2 1 5 2 7
4 3 4 1 3
10 4 6 10 6
1 1 10 9 4
6 7 10 9 6
2 2 10 10 5
1 4 8 3 3
1 9 2 6 6
5 8 9 6 7
7 9 1 4 8
8 10 6 8 5
9 6 6 3 5
9 10 5 4 10
10 3 7 7 8
6 2 8 7 7
1 10 5 2 6
10 1 2 8 5
7 3 10 4 2
2 5 4 4 9
5 4 9 9 5
6 8 5 10 10
8 1 4 6 1
4 7 4 6 4
5 1 3 9 8
8 1 9 3 4
3 10 3 10 2
2 3 8 1 4
10 4 4 2 10
8 8 9 8 9
1 5 8 8 9
1 9 1 10 2
10 7 3 6 4
3 4 6 5 7
3 2 4 2 10
7 3 8 3 4
8 9 6 6 7
10 2 8 10 10
6 9 8 10 6
6 5 7 7 9
8 6 7 6 2
10 10 6 2 7
7 9 9 8 5
2 10 8 6 4
9 6 5 1 6
2 4 7 3 5
9 4 4 4 7
3 6 8 7 9
7 9 6 7 5
10 10 2 2 9
4 1 4 7 7
10 1 9 10 2
4 7 1 3 2
9 1 10 6 5
1 7 1 9 4
6 7 2 3 2
9 6 5 10 5
10 8 3 7 6
1 10 2 5 5
10 3 6 10 10
8 9 1 2 5
1 10 7 9 8
10 10 1 3 5
2 3 4 2 9
2 9 5 10 7
3 6 10 8 2
1 8 6 6 6
