n 100
m 5
cap 10
Processing
100 66 75 57 95
5 78 97 94 83
31 41 30 63 35
78 66 34 81 59
98 96 46 28 10
56 74 35 31 35
91 98 95 45 11
78 30 6 19 70
13 33 100 88 87
26 65 14 39 1
95 50 49 45 41
56 3 70 55 96
61 5 39 67 87
17 67 82 78 88
69 23 18 76 55
83 78 30 81 77
7 48 34 81 6
56 18 96 31 74
10 66 58 95 79
87 49 84 66 50
43 66 68 43 43
3 87 53 86 84
24 29 65 28 70
55 40 52 81 93
74 99 10 56 37
64 26 29 5 30
85 23 25 79 81
15 58 79 28 3
29 11 56 81 15
95 66 73 57 88
41 29 66 55 85
54 60 75 61 64
13 99 92 24 77
34 64 85 15 24
48 18 60 74 86
1 10 82 87 60
39 74 47 5 40
19 64 72 67 9
80 54 74 29 98
79 66 36 79 19
7 82 81 33 4
12 97 61 20 63
55 59 54 23 75
67 36 76 58 44
22 62 20 77 41
64 40 22 46 32
58 81 46 32 38
80 30 73 17 98
38 86 89 21 34
91 4 29 66 29
74 45 52 21 35
31 70 23 78 22
17 16 29 27 14
17 52 81 36 79
12 40 60 5 78
33 16 57 74 77
22 81 62 17 92
69 22 96 83 73
68 63 39 21 58
4 20 19 62 1
52 64 3 67 15
88 39 85 9 42
64 98 78 36 80
85 67 9 3 92
18 50 94 99 7
81 46 46 70 79
34 21 27 25 69
17 33 7 48 44
83 41 39 49 2
84 35 43 80 100
56 52 3 76 46
35 24 4 91 36
86 91 65 77 54
82 71 72 41 98
40 44 74 69 55
72 100 97 47 29
87 30 15 48 13
77 1 78 71 80
53 50 44 26 27
48 82 46 1 2
46 82 42 67 67
66 65 5 40 62
74 66 61 10 14
24 75 38 66 56
33 41 67 21 57
9 61 82 22 24
96 9 51 74 31
93 45 77 95 83
51 74 72 76 50
79 66 84 62 87
1 47 97 87 62
34 34 29 94 30
7 15 52 16 47
46 62 72 25 77
44 58 90 71 75
76 40 42 23 97
14 38 48 87 100
21 28 69 87 44
17 21 46 92 57
7 56 46 38 100
Size
10 6 5 1 8
6 7 9 3 2
7 8 9 2 1
10 5 4 2 9
4 1 3 5 9
9 4 7 2 3
5 10 9 9 7
7 4 10 2 4
4 4 7 5 4
2 7 9 10 1
3 6 10 8 5
5 7 7 10 1
8 7 5 10 9
3 7 9 5 10
9 1 8 2 3
6 7 1 2 9
5 4 7 3 4
6 4 5 10 6
2 3 6 8 2
6 10 9 2 1
8 8 7 8 6
5 10 8 4 4
10 7 4 6 1
8 7 3 1 3
6 2 10 2 9
3 7 1 4 7
4 2 1 5 10
6 5 4 10 10
7 8 2 6 8
6 5 10 6 6
6 9 7 7 4
5 5 8 9 4
10 1 7 7 3
3 4 4 10 2
9 3 5 3 3
2 3 5 2 5
1 4 1 1 4
8 3 4 10 10
2 7 3 3 10
8 2 1 2 1
8 9 3 10 1
9 2 5 8 4
4 3 4 4 10
8 10 2 5 3
1 6 3 9 1
7 1 9 8 6
9 5 5 8 9
9 2 7 5 10
10 4 2 1 6
10 2 4 9 9
8 10 1 10 1
9 8 7 10 6
3 10 4 3 1
5 10 3 7 1
8 4 4 3 9
3 3 9 5 5
8 8 10 4 6
8 10 7 6 6
10 7 5 8 6
2 1 10 10 7
6 4 4 3 7
3 8 4 5 7
1 4 5 10 9
10 6 10 1 8
5 6 3 2 10
4 8 5 1 1
5 6 6 10 5
2 1 1 8 2
3 1 10 7 2
7 3 2 5 3
5 1 6 5 4
7 8 9 10 2
6 7 3 7 9
8 8 9 2 7
2 9 6 1 7
3 2 8 9 6
6 3 5 6 7
8 6 8 10 7
6 6 3 7 3
6 10 4 7 10
6 2 1 10 6
5 10 9 10 6
3 4 1 9 4
7 10 9 5 10
8 1 7 9 5
1 10 6 9 6
4 7 5 4 3
4 7 10 5 10
2 8 8 9 2
10 2 8 10 8
2 5 3 4 4
1 10 3 8 2
1 9 5 7 4
6 10 5 3 1
9 6 6 9 3
6 9 3 6 4
10 9 9 4 3
6 9 3 2 1
6 1 7 6 6
4 2 9 6 9
