n 100
m 5
cap 10
Processing
2 38 2 59 48
69 22 5 31 98
32 64 14 26 94
73 85 99 24 99
50 7 60 34 65
90 23 77 54 45
1 19 78 43 83
54 52 9 11 85
22 15 53 81 23
87 88 98 12 42
75 16 80 53 67
86 56 40 76 44
56 31 92 40 72
59 15 98 26 87
83 28 14 49 100
94 74 30 50 84
30 54 38 47 45
84 46 12 80 88
55 99 19 8 56
76 87 56 30 86
18 7 80 49 24
79 68 12 28 59
2 23 1 66 14
91 32 27 63 100
72 12 18 16 59
47 30 86 53 85
45 68 55 74 50
83 81 51 65 75
6 96 72 46 65
28 1 29 37 74
3 64 18 37 22
1 79 9 89 11
40 48 62 85 69
79 21 31 84 69
64 15 71 80 35
72 90 21 58 72
98 36 40 99 71
8 9 34 21 83
83 73 90 21 90
6 7 23 42 40
58 63 43 11 68
63 82 80 46 20
54 90 40 5 69
25 79 46 40 81
34 42 96 88 84
77 8 68 83 82
40 73 88 33 98
17 53 66 47 14
17 74 12 21 38
1 51 11 54 65
35 7 76 62 76
91 24 79 75 4
7 81 44 50 17
49 45 16 56 28
8 88 63 5 79
53 96 85 94 69
39 67 91 6 46
20 57 4 69 48
36 80 26 48 95
100 26 55 72 62
25 90 79 40 92
97 39 88 93 36
35 81 78 21 57
29 49 55 22 69
16 40 50 26 6
2 67 5 99 42
74 99 18 76 86
26 27 93 81 28
73 35 40 46 95
6 10 73 30 69
23 32 33 19 31
77 65 59 49 27
59 54 83 25 31
3 77 10 8 48
52 96 99 67 34
92 34 99 30 45
63 31 78 32 69
4 55 28 41 65
21 55 99 14 35
100 88 16 87 73
60 48 12 42 83
53 13 75 17 77
66 19 45 31 56
38 36 88 89 65
52 88 65 64 62
29 38 80 63 26
28 78 88 20 98
16 23 16 73 35
86 52 85 40 23
47 57 58 72 64
3 49 67 55 62
96 93 15 76 84
40 100 51 95 95
99 26 66 23 77
71 96 43 87 54
23 46 50 12 56
56 85 38 26 52
70 50 81 58 21
40 55 25 68 53
36 2 35 41 73
Size
4 6 6 10 4
10 4 4 3 4
2 3 1 7 5
7 7 10 7 6
2 9 8 5 6
6 9 3 1 10
8 5 1 2 5
6 3 6 7 1
7 7 8 10 10
9 10 7 1 7
9 3 8 2 4
6 7 4 10 7
10 7 9 6 10
2 8 9 9 10
7 7 10 8 5
2 1 8 9 5
6 2 1 5 9
6 6 6 10 8
5 9 4 9 2
7 4 5 8 5
5 4 5 1 8
4 7 4 5 7
9 4 5 1 3
7 2 2 10 6
4 8 7 6 7
8 8 10 7 4
1 5 2 1 1
7 5 8 1 8
10 10 9 9 7
10 8 6 9 3
10 1 9 3 1
2 1 1 3 7
7 9 4 3 2
5 7 3 8 10
7 5 5 7 3
8 6 10 8 9
8 3 8 6 5
9 3 8 3 5
3 4 3 2 9
3 6 8 8 6
4 9 6 5 7
4 8 5 5 3
4 5 10 9 4
6 6 4 4 8
6 8 5 6 10
3 9 1 7 1
4 1 7 10 2
2 9 4 8 6
7 6 2 9 8
8 4 4 9 7
2 9 4 4 6
4 9 1 5 1
6 1 10 8 4
2 8 10 3 8
7 8 8 9 6
8 7 4 10 10
1 4 10 7 9
8 7 5 5 3
9 2 4 10 7
2 2 8 6 9
10 1 6 2 6
10 10 5 10 9
9 8 9 9 7
10 3 5 7 1
3 3 3 3 6
9 10 6 2 8
4 7 9 2 6
1 6 4 5 1
2 2 10 5 7
2 9 2 8 2
8 3 6 1 3
4 3 9 10 8
8 7 5 3 3
5 2 7 3 4
4 8 10 3 4
1 6 9 9 5
10 8 8 7 4
2 5 8 6 9
8 3 9 4 3
4 7 7 2 6
2 7 2 8 1
8 9 2 1 6
3 6 10 10 7
2 2 6 10 8
3 5 10 1 7
4 6 7 4 2
8 2 7 6 8
4 4 7 3 8
7 2 2 9 5
8 5 3 9 8
1 4 10 1 6
7 6 7 8 5
6 2 7 1 1
8 4 9 2 3
5 4 5 4 3
9 2 3 4 9
4 3 1 2 7
7 2 5 10 6
8 3 10 7 6
8 5 8 9 1
