n 100
m 5
cap 10
Processing
71 12 100 2 80
69 58 83 57 35
54 36 26 31 95
31 99 53 69 59
27 52 24 92 3
64 32 60 47 16
54 32 82 55 69
24 69 37 42 67
15 22 4 86 13
88 19 26 10 6
41 35 82 67 54
68 48 52 31 85
55 81 39 33 62
94 19 94 37 90
50 41 40 10 71
63 82 21 74 45
63 58 63 34 64
79 42 3 93 41
81 54 18 41 45
1 4 94 26 37
86 18 26 32 33
32 28 3 8 58
74 12 64 98 68
74 85 25 4 77
5 85 80 23 69
25 67 72 28 46
18 15 23 27 81
35 5 51 67 24
99 85 28 54 27
3 75 23 16 84
99 52 83 67 30
67 55 43 44 68
86 28 98 42 3
59 26 66 32 76
37 97 82 84 48
71 77 43 43 11
34 51 64 96 34
26 50 98 5 87
19 53 39 20 10
28 67 89 70 66
16 12 76 100 2
98 56 10 89 77
87 37 69 18 8
95 90 42 21 56
5 6 51 13 31
86 61 73 44 21
46 97 92 85 35
87 25 23 46 37
27 54 74 80 19
40 76 24 47 4
1 84 22 62 94
88 86 21 20 64
82 65 4 18 71
40 14 57 17 61
58 76 93 67 49
75 34 29 95 56
27 88 41 64 9
88 65 18 18 43
27 50 57 93 54
57 22 60 11 4
58 72 16 51 4
20 20 23 34 34
64 85 13 68 63
9 93 36 68 10
84 46 3 1 28
94 60 33 81 5
51 13 73 11 10
20 21 71 77 3
16 34 89 2 56
73 90 32 35 96
24 71 75 26 60
79 1 17 12 93
55 26 46 35 83
18 57 80 70 30
16 99 58 7 43
98 44 12 43 7
31 56 44 34 15
31 88 2 100 50
89 56 34 1 41
96 94 17 47 75
78 78 83 51 73
32 52 98 83 5
29 57 63 42 23
97 69 61 42 40
66 20 10 81 87
15 14 74 88 41
78 99 47 97 30
98 94 39 63 4
76 25 70 31 93
22 70 76 35 73
37 72 70 100 100
47 71 92 85 47
40 12 94 43 72
77 6 87 36 29
10 11 78 67 69
92 31 56 32 25
10 65 6 63 8
60 38 76 81 26
16 20 53 11 74
92 24 47 89 60
Size
6 4 6 4 5
2 2 9 8 6
4 9 1 2 8
4 6 9 8 2
7 5 3 5 7
10 2 2 5 10
2 6 9 3 2
9 4 3 7 5
7 1 2 8 5
1 1 3 8 1
10 6 3 10 7
1 8 3 1 10
1 6 4 2 5
5 3 7 4 6
8 7 6 5 8
3 5 4 8 6
9 2 2 9 7
10 6 10 9 2
2 6 10 6 7
3 5 4 6 9
9 6 4 5 3
3 5 4 10 5
8 3 10 8 8
5 4 2 3 6
3 4 7 10 7
7 7 8 10 5
9 9 8 10 8
6 1 5 1 2
4 3 9 2 9
7 6 9 1 1
5 1 1 1 9
8 6 5 5 1
7 6 10 1 3
6 5 7 2 9
4 2 7 1 1
1 3 1 8 5
1 9 2 2 7
5 1 7 4 7
5 6 3 1 4
5 3 10 3 8
3 3 6 1 5
7 5 7 10 1
1 8 9 9 8
5 6 2 1 9
4 3 9 5 7
5 5 5 9 7
10 4 5 6 9
2 6 8 10 2
9 2 3 9 8
9 4 9 6 9
5 4 1 4 2
5 7 9 3 9
7 6 9 2 8
8 4 9 10 3
7 4 4 6 4
5 3 7 7 4
5 2 5 3 3
3 2 7 7 5
1 6 6 3 8
6 1 8 9 3
4 10 3 8 4
1 1 10 5 2
4 6 1 3 8
1 6 8 10 3
8 2 1 5 1
3 2 5 8 9
8 2 9 5 10
6 4 5 5 1
8 5 9 6 8
8 8 10 3 10
2 4 3 7 8
7 5 2 7 1
5 1 5 8 7
6 2 3 3 4
3 7 9 2 5
8 4 4 7 10
7 1 9 4 3
3 1 10 2 10
3 7 8 4 8
5 3 9 1 5
1 9 6 7 6
5 2 9 9 10
9 6 7 4 1
10 2 3 9 8
8 10 6 9 6
9 7 1 9 1
7 5 2 4 6
2 6 1 1 10
10 4 10 5 10
2 9 3 3 4
3 1 8 3 9
9 2 6 2 3
1 7 9 2 1
4 2 9 5 10
5 10 6 6 10
7 8 7 7 8
7 8 10 6 1
7 2 1 1 7
5 9 4 6 4
2 6 8 5 6
