n 100
m 5
cap 10
Processing
80 22 8 53 3
23 6 63 31 27
56 83 11 65 100
63 71 20 20 32
90 83 19 99 41
64 70 36 70 76
31 68 96 53 30
75 62 94 3 99
5 65 54 17 97
91 29 45 80 7
90 19 88 36 14
36 33 27 12 38
76 67 68 99 51
58 45 4 24 90
85 95 55 75 94
26 68 47 47 26
31 23 80 42 33
88 94 11 3 85
77 5 63 97 18
36 76 3 97 88
34 25 61 98 75
75 22 27 91 43
70 23 38 89 85
54 52 57 55 45
30 82 46 34 2
20 25 10 52 86
37 70 51 77 81
63 36 94 41 66
62 96 55 63 48
33 17 86 34 13
93 40 28 81 94
12 36 66 21 56
4 3 89 100 47
26 83 88 50 17
3 31 51 49 98
73 84 63 62 31
86 1 96 56 47
80 93 31 83 90
77 11 33 18 24
39 35 1 67 90
64 89 71 2 17
47 70 50 27 88
66 70 56 46 24
23 25 71 95 58
41 52 53 41 90
54 23 42 24 80
73 82 90 32 12
78 3 11 82 19
8 57 36 74 46
58 41 73 75 36
39 46 75 66 78
29 19 48 41 64
41 72 36 9 19
85 40 31 93 50
36 81 74 3 50
39 83 86 11 36
29 5 11 79 17
40 13 86 56 76
34 11 72 58 45
69 24 5 65 28
95 41 3 48 89
80 77 97 72 54
45 38 5 24 28
98 63 4 32 69
68 18 76 16 4
44 28 97 32 13
27 22 57 2 19
97 97 33 3 2
61 56 66 76 69
71 74 67 3 6
23 78 81 29 47
87 59 40 90 42
83 79 62 41 87
35 13 66 79 1
61 36 44 67 25
95 88 36 38 24
38 90 26 33 50
77 30 57 8 36
7 29 55 53 65
63 43 37 23 96
40 1 30 29 3
30 1 76 11 42
32 75 64 85 9
78 47 3 45 30
94 75 24 13 97
15 5 46 34 31
1 43 11 20 27
49 64 21 51 100
36 60 84 36 60
55 36 71 14 20
88 69 49 35 52
50 79 76 72 88
8 8 84 92 3
66 57 99 100 4
10 53 25 62 6
27 92 40 46 1
98 25 83 44 57
30 16 14 40 76
24 63 65 96 96
53 91 92 90 60
Size
1 6 4 2 7
5 1 9 4 10
10 10 2 1 9
3 1 1 10 6
10 10 1 4 7
5 5 9 9 6
7 3 6 10 8
5 2 8 3 9
10 7 1 9 10
8 4 8 4 1
2 9 8 1 10
1 1 7 4 10
5 7 1 10 1
10 5 8 9 4
8 10 8 8 7
3 1 3 1 3
4 9 4 2 1
5 1 9 4 7
6 8 7 8 3
9 7 5 2 7
8 10 1 9 10
9 2 1 5 4
2 4 8 6 4
7 2 7 9 7
6 10 1 1 2
3 4 8 8 6
9 3 1 6 8
3 4 2 3 7
9 4 6 8 10
3 5 1 6 2
1 1 1 5 9
8 6 10 5 5
9 3 9 6 4
8 3 1 8 2
3 2 10 8 2
7 5 7 8 5
2 5 2 1 2
7 2 1 1 7
9 6 10 6 1
2 8 4 10 4
9 3 8 2 1
3 7 1 2 3
5 7 10 1 9
1 7 1 2 5
8 9 4 2 6
6 3 1 10 1
6 8 3 5 3
10 9 5 7 8
9 2 7 7 8
3 5 8 9 1
8 9 7 1 2
6 5 10 4 3
4 2 6 6 3
9 10 2 1 6
8 5 9 2 5
2 2 4 8 7
6 6 5 10 10
7 9 3 5 1
9 9 7 9 8
3 4 9 4 8
5 4 2 5 2
9 1 6 9 4
8 10 3 3 3
4 6 6 4 4
7 9 7 6 7
9 7 2 10 3
6 3 8 3 2
4 7 1 5 5
1 1 6 3 3
9 5 2 4 2
9 6 8 7 4
7 6 3 6 6
9 9 7 7 5
6 4 5 4 8
2 10 8 7 1
9 5 1 3 8
1 9 7 9 7
5 9 3 10 6
9 10 8 7 4
9 7 7 5 7
9 8 8 7 3
4 10 6 8 7
2 7 6 5 1
5 3 2 3 10
6 8 1 10 2
9 2 5 8 5
4 4 3 10 5
1 8 9 4 7
9 5 5 1 3
7 9 1 9 7
8 6 3 2 7
1 2 3 6 1
4 7 1 2 4
4 8 5 5 4
4 7 9 8 2
2 7 6 1 6
7 10 8 4 3
3 4 3 6 5
3 5 10 4 1
5 5 5 1 5
