n 100
m 5
cap 10
Processing
44 38 89 25 76
69 51 34 25 70
95 62 44 89 17
59 18 39 29 75
76 28 77 52 46
89 70 5 29 51
35 99 71 3 99
78 23 28 72 44
50 67 71 44 94
58 59 27 53 99
70 12 12 11 99
6 7 20 26 10
9 14 65 85 8
41 28 18 27 57
2 63 55 82 16
72 85 30 24 57
31 46 62 96 38
93 80 63 98 94
67 71 32 36 33
60 5 8 13 83
13 82 19 23 56
87 29 36 33 58
52 48 66 2 7
93 80 3 9 75
44 62 11 73 63
75 45 93 51 70
35 5 65 85 9
24 87 38 93 34
82 76 19 54 15
73 63 99 40 47
77 76 96 32 14
81 9 57 71 9
87 80 99 56 50
27 53 53 38 58
30 87 52 58 64
18 22 61 80 82
47 79 12 96 39
66 13 35 2 47
35 65 77 41 84
98 75 84 85 62
69 67 88 98 79
38 46 46 72 44
90 92 4 87 32
71 79 46 90 52
54 14 30 14 86
49 65 61 29 83
99 83 51 46 93
65 74 43 100 61
89 31 85 90 100
63 53 26 57 56
23 71 44 95 19
71 25 37 90 59
16 76 23 55 29
37 89 3 59 71
69 16 56 10 77
16 20 15 74 19
36 39 51 66 68
3 76 88 67 93
60 68 85 75 3
96 94 86 89 99
60 92 75 9 17
68 24 33 95 10
64 80 52 20 40
50 1 90 4 28
17 18 74 15 85
62 15 16 63 35
62 57 60 74 100
41 75 77 11 26
72 49 96 41 32
55 94 41 34 31
46 12 88 76 53
83 83 81 31 30
4 85 49 36 36
1 85 62 2 20
58 57 23 51 33
11 35 13 27 52
65 96 55 69 45
91 29 22 79 77
38 22 29 4 66
88 64 6 43 1
20 21 91 90 15
15 5 97 63 73
15 61 26 86 42
18 97 74 2 51
89 75 65 81 42
81 2 14 60 92
7 69 19 42 79
63 94 3 40 77
2 67 17 98 52
93 96 64 53 27
91 19 77 20 36
6 20 61 37 30
56 47 34 73 45
57 52 67 75 39
90 73 29 84 16
64 41 38 26 75
12 26 45 37 30
84 86 40 86 24
22 68 90 52 6
49 67 11 30 17
Size
8 10 10 7 2
2 7 5 8 8
4 7 7 4 7
3 5 3 6 2
4 7 5 8 4
9 7 9 5 8
1 7 8 8 1
6 7 3 4 5
1 8 10 4 1
7 4 1 1 8
4 2 2 3 9
9 8 7 6 10
9 9 7 1 7
10 5 1 4 4
2 3 8 3 2
7 9 7 8 9
9 3 4 5 5
8 1 9 1 2
6 5 6 6 1
5 4 9 9 1
4 6 8 9 1
7 7 9 6 6
2 7 4 4 6
3 1 9 1 8
4 5 2 6 4
7 5 9 2 2
1 4 4 9 10
6 7 2 8 4
10 6 10 6 2
3 6 2 3 8
9 4 2 10 5
7 8 5 8 3
9 8 9 2 7
7 4 10 3 10
5 1 7 1 1
9 4 3 10 8
3 8 6 4 1
6 10 10 10 7
3 3 2 10 8
7 6 10 5 3
4 6 1 6 2
4 6 8 2 8
6 6 2 9 4
5 5 1 8 2
4 1 1 10 5
6 2 9 5 5
7 10 10 3 3
9 7 8 3 10
10 7 5 6 1
9 2 2 3 9
3 6 1 4 5
1 10 10 5 10
9 7 9 6 4
8 2 8 4 1
6 2 2 3 9
10 3 7 8 1
10 8 10 2 6
9 7 9 8 5
2 5 6 10 8
5 10 7 2 6
10 10 1 9 10
8 3 1 5 6
4 9 7 9 5
10 10 5 5 5
5 10 2 7 5
4 10 1 3 6
10 7 9 3 10
1 8 7 2 6
10 1 3 3 9
2 9 2 4 7
7 8 8 1 10
6 2 10 9 4
6 1 5 2 6
3 6 2 8 10
5 10 4 9 8
1 1 10 10 4
4 3 5 9 1
4 8 8 2 2
1 3 7 3 4
8 10 2 8 5
8 5 9 3 10
8 3 4 8 7
5 9 2 4 7
4 10 1 2 9
1 3 1 4 6
1 4 7 6 4
5 5 4 1 4
1 7 7 1 8
5 8 9 9 9
8 9 1 5 9
7 2 6 4 4
10 10 2 2 10
2 10 4 6 10
5 5 3 4 5
2 6 3 8 4
1 7 3 4 6
3 8 3 3 3
4 8 9 5 6
5 6 6 10 7
10 3 6 9 3
