n 100
m 5
cap 10
Processing
5 33 68 84 55
12 42 77 95 43
63 96 24 2 50
15 84 59 26 9
75 29 79 94 20
2 42 40 69 74
48 41 98 57 40
29 12 39 49 97
60 68 70 33 75
13 45 97 16 26
100 66 15 49 9
25 7 70 45 62
64 75 9 75 83
36 92 97 67 12
51 55 18 21 82
44 57 66 21 5
56 31 53 40 62
26 78 46 92 71
63 95 37 3 91
24 43 64 23 52
2 39 29 45 37
48 51 82 41 36
54 2 89 56 35
77 26 45 48 32
9 86 67 6 66
27 40 99 32 15
94 11 89 44 72
10 71 14 67 78
89 98 60 29 14
98 67 89 16 10
43 58 60 76 93
56 11 89 85 14
34 43 26 28 70
17 99 31 11 74
98 63 8 49 81
43 98 50 31 84
40 48 52 27 75
42 5 51 73 61
80 33 58 94 25
43 82 78 66 66
4 53 22 58 1
31 47 45 91 5
39 15 59 34 26
37 78 72 55 56
95 62 62 51 12
49 99 98 98 81
35 96 4 60 61
99 36 46 56 41
68 64 47 78 7
55 41 30 23 87
19 80 75 69 10
37 69 76 52 67
90 71 72 55 58
33 23 30 36 67
47 76 15 97 66
32 69 56 25 72
6 38 2 89 7
43 18 6 64 79
56 39 16 97 16
80 62 64 96 98
25 94 99 72 57
34 86 3 40 59
81 96 70 95 22
71 79 88 81 68
33 63 46 46 49
56 33 65 73 45
99 55 15 37 32
33 48 25 38 38
67 58 47 96 64
69 29 54 95 39
58 7 33 49 68
21 57 19 94 38
61 78 60 4 70
22 53 44 67 18
47 91 70 53 26
12 51 37 35 38
28 75 5 36 54
99 96 90 25 94
18 28 66 23 87
13 63 13 14 15
17 63 62 18 21
1 8 31 5 17
21 55 44 55 40
64 17 34 38 68
35 50 22 65 7
7 99 12 53 95
76 43 41 43 58
97 38 55 8 100
48 86 86 66 55
39 63 75 49 75
53 7 88 32 27
94 34 1 50 25
3 85 33 63 32
54 49 59 24 71
77 10 6 69 18
49 80 76 78 45
12 30 22 9 35
84 4 14 90 38
62 97 55 79 98
80 99 37 30 14
Size
4 10 6 6 2
1 5 9 2 2
10 9 5 7 10
10 8 5 9 4
7 8 6 8 7
3 9 5 2 7
3 3 4 3 5
5 10 2 8 9
2 10 8 10 7
1 7 6 2 5
7 6 1 2 5
2 1 10 9 5
1 5 3 9 7
4 8 9 6 3
1 7 4 9 2
8 9 10 3 2
4 9 2 4 9
8 10 3 7 7
10 1 3 9 10
3 9 10 10 10
10 2 6 7 8
3 6 7 8 6
10 6 5 1 4
8 7 4 9 1
3 10 5 2 2
9 10 4 3 3
9 10 8 10 5
7 2 8 2 7
3 6 9 7 6
5 9 1 5 8
4 2 9 7 2
8 4 9 9 10
7 7 7 5 10
3 6 8 3 6
3 7 3 7 8
10 3 7 9 1
6 6 10 9 1
2 2 4 9 1
1 9 9 6 5
3 10 9 1 2
3 6 10 4 10
2 5 7 4 1
10 6 4 6 10
2 2 2 9 1
10 9 1 6 9
6 1 3 8 1
8 1 4 1 2
3 1 10 3 7
4 5 4 7 6
5 3 9 2 2
7 10 2 1 3
6 5 7 1 9
9 7 10 9 5
6 10 4 7 3
7 6 10 10 4
4 7 10 7 9
3 7 3 10 5
1 3 9 7 9
1 8 4 7 4
6 5 9 10 8
10 8 9 7 8
6 1 10 7 7
10 8 5 3 10
6 8 10 10 7
6 6 5 2 8
9 10 3 9 5
2 9 4 7 8
2 2 4 1 10
7 8 4 2 7
10 2 2 1 10
9 1 6 6 8
6 1 6 4 6
9 7 5 3 3
1 10 1 9 1
10 5 10 9 6
1 3 9 2 2
5 2 5 1 3
4 4 9 7 7
9 6 6 7 7
1 4 9 5 3
7 5 1 7 1
5 8 6 1 9
6 10 2 1 4
8 1 3 10 10
8 10 10 8 9
10 8 10 4 7
6 6 2 8 7
3 3 2 3 7
5 7 3 1 4
2 7 7 6 1
2 6 2 5 1
8 5 6 3 4
4 6 4 8 1
1 10 3 3 1
5 3 3 9 6
9 5 6 4 5
4 6 10 4 5
6 5 8 10 9
4 5 2 1 10
4 1 10 1 9
