n 100
m 5
cap 10
Processing
13 14 66 29 17
12 100 69 27 82
84 33 49 17 46
6 95 86 15 38
70 45 3 37 8
100 55 24 50 30
29 25 25 58 81
20 100 72 16 48
84 17 27 72 37
17 3 91 53 49
100 7 21 100 26
54 88 20 64 17
15 61 21 45 92
68 98 74 7 85
15 8 19 19 39
27 82 57 57 29
100 100 4 35 94
89 80 15 28 98
42 55 41 63 53
33 69 3 36 88
36 95 27 45 93
67 33 49 23 3
52 7 23 41 63
65 98 25 93 32
54 55 84 82 93
96 46 48 12 79
20 27 91 65 2
1 73 23 99 73
100 21 14 3 43
93 92 4 95 92
87 84 2 41 46
89 94 53 20 70
54 28 32 77 97
35 50 38 81 1
93 25 86 91 69
31 37 93 21 95
31 20 11 24 51
61 23 56 15 80
43 59 52 18 47
62 27 19 68 17
46 84 80 29 86
83 75 11 43 72
83 62 89 77 6
84 30 58 33 75
12 32 60 4 60
71 55 71 24 91
31 48 45 82 48
93 1 28 90 66
69 77 97 9 70
23 4 53 10 58
13 51 21 77 24
72 48 36 58 32
100 92 12 54 41
69 65 60 53 9
84 61 65 71 70
35 65 81 14 9
97 8 42 10 59
67 56 78 54 25
78 3 33 54 19
78 24 87 53 12
32 11 36 38 58
32 49 15 52 46
98 7 70 93 69
66 20 57 1 92
88 52 93 68 97
40 30 18 16 1
89 13 57 14 92
51 41 80 33 88
67 8 66 15 52
74 1 38 90 52
97 42 28 52 66
23 64 72 79 4
24 74 85 96 42
95 47 31 39 18
72 41 37 24 17
98 80 18 19 76
70 53 11 61 20
28 1 71 29 12
90 43 48 96 93
83 22 24 79 83
53 47 12 10 72
34 79 87 54 82
80 9 25 41 68
54 52 79 37 90
85 30 7 51 43
62 95 92 67 88
82 94 75 93 42
49 63 95 88 86
35 63 44 11 89
17 79 13 12 5
6 72 10 5 89
19 62 77 53 99
76 77 2 3 79
99 4 56 60 75
5 6 52 14 66
56 32 81 63 68
55 26 74 64 96
50 12 39 37 63
78 89 8 72 39
7 86 84 74 16
Size
7 1 2 10 5
5 10 10 7 2
10 2 7 3 2
10 5 1 2 7
1 9 9 3 5
8 1 5 2 5
7 8 8 6 9
4 5 6 6 1
4 10 5 6 4
10 2 1 1 5
6 7 10 4 5
10 1 7 8 5
8 10 9 9 7
6 1 2 3 6
4 4 9 5 10
6 1 7 6 5
8 10 4 6 10
1 9 6 10 8
9 6 9 8 3
10 10 7 6 5
10 4 8 1 5
6 4 9 4 8
1 6 2 10 10
6 5 1 3 4
4 6 10 4 4
6 6 4 10 7
5 1 3 2 4
5 3 9 5 2
7 7 7 3 10
10 7 3 6 7
1 7 5 8 4
1 5 8 9 8
4 2 1 2 9
1 7 10 9 5
1 1 6 7 9
9 6 8 2 3
5 3 9 6 8
2 4 2 1 3
5 5 4 9 7
7 2 1 4 10
10 6 5 8 8
10 4 5 9 10
7 9 1 8 4
1 9 8 1 1
7 10 6 7 8
2 4 4 5 4
4 7 7 1 1
4 2 5 10 1
2 6 2 4 2
5 1 4 7 2
2 7 6 8 3
6 3 7 6 3
6 6 7 9 2
6 1 1 3 5
10 1 2 10 9
1 7 6 5 10
10 4 1 5 3
7 5 6 6 9
3 9 1 1 3
1 2 1 6 9
5 4 1 3 2
4 4 7 10 2
2 3 2 9 10
6 5 3 4 10
1 4 2 2 1
1 7 3 3 7
3 9 1 1 6
6 2 9 8 9
7 3 8 7 4
6 7 1 9 5
4 8 10 6 7
8 9 5 8 6
3 6 8 8 7
5 10 4 3 3
4 4 7 9 8
4 10 2 7 4
10 6 1 7 1
9 7 6 6 1
8 10 6 2 1
1 10 7 4 2
3 8 10 1 7
1 8 1 3 7
6 4 2 10 10
1 2 9 3 2
10 6 3 4 1
1 8 5 7 10
6 5 2 7 2
7 9 5 1 1
7 2 9 3 7
4 5 5 6 1
1 9 6 5 5
7 4 8 7 9
4 10 8 8 9
4 2 7 9 5
5 9 2 3 1
6 3 1 9 8
7 1 6 3 1
3 3 9 9 9
3 9 6 5 2
4 5 8 5 10
