n 100
m 5
cap 10
Processing
51 14 52 90 70
18 86 67 18 53
25 69 40 72 26
66 2 14 3 10
11 45 90 97 61
8 43 42 30 89
88 51 54 44 96
90 71 37 47 41
33 47 97 81 41
17 70 51 18 16
30 73 52 29 88
55 55 72 33 25
78 28 10 48 70
13 58 47 58 30
18 18 33 37 2
73 6 64 68 7
24 88 21 73 40
29 96 81 50 51
30 29 26 64 19
19 47 17 68 10
57 60 77 97 60
83 35 16 47 32
67 27 71 5 15
90 29 51 23 28
93 100 90 13 88
82 20 6 89 13
84 63 22 99 83
43 11 95 90 4
73 51 65 85 86
95 7 47 8 18
78 12 69 96 83
53 9 6 82 50
61 75 50 13 85
17 4 13 68 7
53 76 87 65 31
77 14 99 97 20
6 26 8 47 38
49 83 72 99 8
39 1 65 66 10
33 77 20 29 68
61 35 54 25 58
68 90 73 46 57
80 55 95 74 72
65 66 50 13 26
59 91 28 6 2
14 33 51 62 89
26 87 24 19 53
25 91 48 89 95
20 20 76 96 83
86 16 94 44 1
30 81 60 83 16
30 46 39 48 60
73 25 51 76 97
58 39 12 43 61
54 44 62 24 24
36 89 85 38 57
70 76 42 34 61
7 89 85 73 25
11 67 65 45 82
51 43 24 72 21
37 46 98 21 80
74 37 55 25 42
20 45 82 74 98
5 19 41 72 57
39 67 82 63 10
57 71 18 26 23
6 58 24 74 91
9 66 60 43 22
11 32 94 25 15
73 58 58 38 8
71 54 54 52 85
64 65 35 56 3
91 92 62 68 94
97 60 82 25 77
19 92 76 55 82
24 58 5 5 70
28 67 97 6 69
10 89 24 58 47
25 55 30 25 25
30 40 48 21 44
14 67 41 26 70
40 72 10 94 14
95 94 90 66 33
92 1 24 86 84
4 15 1 84 43
69 21 72 34 91
62 9 34 91 2
34 6 61 84 89
5 58 13 59 58
33 82 40 22 51
17 60 37 71 15
3 74 83 10 90
57 53 80 18 30
32 53 79 96 14
68 23 42 85 89
8 66 72 5 6
16 24 94 29 28
19 7 23 38 35
76 63 74 95 100
92 39 50 20 42
Size
2 4 3 3 6
8 4 10 9 1
8 8 8 2 6
5 6 10 10 8
2 3 7 8 7
10 1 4 5 10
8 5 3 7 2
10 1 6 10 6
8 7 6 3 4
8 2 4 6 6
9 6 6 8 5
8 4 8 7 3
6 7 3 5 10
9 10 3 5 10
3 6 2 9 8
6 4 4 3 6
1 5 7 2 8
7 10 8 4 3
3 8 10 6 6
5 10 4 3 4
1 9 2 1 3
1 8 3 9 2
10 3 9 7 9
4 6 10 7 2
2 3 4 1 1
10 5 10 9 8
6 5 8 8 8
8 5 8 5 10
7 9 1 5 8
6 2 9 3 7
3 6 2 1 8
1 3 7 9 4
7 7 8 8 1
6 7 7 5 9
2 1 4 3 2
5 2 3 3 8
7 2 3 10 5
8 6 10 2 1
3 5 9 8 10
7 3 5 4 9
2 1 3 3 8
4 10 2 4 2
7 2 10 1 1
1 9 1 6 8
5 3 6 10 6
3 1 8 8 6
1 5 3 8 7
7 6 2 1 5
10 6 1 5 3
8 1 9 5 7
4 8 5 9 6
4 8 7 10 9
5 6 7 7 8
1 6 6 6 9
2 5 5 6 8
3 1 3 3 6
8 2 3 1 6
3 5 10 3 1
6 8 10 6 8
2 6 1 6 4
1 6 5 10 10
5 4 3 8 1
9 8 2 8 2
5 7 6 6 5
9 8 2 8 5
3 9 7 10 8
3 2 2 10 2
7 3 9 1 2
5 5 4 9 9
1 4 10 2 9
10 8 4 10 1
7 3 4 9 4
2 10 5 3 10
3 6 3 2 6
7 2 9 10 4
7 2 5 7 10
9 4 6 3 1
10 5 10 5 4
5 5 7 3 9
4 6 5 2 4
6 7 2 7 5
10 2 8 6 9
5 6 3 4 4
10 10 6 4 6
9 10 2 8 10
7 8 7 4 6
7 10 4 9 3
8 1 9 8 10
5 8 3 9 7
5 4 6 8 4
4 7 3 5 3
4 7 9 2 7
7 3 10 9 6
9 5 2 3 4
8 10 3 10 7
3 6 8 3 9
3 6 3 2 8
7 7 7 3 7
5 5 10 6 8
4 2 6 10 7
