n 100
m 5
cap 20
Processing
50 54 23 95 68
80 60 99 15 73
23 37 31 1 89
29 86 38 12 90
55 14 41 100 4
71 66 49 78 57
54 67 55 46 83
27 7 86 94 69
12 86 78 97 59
62 69 79 98 71
63 31 30 57 24
62 14 5 33 15
56 59 90 37 69
72 96 15 80 59
5 72 71 24 21
7 37 49 78 1
91 29 23 85 43
45 71 21 47 87
13 97 18 69 64
76 13 49 14 73
72 41 44 57 29
40 97 41 89 12
56 92 28 30 80
84 24 43 7 22
30 95 59 19 47
26 17 79 35 15
79 33 15 38 36
52 15 12 65 61
82 46 29 75 69
68 11 65 45 45
26 67 80 81 68
95 18 57 42 68
46 34 14 98 29
31 85 97 9 94
74 70 73 24 85
68 84 40 58 28
32 16 1 8 97
83 98 65 13 35
46 50 100 89 24
34 96 62 88 20
84 12 27 55 77
28 27 47 97 94
66 43 72 42 5
60 45 25 22 30
82 94 6 29 28
17 84 18 36 51
4 70 37 64 46
57 41 19 29 32
36 1 8 13 28
94 79 65 7 41
25 58 22 68 83
99 65 66 14 77
95 7 45 7 12
53 66 41 17 14
24 77 82 59 68
71 44 52 85 81
22 97 63 80 21
32 83 39 81 77
68 94 59 61 100
8 81 46 91 22
16 73 10 71 62
6 97 12 30 76
65 64 27 4 17
30 58 70 53 45
35 57 45 32 33
63 61 99 36 5
67 99 18 2 6
43 37 4 68 39
31 8 74 83 40
50 45 62 89 2
93 88 35 19 22
1 58 73 14 22
81 89 99 26 28
64 1 60 92 50
68 24 43 99 21
80 95 25 23 4
84 97 90 26 66
54 20 46 28 95
95 39 85 60 11
32 75 16 52 56
44 32 9 19 45
73 54 4 60 98
5 42 4 31 91
29 61 50 1 70
49 29 37 98 1
28 2 73 71 62
97 65 84 73 73
5 13 74 25 68
83 62 48 72 61
44 24 39 42 80
96 13 12 37 30
54 78 55 58 83
65 95 47 1 21
74 3 40 49 33
82 53 82 34 3
77 99 100 91 8
83 63 61 20 26
35 24 93 78 14
49 25 68 26 25
36 69 74 97 6
Size
2 5 2 10 10
9 4 3 7 9
10 6 6 10 6
6 7 3 5 10
8 3 1 9 3
4 3 1 6 4
2 5 2 6 10
10 7 7 3 9
6 7 8 3 8
2 9 5 2 1
9 7 3 10 2
8 8 3 7 4
3 1 2 5 5
2 7 2 7 10
5 8 8 5 1
6 5 10 6 4
5 7 10 10 1
7 3 7 3 10
1 8 2 5 3
10 10 8 1 3
6 5 10 10 1
6 1 7 6 4
2 8 7 1 9
10 7 8 5 7
10 2 4 4 3
10 1 9 6 1
6 8 10 1 1
7 6 4 7 2
1 8 10 2 4
10 8 1 7 2
10 2 4 1 6
1 7 10 9 3
8 5 2 9 7
4 9 1 6 7
4 10 2 8 2
5 2 8 10 9
2 2 9 1 2
1 2 10 4 5
9 5 4 6 3
1 5 4 1 4
6 5 2 9 4
3 7 9 9 2
8 10 6 8 3
5 3 1 4 4
8 3 2 9 3
6 2 5 7 2
9 6 9 9 4
1 4 6 10 9
9 9 1 6 5
8 1 4 8 4
8 3 3 5 1
3 3 1 9 10
3 7 6 2 3
5 2 8 7 7
10 7 5 2 8
6 9 2 10 9
4 9 9 6 7
2 3 7 2 5
9 2 2 7 1
9 5 2 3 5
2 10 10 3 4
2 5 4 5 5
9 3 6 3 1
10 10 3 6 10
7 3 5 6 8
5 10 4 10 5
2 10 7 5 6
7 4 10 9 2
3 2 8 9 2
9 8 6 9 2
10 3 9 3 10
3 6 3 1 7
9 8 7 3 9
3 1 5 2 7
1 3 8 1 5
4 1 2 10 10
8 8 2 10 8
4 3 10 3 10
4 10 8 5 3
9 4 1 2 5
10 7 10 3 5
5 5 5 5 6
5 4 3 6 3
8 5 5 2 1
10 1 1 9 7
10 6 10 5 7
2 1 6 2 7
5 7 1 7 8
9 5 10 5 2
6 10 1 7 7
10 3 2 1 8
7 10 7 3 7
3 7 3 4 4
2 4 9 9 7
2 4 9 3 5
3 6 2 10 1
6 1 2 1 5
1 5 5 2 2
5 5 1 4 5
2 10 7 1 10
