n 100
m 5
cap 20
Processing
73 33 62 78 100
56 65 34 7 69
35 56 15 59 5
30 15 31 13 97
97 95 5 13 20
81 23 19 2 16
1 17 75 47 76
43 44 87 31 25
40 85 11 11 90
18 22 16 53 94
14 12 92 21 47
59 5 44 25 93
80 37 64 59 30
76 19 76 47 60
14 51 26 78 97
37 60 93 87 61
86 53 2 84 54
1 45 38 2 51
58 35 82 59 57
2 9 26 57 76
13 90 15 76 35
28 14 55 9 1
15 2 36 31 41
99 84 64 47 17
53 58 18 64 65
30 15 36 51 37
11 15 42 81 57
4 88 34 100 52
71 2 70 94 94
6 47 22 95 72
92 89 23 48 61
24 14 12 67 85
60 92 28 48 66
87 46 15 80 51
33 98 2 80 46
45 99 60 19 33
97 27 76 47 19
13 38 51 29 87
26 99 25 57 9
85 12 52 94 91
99 32 50 87 40
87 96 65 23 42
14 43 47 74 20
94 92 54 65 56
78 53 92 47 4
87 59 40 90 65
52 93 28 20 78
96 93 84 70 92
98 37 55 70 71
80 64 20 31 20
73 78 51 35 62
89 54 51 28 99
12 75 38 65 99
57 17 5 88 73
96 97 54 14 87
45 24 2 72 63
85 2 6 55 5
53 51 62 91 86
39 14 87 84 43
86 52 67 23 11
91 44 64 56 39
72 4 49 74 55
12 2 49 83 52
41 27 44 80 99
80 28 23 28 37
4 62 33 23 44
13 39 81 73 84
18 45 44 57 33
51 8 8 37 86
67 28 60 7 80
83 9 80 73 41
55 65 55 95 67
12 48 61 36 62
49 13 52 99 53
66 61 56 62 35
89 16 24 56 64
75 63 22 16 11
49 12 22 42 65
8 39 75 82 59
86 33 88 73 65
52 78 79 61 61
69 9 67 4 12
40 96 58 50 35
77 64 21 1 41
8 16 27 91 89
14 46 19 80 93
46 31 40 15 8
97 15 54 8 1
49 5 66 98 32
76 67 51 71 85
48 3 30 93 96
82 56 55 39 68
18 34 90 62 8
50 51 36 52 9
70 61 7 79 72
49 78 80 46 65
77 7 25 78 57
37 64 25 13 81
51 7 35 12 95
97 35 48 70 65
Size
1 3 4 3 10
4 2 9 6 1
5 1 10 3 9
9 8 4 6 3
6 2 7 9 10
1 4 4 7 8
5 5 1 8 7
6 9 7 2 4
10 7 6 9 10
10 9 9 6 6
9 10 9 9 7
4 1 5 3 10
10 1 10 8 7
1 10 1 9 5
1 9 8 4 2
5 10 7 4 10
9 10 4 9 9
7 3 4 3 3
5 10 7 9 8
8 4 2 1 8
8 6 3 10 3
1 2 2 10 1
4 8 5 6 3
7 7 6 3 2
8 7 9 6 8
8 3 6 6 5
3 8 7 8 3
9 2 10 9 2
3 6 5 3 8
9 2 7 1 9
3 7 7 1 8
5 8 7 7 9
7 4 3 3 10
7 2 8 5 4
5 9 8 9 7
2 3 6 10 6
5 6 1 1 10
8 9 1 7 2
2 4 4 5 7
3 3 7 6 2
3 1 9 1 5
10 5 9 6 1
4 1 6 7 8
2 7 8 7 7
8 1 6 9 8
7 9 5 10 4
4 4 4 2 3
2 9 6 2 8
5 6 10 8 9
10 8 8 7 2
5 3 9 1 8
2 5 5 1 3
10 7 4 3 1
6 8 10 6 4
2 8 1 2 7
7 4 1 7 4
10 2 9 1 6
5 10 5 7 4
2 1 7 5 8
1 10 9 5 8
8 2 10 3 4
3 8 10 4 6
2 1 4 10 2
5 6 10 4 3
5 10 5 3 4
2 7 8 4 5
2 10 3 3 4
5 6 1 7 7
6 1 3 9 7
4 10 4 5 9
1 7 2 4 8
9 7 3 7 3
2 6 4 9 6
1 1 5 8 8
7 9 2 10 3
4 4 1 7 10
3 5 9 2 2
5 7 2 3 1
7 9 2 1 9
3 8 10 3 9
7 7 5 5 8
7 3 4 6 3
10 10 1 7 10
10 8 9 6 7
2 8 7 4 3
3 1 1 1 3
8 8 6 8 6
4 10 4 5 5
9 1 7 10 7
4 1 1 5 7
1 9 4 9 8
1 9 5 4 8
10 7 3 7 9
4 1 9 8 1
4 3 4 4 5
6 1 9 5 2
6 5 4 4 9
6 1 7 9 8
8 6 7 5 2
2 9 7 3 4
