n 100
m 5
cap 20
Processing
29 97 96 90 20
92 33 31 14 43
79 14 96 66 61
47 26 6 78 89
6 42 32 62 97
66 88 44 17 96
50 76 67 67 66
32 13 15 11 23
51 71 34 75 82
66 89 5 38 39
55 8 9 100 30
12 38 64 27 63
23 10 53 69 79
65 74 1 10 17
47 32 85 33 17
29 34 51 64 50
5 7 22 32 67
8 20 93 35 84
50 63 79 31 90
8 100 70 25 62
72 83 78 50 37
33 38 45 95 48
67 96 6 83 73
80 100 38 78 25
80 90 93 48 22
24 18 85 93 24
74 18 38 57 54
60 34 41 33 60
10 38 93 39 56
78 20 39 87 16
49 31 88 49 56
98 39 15 38 23
85 8 75 48 54
77 15 69 39 28
56 10 33 90 44
9 35 24 44 85
37 16 76 67 85
89 15 17 64 76
1 47 8 61 28
42 94 15 64 20
23 59 57 26 51
35 38 47 98 80
18 69 41 27 61
92 39 17 37 36
10 29 1 95 60
53 28 93 14 66
87 96 9 15 40
4 19 29 31 68
77 79 36 43 88
17 7 34 34 11
33 59 16 36 78
55 57 59 21 32
32 2 67 94 51
16 38 41 44 100
59 51 24 74 37
82 40 45 53 11
58 92 17 56 29
56 86 5 74 29
84 13 86 84 49
45 85 33 75 91
44 37 15 65 32
56 96 65 54 20
88 6 95 22 44
27 80 41 95 74
13 40 72 44 68
88 59 68 85 99
13 55 18 40 50
12 18 14 50 10
8 49 28 79 90
42 53 1 73 48
27 52 55 76 47
96 58 55 11 14
95 54 51 47 65
33 77 40 52 8
81 78 46 82 39
32 80 93 94 90
60 19 16 13 60
10 28 15 67 65
3 13 42 27 58
40 38 60 3 39
39 25 5 45 3
55 84 74 95 74
50 73 14 73 67
18 97 71 53 36
64 61 87 16 82
58 57 97 51 67
24 79 11 45 47
32 44 92 45 25
99 93 96 95 80
10 34 83 75 61
62 57 20 80 69
56 68 62 95 85
23 16 53 56 67
19 94 34 24 67
77 79 88 20 57
93 29 42 82 47
21 58 47 54 72
86 67 34 60 51
17 57 86 1 90
12 72 74 89 94
Size
6 4 2 1 6
10 9 9 5 7
3 1 10 2 10
1 1 8 10 7
7 2 7 3 4
8 3 7 5 3
6 9 9 3 6
10 2 4 7 10
3 7 7 2 7
10 10 6 7 5
2 2 3 5 4
7 3 6 7 10
6 8 9 4 1
10 9 1 6 4
2 3 1 10 7
6 5 4 1 5
4 3 9 3 6
6 9 10 10 7
5 2 5 3 8
5 3 7 1 1
10 5 1 10 6
7 6 1 7 7
5 10 10 7 8
6 5 6 5 4
6 10 7 1 7
1 1 4 3 1
3 2 8 8 7
10 9 1 1 1
8 2 5 3 7
3 8 4 8 6
3 7 8 2 5
8 4 9 7 10
6 8 7 3 9
10 9 9 5 2
7 10 4 8 4
3 3 3 7 5
6 7 5 9 7
3 2 1 3 2
6 7 5 8 6
10 7 2 1 6
2 10 1 3 1
1 1 3 5 6
10 8 2 8 3
2 5 4 8 6
7 1 10 3 4
5 7 5 5 8
1 10 6 10 1
5 8 1 10 9
1 7 6 7 2
5 4 3 1 2
5 4 1 4 10
7 1 4 4 10
6 3 9 5 9
6 1 10 4 10
8 2 9 7 5
6 6 8 7 3
3 7 9 4 2
5 1 7 5 1
2 2 8 6 7
10 5 2 9 4
10 7 2 7 5
3 8 5 7 8
6 5 3 10 2
2 2 9 10 9
10 3 3 7 5
5 6 7 3 4
6 6 6 2 10
1 8 5 5 2
9 9 8 6 7
2 9 7 1 4
1 7 7 4 3
4 5 9 8 7
1 1 9 9 10
5 6 8 9 10
3 7 9 2 4
9 6 7 7 1
10 8 9 3 1
4 3 9 10 8
10 1 4 1 9
6 3 1 6 1
10 8 5 2 10
3 4 3 2 8
6 10 3 1 9
2 2 5 9 3
5 10 10 9 10
3 9 8 4 3
3 7 3 7 4
1 8 7 10 9
7 2 6 5 8
4 1 6 3 4
8 2 10 1 7
5 6 7 9 9
9 9 9 10 7
4 6 3 1 9
9 7 3 9 10
4 3 2 3 2
7 10 7 5 8
7 8 6 6 9
1 7 2 8 3
7 1 10 7 2
