n 100
m 5
cap 20
Processing
11 9 45 75 55
2 49 76 40 51
66 40 42 11 37
29 33 16 49 76
25 51 46 63 16
62 41 55 3 14
28 62 63 58 15
47 33 7 44 81
48 70 9 88 82
69 75 79 56 1
14 90 99 36 60
6 8 90 67 36
61 32 99 86 30
91 85 11 15 18
85 42 20 56 16
97 54 30 66 50
36 82 64 95 17
55 40 38 12 100
49 61 76 68 86
77 23 77 15 59
9 11 27 3 94
82 81 34 54 51
6 71 3 91 84
20 11 7 41 17
64 75 87 40 61
74 99 15 83 10
27 45 68 52 89
94 50 23 10 45
87 24 12 96 81
27 17 50 32 53
13 40 4 50 84
11 66 33 8 27
33 44 13 13 13
17 31 37 20 82
59 88 93 46 68
99 67 90 94 48
23 89 88 36 84
79 95 95 7 5
80 4 87 24 48
15 82 34 96 17
39 91 36 95 45
45 77 42 68 53
33 86 30 71 16
9 94 35 79 36
40 82 23 79 57
71 32 76 84 9
27 80 79 68 4
73 36 71 80 75
38 79 44 10 19
52 93 61 73 94
47 63 19 43 91
31 22 37 19 74
72 93 88 37 61
31 73 60 65 34
24 24 21 44 70
33 64 22 79 55
95 47 17 55 75
95 72 4 55 100
16 16 15 6 80
31 99 11 52 9
70 11 87 50 58
80 31 2 69 2
35 78 22 30 29
14 77 33 59 67
99 48 70 17 35
11 53 47 28 68
68 91 7 53 34
35 61 40 17 70
70 45 58 29 92
80 15 13 36 37
71 98 14 68 71
77 18 93 42 94
26 48 7 11 98
5 27 74 63 65
24 68 79 76 43
37 30 55 69 3
5 86 84 46 44
26 83 79 61 39
32 55 31 64 26
35 56 3 28 37
42 92 39 20 50
39 31 57 40 49
34 7 33 88 96
8 30 32 10 27
9 32 73 52 64
8 92 35 85 36
53 67 79 79 10
51 11 30 98 46
39 90 85 13 47
1 3 5 6 51
39 24 46 89 10
96 62 70 26 50
46 33 77 28 31
83 91 35 62 7
74 15 84 91 42
60 15 36 85 70
39 54 67 75 15
93 59 29 14 48
100 49 81 61 51
95 82 56 18 80
Size
6 6 3 8 1
1 6 8 3 8
5 2 7 8 7
2 4 10 10 6
3 8 2 7 3
1 4 10 4 5
8 3 7 5 7
4 6 8 8 7
2 5 9 1 3
8 9 3 8 9
3 5 5 10 6
3 6 5 4 9
1 10 10 7 1
2 9 10 5 7
9 2 5 1 9
5 2 10 1 5
2 2 4 1 4
3 4 1 7 7
6 1 8 9 8
8 5 10 3 5
5 4 3 5 6
3 10 2 3 5
1 5 8 5 5
3 9 10 10 5
7 1 4 8 6
5 8 3 3 3
6 8 3 8 7
9 4 5 5 8
10 9 7 10 4
8 4 6 1 3
9 9 9 4 9
2 2 6 10 3
6 9 9 9 3
5 4 2 1 4
3 3 5 2 9
10 3 2 10 1
4 3 8 6 5
10 6 2 10 10
1 4 7 6 3
2 8 9 1 2
4 7 7 4 2
6 4 8 6 3
10 9 6 7 10
1 4 8 5 9
9 4 9 8 3
3 7 6 7 3
5 2 6 10 7
2 7 1 3 6
10 6 5 9 3
7 2 2 8 6
5 10 1 10 7
7 9 5 9 7
1 10 4 1 4
5 2 2 6 8
2 10 8 2 7
1 4 2 4 8
4 3 6 9 5
7 9 1 8 6
8 6 5 1 2
1 9 5 10 1
9 1 9 5 2
1 10 1 6 6
8 1 7 2 10
8 6 4 4 4
1 10 4 1 6
4 3 3 2 6
9 2 7 8 6
7 5 1 4 10
5 3 10 4 10
10 5 1 2 8
7 2 7 6 1
9 2 8 5 7
10 5 7 2 9
5 8 3 2 9
3 2 7 1 9
10 4 3 8 5
7 9 8 9 1
10 8 3 7 7
3 5 2 9 6
9 3 6 3 2
5 5 7 8 9
8 2 6 9 3
4 7 1 6 1
2 8 9 2 6
4 7 5 5 1
10 7 7 3 10
2 3 2 8 7
6 5 7 6 8
3 7 9 3 2
10 6 5 4 1
9 10 9 5 9
3 4 3 7 8
7 5 2 1 1
3 7 8 10 5
7 2 2 6 8
8 8 8 3 10
9 1 10 9 5
6 9 3 10 9
4 9 9 7 2
4 7 9 4 8
