n 100
m 5
cap 20
Processing
75 6 14 29 18
72 25 31 4 89
99 86 10 31 46
57 3 16 74 1
78 33 98 73 5
73 72 87 44 70
50 24 91 57 53
69 24 46 9 23
66 75 83 76 15
45 95 82 62 53
85 61 21 18 48
51 5 6 25 72
91 2 65 49 16
5 100 72 65 30
68 30 13 29 76
96 24 72 53 20
29 29 54 82 23
30 93 17 47 16
76 75 36 12 13
86 80 90 79 33
65 50 5 94 3
77 12 33 69 100
33 61 62 89 99
18 14 56 79 38
64 67 54 28 99
55 46 26 81 78
84 84 85 55 16
93 11 31 25 73
95 45 10 98 27
80 99 12 59 77
84 3 17 93 38
28 38 54 21 12
66 54 64 74 79
77 37 33 82 31
25 76 72 19 91
68 27 90 89 44
76 75 56 70 44
12 81 53 38 90
76 38 59 58 46
25 35 99 1 30
24 56 30 12 2
49 75 76 28 57
14 74 17 100 66
14 49 14 2 35
13 22 9 51 48
58 66 69 82 95
35 3 54 53 81
32 41 5 17 26
5 98 76 42 48
46 1 100 34 34
14 70 2 37 57
29 3 87 40 51
40 100 97 91 25
1 11 34 67 41
6 3 52 67 10
69 69 54 41 28
94 95 51 70 84
72 93 1 32 96
73 26 86 65 100
15 83 92 28 93
81 86 9 93 42
48 38 43 68 61
81 48 40 61 34
42 66 18 83 55
99 82 34 61 71
98 66 95 95 7
73 67 89 93 91
30 2 46 64 66
11 97 94 80 81
88 78 79 1 41
27 36 5 28 33
44 38 34 34 64
57 63 21 21 100
33 18 87 8 77
36 62 46 7 46
10 89 50 54 78
94 75 56 15 28
67 30 33 12 14
39 33 64 53 12
34 96 15 54 41
22 16 67 72 22
73 13 3 76 23
59 97 56 6 49
53 49 28 3 31
74 48 92 34 98
97 45 56 14 50
63 6 60 32 63
45 39 39 55 53
90 20 31 46 6
26 83 47 87 80
35 36 53 66 4
28 27 89 46 26
85 58 82 93 62
34 67 5 19 24
25 73 32 92 93
85 47 78 72 64
96 10 36 51 9
66 17 21 77 57
64 90 38 60 52
75 54 72 2 24
Size
4 2 1 1 10
7 3 4 8 4
7 10 7 7 10
6 5 2 10 3
2 8 4 5 8
4 1 2 7 7
9 2 1 8 5
6 10 8 3 6
8 10 10 8 4
8 4 7 9 4
6 8 7 8 3
9 10 1 4 7
1 3 7 8 4
9 6 3 1 3
7 6 7 1 5
5 7 10 3 3
2 5 6 4 3
3 10 4 5 8
3 3 1 6 4
4 2 4 9 8
5 6 6 6 2
9 7 3 10 1
6 4 2 2 4
4 9 10 8 8
7 9 3 1 8
9 2 9 2 6
10 3 1 7 10
6 7 2 8 8
4 3 9 10 6
1 6 5 10 5
6 7 1 2 10
10 4 5 8 10
5 10 10 4 6
8 8 3 2 1
10 4 3 9 10
7 10 4 6 3
10 10 4 8 5
2 1 3 5 3
7 9 2 5 4
8 6 9 1 1
8 6 1 1 10
7 3 4 10 3
5 4 6 9 9
3 8 7 7 6
3 10 1 8 6
7 7 4 5 2
3 7 7 3 1
8 4 5 5 6
8 5 2 8 2
5 8 7 3 8
6 6 5 9 5
4 8 6 7 9
6 8 1 4 10
8 10 5 3 6
4 6 6 5 6
10 9 1 10 6
7 4 4 8 1
5 7 7 7 4
1 2 10 3 4
10 4 2 8 8
7 10 9 3 1
2 9 1 4 10
10 7 2 10 5
7 8 1 1 3
6 7 10 3 3
1 7 9 3 3
7 4 10 10 1
10 5 6 7 3
3 2 3 5 6
9 2 2 4 2
4 8 3 1 8
7 10 4 3 9
6 4 4 2 7
10 7 4 10 10
10 7 9 2 5
5 5 2 2 7
2 7 5 4 6
8 8 7 2 4
10 9 10 2 6
1 9 3 6 2
7 5 8 6 9
5 7 2 3 3
10 4 9 2 9
9 4 8 5 2
5 8 4 10 4
6 5 5 7 2
2 5 5 10 4
1 9 4 7 10
3 4 10 10 4
4 10 2 2 1
7 2 1 10 6
6 8 3 9 6
6 4 4 6 4
4 2 5 1 1
1 2 4 1 5
6 6 1 2 2
2 5 8 6 7
4 10 1 8 5
7 5 10 3 7
2 7 1 2 8
