n 100
m 5
cap 20
Processing
52 21 94 77 96
30 38 32 2 51
40 94 83 49 46
61 1 45 89 46
40 77 77 96 33
39 7 14 91 100
55 77 8 58 86
75 68 24 24 90
23 100 33 45 74
69 97 32 95 81
70 53 86 75 56
22 73 16 48 5
89 86 74 81 30
61 55 82 52 46
31 84 34 26 46
78 8 26 46 35
81 100 1 27 34
72 34 82 97 36
15 96 9 67 38
73 82 27 28 2
18 38 8 7 96
8 72 20 56 48
95 64 36 6 28
82 12 13 91 10
30 44 28 32 16
14 9 86 98 38
19 75 9 98 4
21 79 1 35 24
23 10 4 87 71
67 98 35 98 23
100 15 23 36 59
55 4 55 47 35
100 41 46 63 4
44 69 97 27 6
58 32 48 47 100
54 90 23 60 90
45 93 68 2 63
85 33 5 100 8
13 20 85 71 69
75 26 22 19 66
14 12 81 98 87
65 18 46 30 37
48 21 27 50 38
25 45 43 67 7
37 12 65 64 40
66 22 91 9 65
54 77 64 95 33
24 6 27 66 45
56 95 74 58 47
82 14 56 35 42
55 29 68 2 7
30 69 27 72 26
94 15 79 33 98
91 23 46 58 76
49 59 98 12 33
1 68 62 91 93
91 10 58 55 57
63 71 58 86 37
28 49 52 27 55
62 81 65 21 49
22 37 73 49 15
35 44 51 4 34
80 26 81 55 8
83 19 38 88 58
7 75 93 19 96
74 81 99 56 31
100 12 31 19 23
59 87 45 68 93
60 22 45 18 27
80 1 64 73 17
46 51 42 88 72
82 76 41 74 94
72 34 14 59 84
79 87 16 18 65
99 92 59 41 20
67 79 77 50 70
50 66 34 57 72
41 43 37 92 96
97 58 73 56 7
58 44 58 51 71
15 41 29 86 57
6 31 6 55 15
37 79 56 62 80
67 46 25 11 18
53 17 79 84 9
83 9 84 74 98
25 96 59 3 51
50 80 45 17 34
50 63 35 67 79
48 11 94 78 70
22 33 54 5 79
84 30 12 60 21
94 18 78 3 60
84 33 66 94 37
73 71 81 36 94
4 27 23 82 57
57 64 66 68 17
42 93 10 45 97
77 39 11 43 88
14 78 37 10 97
Size
3 7 8 6 8
6 6 1 4 6
2 8 6 2 8
6 10 5 5 1
9 4 4 2 8
1 4 3 2 3
10 7 4 3 1
9 2 3 2 3
10 6 7 2 10
7 9 6 10 10
1 7 2 5 5
2 3 7 8 7
9 6 7 3 3
8 4 5 8 2
7 3 3 8 6
7 9 10 10 3
1 5 5 5 2
4 10 6 6 4
4 3 9 2 2
5 2 3 3 3
8 2 8 3 8
9 6 7 5 8
9 4 5 4 9
10 4 7 3 5
9 10 9 5 9
1 1 2 4 4
9 4 2 5 5
5 5 10 7 2
6 5 8 10 6
9 4 6 2 2
6 3 10 1 2
1 10 3 10 6
1 4 2 8 6
10 9 5 2 1
9 10 10 10 4
4 9 6 6 7
7 2 6 2 8
5 6 3 7 10
3 7 2 5 5
9 3 9 2 1
4 6 3 5 1
1 7 1 3 3
8 7 4 1 4
6 6 3 3 8
6 9 9 3 3
3 8 5 7 1
8 10 2 3 9
8 5 3 2 9
3 4 8 9 9
1 1 8 7 1
3 8 2 3 7
1 3 2 9 2
7 5 5 8 10
4 4 3 6 2
9 1 7 9 5
3 1 9 10 10
4 3 9 5 6
3 8 3 9 10
10 9 9 6 6
6 3 1 7 7
3 9 7 3 10
10 8 2 10 1
1 8 5 7 2
7 3 7 1 10
6 6 7 4 10
2 10 3 4 4
10 9 8 9 3
3 7 6 9 1
4 2 8 2 6
8 7 1 9 4
6 6 4 5 1
10 10 1 1 10
3 10 7 10 6
3 2 10 6 7
6 3 3 1 6
7 6 3 10 3
4 9 5 5 3
3 1 2 9 9
10 5 3 9 4
2 3 4 2 6
4 7 8 9 9
8 10 8 6 7
7 4 10 2 7
6 4 2 6 2
6 10 8 7 5
10 2 4 8 4
2 7 4 8 3
3 8 7 10 10
9 7 1 4 1
9 3 9 10 1
7 4 2 6 1
2 1 6 10 9
9 9 3 4 6
1 7 4 10 10
3 5 10 5 10
8 10 5 9 6
8 2 8 8 2
2 6 8 1 2
2 2 1 6 9
7 7 3 2 8
