n 100
m 5
cap 20
Processing
8 84 29 81 78
42 77 94 12 61
39 88 4 28 32
77 61 9 99 27
92 81 38 55 36
40 90 41 52 42
87 42 100 48 75
25 22 37 78 49
98 82 67 53 86
74 97 4 83 18
33 77 77 51 54
30 58 21 58 12
76 46 40 27 48
77 36 47 20 96
34 54 30 56 72
60 31 9 20 47
85 42 82 71 62
6 82 33 68 61
90 4 24 87 24
54 42 73 60 4
54 56 91 11 75
25 49 15 83 58
47 48 25 75 62
55 5 85 5 76
55 13 57 5 54
100 73 66 95 64
88 43 69 82 90
25 57 15 88 74
55 34 85 73 51
16 43 26 52 61
84 40 86 67 37
1 60 79 49 91
90 39 65 62 33
28 20 26 80 34
96 59 25 28 92
84 3 37 83 70
57 3 20 12 19
12 86 54 35 54
32 51 3 19 91
3 1 47 34 67
95 6 65 8 77
15 86 100 93 8
61 43 17 2 44
10 20 70 40 17
90 19 77 58 13
50 33 7 8 36
95 59 15 63 1
12 97 5 73 62
45 79 12 74 95
73 41 36 55 95
29 58 98 42 22
77 14 42 16 17
87 41 15 59 34
68 62 30 70 12
99 27 80 23 8
64 67 16 61 28
45 8 63 13 3
42 46 64 9 17
61 76 63 3 36
13 62 12 73 23
98 10 62 74 51
23 63 15 55 65
49 73 30 72 68
13 25 28 67 51
41 14 87 39 86
23 23 68 7 12
16 12 54 83 31
9 52 92 97 32
92 18 96 90 93
90 98 8 97 85
75 99 9 18 27
6 67 55 5 25
1 30 63 95 2
65 77 67 33 9
99 35 74 30 33
50 40 84 21 94
58 34 4 8 19
53 43 96 75 66
89 7 1 28 15
61 88 97 94 64
18 74 85 22 14
98 52 44 66 92
97 51 54 86 88
78 17 43 5 13
69 87 35 59 34
17 45 82 18 11
85 21 80 91 2
97 92 37 82 28
3 78 35 53 26
79 84 53 94 19
62 54 14 24 34
85 29 80 57 76
96 8 34 50 8
45 31 53 20 64
38 80 52 41 74
21 74 58 41 35
17 2 100 65 69
77 96 86 76 40
68 61 30 88 69
99 88 30 58 44
Size
1 6 4 1 6
6 2 4 6 8
4 3 7 5 6
2 1 3 8 9
7 10 7 8 4
5 4 2 10 2
10 10 3 6 4
8 8 2 9 9
9 3 7 6 1
5 4 8 1 6
10 10 8 6 2
9 1 3 9 5
4 4 8 2 1
1 7 3 10 5
1 4 5 5 4
10 7 6 3 8
7 4 4 1 10
10 2 1 10 4
9 8 10 9 3
5 7 2 1 8
3 10 1 5 9
8 6 9 5 10
8 5 4 5 3
3 3 9 6 6
6 9 3 6 2
7 3 2 4 5
7 2 6 8 10
9 10 9 8 2
4 8 10 7 6
8 3 10 4 5
10 2 7 2 6
9 7 6 6 4
6 7 10 6 8
3 9 5 10 6
3 9 8 7 6
5 6 8 3 4
7 10 8 9 8
2 6 7 10 7
6 7 7 5 9
4 5 2 9 2
2 5 2 7 6
9 7 5 7 7
7 5 4 1 2
4 8 8 2 7
6 4 2 1 6
1 10 3 1 5
9 4 7 10 6
10 7 5 4 6
6 8 5 2 6
2 2 7 6 1
4 8 3 8 6
7 3 9 5 8
4 9 7 7 10
10 9 8 9 2
2 2 3 2 1
5 4 5 4 4
10 1 8 7 6
4 8 2 4 9
1 10 2 7 8
1 4 7 5 4
7 4 3 8 1
8 3 10 6 8
5 5 6 1 10
6 7 9 5 6
3 8 9 7 5
2 2 9 4 4
9 7 1 6 1
2 9 2 6 6
2 10 10 4 2
2 3 7 5 4
3 10 4 4 2
5 9 2 1 2
3 6 8 6 3
9 9 8 6 1
5 6 10 5 3
4 10 1 3 2
5 3 5 10 1
1 5 9 7 6
9 8 3 10 5
10 3 2 7 1
9 10 10 7 10
4 1 8 2 10
3 5 6 5 1
6 5 2 6 7
3 10 3 3 4
6 1 10 10 6
6 6 7 10 7
4 2 5 1 3
6 1 8 1 1
5 1 8 8 1
9 7 10 9 1
3 3 4 5 9
7 4 7 9 6
8 3 7 5 2
10 3 9 7 2
5 7 9 9 3
10 7 3 8 2
5 10 4 2 5
6 10 9 1 5
3 4 4 1 2
