n 100
m 5
cap 20
Processing
19 34 45 81 40
32 10 85 79 65
45 9 64 24 15
31 9 69 62 61
11 87 59 49 27
79 15 52 43 53
43 21 39 47 51
60 59 87 69 75
16 98 90 90 88
23 71 26 86 46
62 35 10 69 27
99 14 43 31 11
78 85 25 89 42
33 48 92 32 47
3 29 79 3 15
2 66 88 72 67
59 69 23 21 17
28 22 42 25 1
56 55 41 93 20
82 56 26 2 20
65 58 45 16 69
43 73 93 25 98
97 96 77 54 61
87 20 5 74 26
33 77 20 59 59
78 63 70 70 78
82 50 24 70 91
18 20 18 90 4
64 18 28 2 59
30 21 7 97 88
2 9 3 30 59
66 39 26 34 57
90 95 59 88 48
91 57 35 91 48
40 9 91 41 50
96 92 75 89 63
71 64 34 15 87
89 71 86 7 74
34 82 9 16 45
57 86 22 27 54
63 39 4 51 77
89 48 48 23 74
50 94 34 58 22
68 38 80 94 87
96 11 85 21 81
22 41 1 20 12
46 74 16 72 50
99 74 97 90 21
61 91 31 56 12
58 40 28 80 50
54 47 44 99 94
93 64 34 90 57
30 94 54 17 31
34 25 6 6 87
74 28 49 9 91
38 59 66 74 27
53 65 81 80 89
92 62 96 10 65
12 39 91 45 39
12 78 99 79 84
42 61 54 34 27
43 99 38 95 99
88 24 30 14 39
68 24 10 11 18
58 32 54 60 2
11 76 48 91 40
41 19 49 62 25
17 51 91 75 61
86 75 56 63 36
76 11 8 30 14
84 15 24 26 56
77 54 22 98 92
11 1 69 21 40
42 82 30 42 88
13 92 37 60 89
96 20 64 49 10
99 44 79 82 76
31 13 49 13 3
29 11 90 47 90
19 22 69 46 34
15 44 14 54 77
71 86 49 60 5
32 42 88 91 45
88 75 92 100 58
77 94 75 32 54
95 25 43 71 37
47 38 20 51 58
48 95 6 59 67
32 98 95 12 17
12 57 53 57 43
15 83 55 87 6
86 39 28 59 95
55 2 99 77 85
63 83 73 59 62
1 29 36 53 13
91 67 76 8 10
67 17 11 71 98
37 10 77 92 25
62 88 58 81 98
59 11 30 20 27
Size
4 1 4 7 4
5 8 6 1 7
1 4 10 1 7
7 6 2 8 4
5 7 2 2 4
7 3 1 2 5
2 8 8 1 6
9 1 6 8 5
3 4 6 5 7
9 4 4 2 2
2 8 3 10 7
10 8 4 8 7
5 2 4 4 2
9 10 8 4 1
2 3 2 3 8
9 3 10 8 10
3 6 4 2 4
3 6 3 2 5
9 9 5 3 5
7 1 7 8 6
3 3 10 7 6
3 1 9 10 8
2 6 1 4 3
6 9 7 7 2
5 7 1 9 6
1 6 1 5 7
6 2 9 2 3
7 7 1 9 4
2 7 10 8 9
8 2 4 4 8
10 2 3 5 4
8 8 10 10 1
2 8 6 9 9
8 1 3 4 2
7 3 10 10 10
6 9 9 10 8
3 5 10 7 8
6 1 10 4 5
5 2 4 10 9
10 2 5 6 1
8 7 3 5 9
1 3 10 5 8
10 2 4 9 2
4 2 5 5 9
2 1 2 4 8
6 8 2 10 2
9 4 10 6 9
5 1 9 2 7
2 7 5 2 9
5 8 6 10 8
2 5 5 4 7
10 6 10 6 3
5 6 2 4 7
1 2 3 1 7
1 2 6 8 8
2 8 6 8 9
6 4 5 6 6
5 6 9 9 4
10 2 10 4 3
2 10 10 9 9
7 9 3 2 8
2 9 6 8 9
1 10 8 6 9
6 8 3 1 6
8 6 5 9 10
2 7 3 3 1
2 10 5 4 1
9 5 1 1 4
7 10 1 6 9
5 3 7 6 4
9 10 10 6 6
7 7 5 8 4
1 7 2 1 7
2 10 3 8 7
5 5 1 6 4
3 8 6 1 7
7 5 4 7 3
7 7 6 4 5
9 4 7 8 4
6 9 5 8 9
1 9 3 10 7
10 1 6 2 2
9 1 8 2 8
2 9 3 5 1
6 7 2 9 5
6 5 3 5 9
5 1 3 2 4
1 2 4 4 2
6 9 3 8 10
2 10 1 10 1
8 3 1 3 9
9 8 4 9 3
4 9 4 9 8
6 8 9 2 2
8 5 4 10 7
2 5 6 6 9
10 3 2 2 10
6 2 5 7 4
1 5 8 2 10
6 10 9 7 2
