n 100
m 5
cap 20
Processing
45 67 79 79 20
91 64 97 3 69
64 96 23 32 42
67 29 73 50 19
47 52 73 29 91
94 61 16 89 10
47 95 55 20 36
6 43 78 71 63
98 5 50 9 71
97 77 52 79 54
99 93 10 8 40
90 86 34 90 53
61 33 15 4 86
2 87 17 48 91
86 72 81 74 72
96 69 43 25 72
16 30 32 70 62
95 87 67 39 55
99 76 64 99 33
20 18 8 98 5
93 3 99 56 49
78 14 51 65 92
32 63 14 1 92
69 91 64 7 39
24 73 5 32 38
38 43 53 1 45
25 46 50 51 95
9 96 69 88 48
81 98 20 96 83
82 75 6 24 34
4 78 38 86 57
27 61 43 67 69
64 26 75 70 29
42 58 40 60 75
18 96 39 30 21
100 4 84 100 39
45 43 51 48 80
60 68 42 42 26
86 77 69 14 31
91 81 69 44 75
30 37 29 97 99
22 17 38 72 25
74 86 74 1 27
83 32 82 20 1
74 35 11 62 65
48 81 64 90 72
21 40 70 40 37
93 60 28 90 17
77 8 75 83 37
17 83 97 52 28
36 48 64 29 14
71 20 76 12 19
75 34 78 55 17
32 21 71 98 26
7 6 79 75 67
7 67 4 10 30
75 63 56 13 27
55 45 70 86 80
40 42 27 87 59
10 64 91 28 14
20 33 2 6 10
76 6 23 100 60
81 31 44 37 83
74 46 77 9 81
90 94 92 51 29
83 30 94 57 19
67 63 30 13 28
57 82 14 32 76
50 73 56 36 32
36 45 56 10 45
74 23 10 53 36
31 23 85 2 100
73 79 37 94 50
23 10 90 5 99
16 7 85 8 59
4 38 55 52 81
6 31 11 87 78
11 46 36 100 90
76 13 68 20 83
37 11 93 41 12
47 22 47 20 73
82 23 19 34 63
94 5 4 62 12
39 57 31 63 42
64 79 93 72 5
71 29 72 3 46
28 4 9 46 29
97 4 67 6 90
38 28 35 25 82
6 54 98 9 17
24 82 74 95 60
15 6 8 51 74
59 47 70 60 47
59 36 79 29 85
45 81 72 88 39
37 24 59 83 20
84 79 85 10 6
57 28 15 48 76
54 45 45 11 19
79 17 74 51 27
Size
1 8 5 9 5
7 10 8 7 3
4 9 3 5 10
2 10 10 9 1
6 8 1 3 4
3 4 8 6 4
10 2 2 9 7
3 4 3 7 2
1 7 3 1 6
3 9 8 1 5
10 8 1 9 10
10 9 8 7 6
1 10 2 5 10
5 5 2 2 3
2 4 3 4 2
10 8 8 3 4
4 1 10 10 9
2 4 1 10 10
10 8 6 5 1
6 7 9 7 4
9 1 1 10 2
5 2 2 3 2
3 3 8 10 1
2 6 10 9 1
10 3 6 6 4
7 4 8 3 2
3 8 5 7 8
10 8 8 6 4
1 4 3 10 1
9 9 9 5 6
1 4 4 7 10
6 1 3 4 9
6 1 10 6 1
8 1 4 8 9
10 7 9 4 7
2 3 5 10 10
1 3 6 4 8
4 6 9 5 10
5 10 5 3 2
9 3 6 5 5
2 2 8 7 7
2 9 9 4 8
4 5 4 2 5
8 3 4 5 1
8 9 5 7 2
2 4 7 10 5
9 10 4 5 2
5 10 8 3 7
8 8 7 8 1
5 4 3 4 4
4 8 8 4 5
1 9 5 4 4
9 6 10 7 10
1 2 9 7 9
6 7 2 2 3
7 1 6 3 5
4 3 4 1 9
1 1 3 1 4
7 9 5 4 3
5 10 9 3 2
4 7 5 1 7
7 10 3 5 1
4 9 9 3 3
7 7 3 8 3
1 1 1 10 3
1 9 8 1 10
6 7 3 9 1
9 3 2 7 7
3 9 5 9 7
4 3 4 10 6
1 6 6 6 2
10 6 8 6 3
7 8 5 9 4
10 9 8 4 1
8 1 1 6 8
10 4 1 7 1
9 9 8 1 10
5 8 1 7 10
5 1 3 1 1
8 1 1 2 1
8 5 4 3 1
3 4 7 6 6
7 10 1 4 3
6 9 3 5 10
3 5 6 1 9
2 6 1 6 3
7 8 6 10 2
1 3 1 2 10
10 7 9 8 8
2 3 8 1 1
8 10 9 8 9
3 10 2 9 9
8 4 4 4 3
3 6 3 3 10
2 4 8 1 8
9 6 1 10 5
7 9 8 3 3
4 1 3 2 6
10 3 1 10 1
8 2 6 1 7
