n 100
m 5
cap 20
Processing
10 35 13 91 90
72 2 86 95 7
55 38 55 71 22
82 60 4 46 72
83 44 99 11 63
71 41 9 92 85
28 69 87 85 84
69 63 47 8 19
15 64 35 85 42
59 53 63 5 22
73 47 8 92 28
1 2 35 98 1
44 34 73 42 89
26 32 3 79 35
70 67 23 85 38
43 30 77 5 54
85 90 27 26 52
78 64 68 26 46
14 30 96 16 14
74 39 26 92 100
6 63 24 18 18
78 15 91 83 53
6 90 69 20 31
44 76 53 21 20
83 36 62 30 76
92 2 75 24 61
88 26 1 91 30
99 71 67 22 21
54 9 49 99 51
69 46 82 29 61
46 1 16 50 12
21 62 54 63 95
94 25 31 78 41
17 35 44 46 94
43 4 9 46 48
60 83 12 76 73
68 82 57 12 47
4 36 56 82 90
37 58 97 57 96
37 73 93 78 3
61 42 70 26 53
7 51 95 92 7
32 8 46 52 10
9 29 47 78 11
27 10 91 34 51
62 31 96 32 80
59 57 17 25 71
99 5 92 70 32
2 42 1 76 65
3 25 79 15 74
51 17 51 100 13
4 71 58 6 75
67 65 18 94 84
6 72 51 68 82
99 42 68 1 20
38 39 39 1 19
56 55 81 6 32
4 39 64 26 25
40 77 18 9 36
29 12 43 69 48
9 13 43 42 23
88 29 26 68 16
20 53 88 30 82
57 84 85 27 22
47 99 39 31 99
33 98 66 20 21
82 44 36 53 79
1 88 38 85 38
84 52 51 2 92
85 99 2 19 81
20 51 38 35 7
66 5 27 66 38
94 79 3 95 55
99 20 92 83 29
58 80 85 91 50
19 23 46 17 80
81 61 93 64 80
77 79 34 35 36
69 93 42 40 57
14 65 41 46 1
89 88 23 24 71
33 51 53 35 40
49 57 18 61 19
50 50 51 67 7
65 91 4 6 78
22 48 25 2 57
77 34 48 26 60
64 98 10 66 79
83 56 73 30 8
91 21 74 46 12
95 14 62 79 76
23 86 70 98 26
74 36 67 41 14
3 69 84 74 75
34 34 41 68 31
74 17 45 1 44
78 70 39 96 67
27 25 66 62 18
6 79 66 29 35
62 89 75 79 100
Size
8 6 5 10 2
5 10 4 5 5
1 4 9 4 2
4 1 5 3 2
6 8 4 7 6
5 5 4 4 7
10 2 6 9 9
8 9 5 9 4
3 2 9 4 4
9 8 10 7 2
9 3 7 4 3
4 6 5 8 7
9 3 8 5 7
1 5 3 3 2
10 5 6 3 5
1 4 4 8 9
9 7 3 5 2
9 6 7 1 2
5 7 4 1 8
7 6 2 7 5
6 7 8 4 1
4 8 1 1 10
1 2 4 4 8
1 7 5 2 10
2 3 5 2 7
9 9 4 2 3
8 6 6 2 9
3 9 10 3 3
9 10 8 6 3
4 7 4 7 4
1 5 9 8 8
2 6 8 6 7
4 10 1 7 4
8 3 9 10 3
2 6 6 4 8
6 4 10 2 5
8 3 8 6 8
9 6 7 5 5
7 4 5 5 1
7 9 2 4 10
4 3 5 8 7
4 1 3 1 7
5 7 1 4 2
5 3 3 3 5
3 1 4 5 5
8 6 4 1 6
7 9 4 1 9
10 4 6 5 8
8 3 9 8 1
7 1 7 3 10
1 9 3 2 10
6 1 2 8 4
3 8 5 9 7
4 1 4 3 5
7 5 2 2 4
1 1 7 2 5
7 3 9 4 6
5 10 8 4 8
4 9 5 3 7
10 3 7 10 3
9 10 5 5 8
5 10 6 9 5
10 3 9 2 3
6 8 1 1 5
6 6 10 6 6
7 5 8 9 1
9 10 9 7 3
9 1 5 6 1
7 6 4 9 6
7 10 1 2 5
6 5 5 10 10
3 10 9 3 5
8 2 10 6 9
1 10 4 7 10
5 5 2 6 7
8 9 9 10 8
9 1 3 6 6
10 4 2 1 8
6 8 4 2 6
4 10 1 2 10
3 3 2 2 3
2 5 6 5 8
6 3 7 10 10
1 10 2 8 4
5 5 2 4 4
8 8 4 4 6
7 3 8 2 3
5 6 4 8 3
10 9 10 4 9
4 6 5 7 8
7 8 3 5 10
3 6 1 5 6
3 5 8 2 8
1 8 4 8 5
10 1 6 5 5
10 4 2 2 7
6 2 7 7 8
8 3 3 2 10
6 3 2 10 9
1 6 4 8 7
