n 100
m 5
cap 30
Processing
3 58 63 71 43
60 15 67 74 23
24 55 5 27 12
91 12 8 64 19
37 32 42 55 58
78 97 77 78 4
41 10 68 15 100
36 28 81 9 85
3 56 75 69 74
23 69 1 84 15
6 10 87 77 6
4 21 61 28 20
65 17 82 16 83
78 70 1 70 3
38 65 74 29 9
61 39 48 22 68
88 12 70 89 79
32 81 3 72 44
3 41 37 81 16
2 6 95 69 15
53 40 60 1 81
50 50 17 74 18
54 70 37 61 79
38 10 6 98 19
24 67 38 33 32
68 69 66 79 86
22 38 83 48 36
34 81 31 26 82
45 63 3 29 68
90 64 68 38 16
77 61 38 83 75
91 4 96 95 77
78 22 21 67 54
76 76 55 36 73
15 81 18 76 12
94 42 56 49 81
12 49 79 68 17
27 19 76 77 24
3 51 73 65 62
65 49 96 62 20
19 93 94 39 65
93 10 20 45 70
44 33 79 12 19
50 96 16 75 47
43 31 12 28 18
8 16 4 20 7
5 59 65 31 50
95 62 73 39 99
31 82 60 93 28
18 63 76 71 68
63 13 66 30 27
34 15 27 94 9
58 5 68 76 66
6 24 41 48 16
79 66 6 42 2
19 69 30 46 9
36 8 85 30 84
34 29 4 43 8
93 67 21 93 53
95 31 4 60 2
4 80 39 17 77
39 65 20 61 20
91 72 31 23 71
52 74 72 33 66
65 81 92 99 98
19 33 26 27 25
44 91 36 28 39
70 21 88 82 9
61 60 99 77 95
87 53 41 2 79
95 34 56 38 55
68 37 65 45 21
15 60 87 65 94
73 5 3 72 27
98 62 39 59 27
77 68 43 97 65
3 87 78 19 79
53 69 11 16 46
7 63 28 96 67
87 100 4 46 38
60 5 96 14 68
40 21 1 24 36
14 17 43 90 77
95 37 49 4 73
56 99 77 96 3
59 8 57 55 62
8 96 23 62 92
85 88 78 11 5
88 76 44 27 66
72 16 24 18 14
35 98 97 37 15
45 39 20 32 5
80 54 39 21 37
78 71 50 97 24
94 25 48 16 84
37 16 88 21 69
3 29 75 48 83
2 61 83 26 10
51 98 11 58 97
44 58 3 25 64
Size
10 9 9 10 8
4 7 7 5 6
1 10 7 6 6
1 1 10 3 10
10 4 9 5 1
8 7 6 7 1
2 1 3 4 9
10 7 2 3 6
1 8 6 6 1
9 2 3 2 5
3 6 2 1 10
1 3 9 7 4
8 10 4 4 8
3 5 6 2 6
9 2 6 1 5
3 10 10 4 8
10 9 1 5 1
6 2 9 6 8
3 1 7 6 10
9 8 2 5 8
2 10 6 8 7
8 2 1 2 2
10 7 7 9 2
2 4 4 2 4
1 3 3 4 7
4 8 4 2 1
2 8 5 6 10
1 8 1 1 4
10 5 1 6 5
3 8 3 9 3
10 8 2 10 8
9 8 4 3 3
4 4 6 3 10
9 2 6 4 10
10 6 4 2 3
4 10 4 6 2
4 5 4 1 8
1 6 2 2 4
8 1 5 8 8
5 5 6 7 7
1 10 8 2 6
6 9 1 9 7
7 10 4 2 3
5 3 7 2 10
5 1 3 4 3
6 2 6 4 9
4 6 8 6 8
1 9 2 9 3
3 10 6 5 7
3 9 8 6 6
4 2 3 7 4
5 8 1 4 1
9 4 7 3 7
8 6 3 5 7
10 1 10 3 7
1 9 6 10 5
5 5 8 4 4
4 4 8 1 8
4 8 3 1 9
4 1 8 4 3
6 9 3 3 6
3 10 7 1 8
7 1 1 2 5
5 7 5 10 8
2 9 2 5 7
4 3 1 8 5
9 1 2 8 3
6 5 5 4 8
1 8 6 9 10
8 1 5 5 3
9 5 1 7 6
1 3 3 5 6
3 6 10 1 9
7 1 5 2 6
9 7 7 5 2
7 2 10 3 7
6 3 4 2 6
9 8 5 4 9
4 8 7 9 9
6 3 5 2 5
10 4 1 8 1
8 6 4 1 6
6 1 9 2 10
6 5 8 9 1
1 2 4 5 7
5 4 2 3 10
9 2 1 9 4
1 4 4 4 9
2 5 5 9 2
3 4 3 2 6
9 5 3 2 2
3 6 6 10 6
7 4 6 3 6
6 5 8 3 1
8 8 9 7 9
10 4 2 8 1
10 4 6 9 3
4 6 10 10 3
3 3 1 8 7
2 9 9 10 3
