n 100
m 5
cap 30
Processing
4 53 4 75 77
51 59 34 57 42
66 38 22 50 50
27 45 34 5 11
78 62 75 92 40
78 38 13 59 77
20 34 68 69 98
48 57 3 33 21
67 10 66 28 60
21 2 80 33 12
8 68 6 30 62
30 67 97 63 97
5 31 87 94 99
19 15 28 10 86
61 2 22 51 15
23 66 6 69 25
18 71 84 16 66
8 8 16 87 38
10 47 61 41 77
52 12 81 13 5
65 23 78 23 68
88 13 55 5 6
4 71 29 97 39
100 75 78 59 89
8 78 81 62 84
9 15 91 29 42
2 88 85 85 54
20 2 95 73 20
36 49 44 35 20
55 10 38 40 98
98 66 8 49 8
58 1 38 35 74
4 75 93 95 56
87 8 22 44 54
55 99 83 28 47
22 52 93 28 58
49 82 6 71 56
19 16 71 48 69
19 99 16 44 3
32 84 94 40 81
42 4 42 1 10
45 35 29 83 52
63 17 52 9 22
82 90 74 89 73
36 51 45 65 37
71 47 70 43 21
27 26 59 44 12
28 28 80 83 29
38 30 96 4 54
60 47 26 8 3
77 6 61 74 28
13 99 98 50 20
48 73 77 18 34
51 55 37 97 26
43 17 6 97 85
7 22 28 43 43
67 99 57 39 40
50 95 60 10 92
62 65 63 56 81
83 93 30 37 98
81 54 12 32 48
24 56 27 69 23
34 73 3 87 54
74 83 83 32 8
22 84 20 22 50
64 25 70 27 90
29 52 12 58 95
10 23 72 77 73
39 12 9 87 89
58 56 35 14 90
34 95 27 11 30
55 38 25 82 91
36 18 87 48 60
49 65 55 58 72
79 2 30 76 19
41 7 13 31 2
30 60 86 43 36
4 68 38 96 49
72 16 92 98 34
66 88 63 30 56
15 82 63 6 89
38 25 84 57 98
87 100 5 30 30
2 13 94 70 24
61 57 36 43 84
74 87 35 42 41
35 7 43 62 86
93 40 93 44 96
65 12 14 55 86
90 60 34 31 76
34 44 56 19 50
64 70 51 65 89
94 42 96 35 73
7 7 76 89 14
35 98 81 72 20
70 72 85 65 83
2 22 74 85 85
53 6 32 95 81
40 46 84 12 30
99 44 26 59 50
Size
5 2 6 2 8
9 6 5 2 7
7 3 7 4 4
1 7 7 2 4
4 8 8 6 8
1 9 8 4 2
4 4 3 9 3
3 8 1 7 4
6 7 4 6 9
10 5 10 7 4
7 5 8 4 5
8 6 8 1 8
4 10 4 4 4
2 4 5 9 9
9 9 1 6 4
2 3 4 1 1
5 10 10 8 2
10 7 4 4 9
8 9 7 4 8
10 7 3 3 5
6 6 5 9 4
2 4 9 3 7
5 9 2 2 6
9 10 5 2 5
3 10 10 3 6
6 8 3 9 4
6 1 5 3 4
8 10 10 9 3
10 9 7 8 5
5 2 1 8 8
4 4 7 10 5
5 9 7 9 6
8 7 3 7 1
6 2 5 10 1
1 10 6 7 8
8 5 1 3 8
9 5 5 8 2
10 7 2 4 5
3 4 5 6 4
3 7 1 4 6
7 2 5 2 10
10 8 3 3 9
2 6 5 4 7
9 7 8 2 6
8 10 8 8 1
4 8 5 9 7
9 2 4 9 9
3 1 3 2 10
5 4 5 3 2
9 10 9 9 1
5 7 9 6 8
5 6 10 6 8
5 8 7 6 3
5 10 8 9 7
9 9 4 2 9
3 9 8 1 10
3 2 9 7 6
1 4 4 7 3
6 1 1 4 2
4 4 9 3 6
5 1 1 9 4
5 5 1 7 6
6 10 4 5 5
5 10 7 4 4
10 4 6 8 4
3 2 5 3 2
6 3 5 1 4
10 10 7 6 5
9 8 1 4 4
2 3 1 2 10
1 6 9 6 10
9 2 3 3 1
7 4 4 10 1
6 6 3 7 1
6 4 2 8 8
7 8 5 4 5
10 2 10 6 1
5 10 7 6 1
9 4 7 9 10
2 8 10 1 8
3 4 8 2 8
7 7 1 5 4
10 10 4 5 1
2 3 4 5 10
10 2 6 2 1
4 1 6 7 5
8 10 3 4 4
6 2 9 3 3
10 5 6 5 6
10 10 2 8 4
1 3 5 8 4
6 1 4 3 2
9 5 3 10 9
4 6 8 8 1
6 3 1 6 1
8 5 10 10 4
5 2 2 10 9
8 10 1 10 4
9 1 10 3 9
4 7 6 9 7
