n 100
m 5
cap 30
Processing
86 6 12 36 86
7 14 41 3 26
55 31 6 96 43
48 76 33 78 33
6 48 23 45 11
65 62 59 51 81
96 79 41 89 79
55 25 1 51 10
66 31 58 98 64
40 24 17 84 39
68 73 57 90 71
37 52 43 18 29
22 91 32 16 48
85 7 32 88 30
32 81 62 83 91
35 92 88 79 48
11 15 10 99 80
59 16 73 59 12
52 88 24 93 65
2 9 25 46 77
60 96 81 97 7
53 47 38 13 65
2 46 46 27 40
53 98 78 75 51
5 54 52 71 27
7 19 74 87 35
53 23 57 23 11
9 30 78 33 66
4 22 30 64 9
44 100 15 90 98
43 67 50 4 32
36 53 21 42 63
35 17 50 95 83
4 64 22 76 33
38 5 30 83 21
43 8 74 34 33
62 7 39 95 38
15 14 42 4 66
1 8 30 1 16
51 74 5 43 43
85 36 74 26 80
84 100 63 90 47
63 99 58 11 72
33 77 83 56 27
72 22 17 64 23
100 55 2 73 75
90 95 59 20 36
85 68 9 99 21
27 20 10 64 37
1 91 33 59 89
37 93 98 35 77
8 64 94 40 22
23 58 92 67 38
95 41 54 73 57
52 96 46 42 40
45 56 43 5 87
78 50 91 89 64
55 89 1 81 40
61 45 34 55 68
87 91 86 89 63
13 76 92 12 1
23 64 41 76 73
100 37 91 78 67
76 5 85 78 69
66 69 54 62 76
52 8 55 33 62
97 25 50 8 59
19 39 79 6 33
77 23 47 72 96
92 95 15 1 52
52 67 23 53 21
15 91 48 37 50
10 64 6 49 68
7 7 18 86 28
46 31 52 56 75
35 63 61 18 71
43 33 62 7 12
40 95 97 93 61
61 22 10 65 80
37 22 61 22 33
71 88 26 52 5
76 19 43 42 54
44 88 31 35 14
19 7 69 43 42
28 44 64 82 91
35 6 99 70 32
99 52 89 82 19
70 83 77 35 24
34 75 5 69 27
51 76 48 40 61
73 54 19 34 3
83 43 85 9 85
91 35 81 71 54
4 76 88 30 97
12 46 100 42 24
42 55 56 43 57
33 62 26 8 41
83 48 24 84 33
83 53 29 81 29
86 86 55 37 62
Size
10 1 6 6 7
1 3 3 8 7
10 8 1 1 6
1 8 10 6 4
2 3 9 9 10
5 3 7 5 4
6 2 5 5 2
4 4 5 1 7
5 2 2 5 10
2 10 10 5 1
6 1 3 7 1
10 3 9 7 10
6 10 9 10 1
3 9 10 10 3
7 5 7 4 7
3 5 5 4 9
9 3 3 10 9
3 8 6 4 6
3 1 2 4 4
2 1 2 6 2
3 2 8 8 7
10 3 3 3 5
5 8 9 10 7
3 8 6 1 5
3 3 1 10 10
5 5 8 9 9
7 3 8 1 7
2 6 9 2 6
9 1 5 9 6
5 2 9 4 4
2 5 9 10 5
8 5 8 10 2
10 5 6 4 3
4 9 5 7 8
10 7 7 9 1
7 8 4 9 5
5 3 2 8 5
7 7 5 1 4
2 10 4 3 9
10 7 10 7 10
1 6 3 1 7
5 8 4 1 10
9 2 9 2 3
10 4 3 5 1
3 5 2 2 7
10 9 9 1 3
4 7 2 8 8
8 1 9 4 4
4 1 2 1 3
8 1 7 2 4
1 5 7 9 10
4 4 1 2 9
2 2 10 9 10
6 2 5 5 1
2 8 8 9 1
10 4 5 2 3
4 7 7 8 7
2 10 10 9 9
1 1 10 5 10
6 3 8 2 5
6 10 8 6 6
4 10 9 2 4
7 2 1 2 6
3 6 7 1 9
6 5 3 2 3
2 2 3 9 7
3 4 6 5 6
1 4 9 3 1
8 1 8 4 4
1 8 4 10 10
7 8 10 9 10
6 10 6 9 6
3 10 7 8 8
2 4 5 1 6
8 7 5 1 1
6 6 8 5 3
2 1 4 8 10
10 8 2 1 3
2 10 2 9 3
4 8 1 4 1
1 1 4 1 9
8 5 10 9 3
3 5 10 10 8
2 8 4 8 5
2 5 1 2 9
10 1 10 2 2
7 2 10 4 8
2 7 1 8 9
7 9 9 2 9
9 8 6 8 7
8 9 7 9 10
9 6 10 4 6
2 10 9 5 2
6 4 5 3 1
4 10 3 5 2
2 8 4 9 1
4 6 2 5 8
6 1 5 8 5
7 6 5 4 9
10 4 5 10 8
