n 100
m 5
cap 30
Processing
1 54 89 98 12
78 41 89 11 29
82 94 22 95 94
63 94 87 64 10
12 42 48 11 10
74 11 69 2 6
94 71 84 3 3
91 40 26 31 97
46 11 84 38 71
79 10 5 50 65
61 84 20 6 11
28 2 85 35 47
95 46 70 53 6
24 49 25 31 43
23 70 94 85 66
3 47 20 69 9
54 25 70 38 93
24 20 68 45 38
82 52 28 23 57
97 23 65 28 87
14 29 26 75 80
97 39 63 13 82
41 44 13 57 67
9 64 76 97 4
30 3 71 51 38
38 9 72 75 10
9 70 78 54 90
76 5 55 20 27
82 96 36 45 77
100 10 56 24 57
4 36 33 88 71
84 10 74 60 14
92 15 78 61 79
63 81 31 66 40
98 2 78 25 93
2 55 80 15 34
58 55 45 79 31
95 4 66 38 53
81 31 74 40 80
72 94 71 73 38
73 39 78 58 48
94 92 17 72 57
37 22 70 39 23
75 19 55 71 63
5 24 37 39 95
34 20 37 10 87
88 77 8 5 48
63 64 73 45 27
10 19 59 87 10
42 59 46 9 27
99 39 57 67 67
85 53 78 46 79
36 83 94 64 38
54 54 16 91 88
2 9 46 27 51
11 95 98 76 5
68 87 56 8 49
32 62 48 57 83
45 20 71 74 42
16 75 33 30 30
80 40 100 46 2
82 8 44 73 23
97 65 38 30 44
90 13 72 17 87
56 30 95 31 83
11 62 25 99 95
2 78 69 55 65
27 88 11 11 71
64 22 21 37 54
83 80 42 100 74
6 12 6 15 30
35 86 30 74 30
87 70 48 9 51
41 94 2 24 76
42 95 57 7 20
93 4 23 84 80
34 31 95 17 95
92 62 53 72 23
43 31 98 57 34
12 92 27 25 18
76 72 46 14 34
82 39 29 72 26
45 85 3 64 30
37 62 12 65 78
55 56 28 26 18
5 76 50 51 58
87 89 64 25 1
72 53 85 90 29
11 76 13 1 93
93 55 47 84 5
100 58 86 39 74
28 36 54 3 72
59 64 65 12 55
83 25 15 30 59
5 16 59 72 74
72 76 7 6 38
37 79 17 73 52
65 2 22 25 4
39 56 57 66 75
74 64 44 74 17
Size
4 4 9 9 5
9 5 9 4 9
9 5 8 3 6
10 6 4 8 3
1 10 1 6 8
7 9 7 2 3
3 6 4 4 8
7 3 3 8 3
1 1 6 7 4
1 1 9 4 1
5 10 7 6 4
1 6 10 7 9
8 10 3 1 1
4 9 7 10 5
1 4 1 7 9
1 10 6 9 1
8 10 6 6 2
10 6 7 4 10
10 1 1 3 1
8 10 10 8 8
7 1 7 9 1
1 4 9 4 5
3 7 3 8 3
8 8 1 5 2
8 10 7 3 2
5 10 9 7 1
8 3 3 8 9
5 7 10 4 10
8 6 10 8 2
4 6 5 10 5
5 10 4 4 4
3 9 6 5 1
2 10 6 4 2
4 1 3 1 10
8 6 1 5 3
7 1 9 8 4
5 6 8 9 7
3 4 10 2 5
3 5 7 8 9
6 1 9 6 10
8 10 10 5 10
4 5 3 3 2
8 4 5 9 7
6 8 6 7 9
7 4 4 10 7
1 6 10 6 10
8 2 7 7 9
8 5 9 3 10
5 7 5 7 3
10 5 3 5 1
7 5 9 6 5
6 5 7 2 1
8 7 3 5 3
10 3 8 3 5
7 7 3 5 5
2 1 3 7 10
5 3 2 3 10
4 7 10 5 6
10 7 4 1 1
9 7 10 1 5
3 1 5 10 8
7 8 1 3 4
3 10 4 3 4
7 4 4 1 4
9 10 1 9 6
7 8 9 6 8
9 8 7 10 10
6 6 5 2 5
9 7 10 1 9
8 8 4 5 2
1 1 10 3 8
7 3 7 9 8
4 3 8 7 8
1 4 1 10 3
2 7 4 10 1
4 6 10 3 3
8 8 6 10 4
3 1 7 1 1
4 2 8 9 1
8 6 6 1 5
2 1 5 6 10
6 4 2 5 1
8 3 5 10 2
4 8 7 5 6
2 3 5 8 9
3 6 5 10 1
9 9 4 10 3
6 10 1 8 5
6 9 4 6 10
3 9 10 7 6
4 7 5 8 3
2 1 3 1 4
4 10 1 7 7
6 1 10 8 10
5 3 5 8 9
6 9 8 7 5
9 7 5 4 9
8 1 6 3 7
8 4 2 2 8
5 9 10 4 3
