n 100
m 5
cap 30
Processing
51 68 1 65 47
74 55 35 20 54
8 72 21 38 10
19 84 19 32 94
73 85 85 14 15
6 99 65 8 1
51 53 7 45 93
5 42 75 99 3
82 41 66 15 64
84 51 85 2 75
89 100 76 77 33
48 79 18 62 9
6 82 69 64 24
14 5 35 7 18
38 40 73 54 41
1 49 90 23 22
24 80 35 97 17
40 89 67 93 70
29 55 66 73 11
72 55 18 100 11
1 62 86 92 3
60 52 87 96 87
83 18 30 72 72
96 38 32 69 56
42 38 85 43 92
12 79 67 97 94
81 9 53 44 58
23 59 29 36 42
65 78 13 97 13
12 77 58 21 98
2 25 56 94 41
34 93 63 36 58
57 98 38 42 75
20 28 61 33 14
96 100 13 16 1
39 39 25 18 94
44 78 48 66 28
35 32 70 83 37
77 95 56 14 30
31 85 12 26 47
54 35 78 96 53
70 77 25 35 31
99 88 41 99 29
61 73 62 64 34
67 30 14 48 23
84 67 17 6 49
21 8 76 98 12
41 86 44 49 31
47 55 60 88 60
92 74 79 22 4
7 12 12 83 68
63 72 13 83 24
62 73 63 75 27
92 11 7 15 57
44 80 74 4 26
2 68 98 93 75
89 99 96 71 6
16 13 5 35 30
99 76 27 22 98
54 77 59 52 73
27 34 79 62 80
38 4 4 66 25
94 10 23 25 84
43 66 4 75 13
6 47 69 57 72
88 22 64 78 64
88 1 39 48 46
93 34 36 35 78
32 58 30 49 8
21 44 32 74 18
43 31 27 92 20
86 44 64 98 35
68 49 85 16 42
50 89 54 68 83
77 61 64 64 18
75 85 82 43 68
35 60 61 44 45
74 91 82 21 24
64 54 61 38 36
34 45 53 71 33
56 82 53 79 22
18 29 67 84 79
84 88 39 19 77
10 90 62 17 85
55 53 56 26 94
93 56 33 35 29
2 81 8 46 1
23 30 59 100 32
95 6 3 47 33
32 87 48 25 100
51 20 47 22 60
63 87 22 39 42
76 53 76 37 9
18 63 48 83 75
6 32 73 95 62
12 6 90 8 51
33 45 77 61 61
83 95 69 48 14
40 8 98 43 28
66 48 66 98 22
Size
5 9 10 1 5
6 2 1 7 6
10 1 3 1 8
5 4 2 8 10
6 8 6 10 7
1 4 6 1 4
8 6 9 6 10
3 3 10 9 4
5 6 2 5 7
6 2 10 4 4
7 5 6 2 5
8 9 5 8 4
5 9 5 1 9
4 8 1 7 10
1 4 9 4 5
6 3 7 3 1
2 3 1 10 3
2 5 7 1 9
8 7 6 8 7
2 5 3 6 7
5 6 9 4 4
8 4 8 7 4
6 1 4 9 1
4 9 4 6 2
3 6 1 4 1
5 2 3 7 7
7 3 6 2 1
2 7 10 9 7
4 8 7 3 7
9 1 1 10 9
2 5 1 9 10
10 1 5 10 1
5 2 3 5 3
9 8 5 9 5
10 1 1 6 5
2 6 2 2 8
6 9 7 4 4
9 1 5 7 7
5 10 2 8 1
4 5 4 6 5
4 5 7 4 6
10 8 7 10 10
6 10 2 1 4
3 9 6 3 3
9 4 9 6 8
2 5 3 10 4
8 8 5 3 3
6 6 1 7 4
6 9 8 9 8
8 9 9 7 2
1 6 10 2 4
2 7 4 4 8
4 3 8 4 6
7 3 8 4 3
8 2 3 3 5
8 5 10 6 7
5 8 8 9 6
10 10 4 8 2
8 6 5 10 4
7 2 2 9 1
2 8 4 1 2
7 4 7 1 6
5 4 6 10 4
7 2 3 2 6
2 2 2 5 4
3 3 3 6 8
6 7 7 10 8
6 2 5 10 10
2 2 5 2 1
2 7 10 5 4
2 3 6 2 10
1 1 3 4 9
4 6 2 2 4
9 2 6 5 1
10 6 8 7 2
1 3 10 9 2
1 8 5 8 4
1 4 9 1 10
7 10 2 5 8
1 1 10 8 10
4 9 8 5 3
3 8 10 8 4
10 5 7 2 9
4 4 6 10 7
1 10 10 9 3
1 6 6 5 8
2 7 7 3 10
7 4 4 6 3
8 9 10 1 9
1 5 10 10 4
9 2 6 4 1
5 1 5 3 10
9 3 7 6 9
2 9 7 6 7
2 2 10 6 5
5 8 2 8 6
5 2 6 10 4
2 5 8 6 2
2 8 4 6 9
10 2 3 2 2
