n 100
m 5
cap 30
Processing
51 63 16 7 10
55 90 96 42 12
2 71 77 6 100
93 71 75 57 13
23 71 76 17 46
88 78 50 74 38
82 58 50 99 7
93 75 99 49 76
13 61 68 86 32
90 28 39 14 85
5 44 42 18 58
40 67 86 4 83
39 6 67 62 72
17 45 16 63 3
25 69 7 39 64
10 100 76 46 38
76 30 10 42 45
61 4 32 12 50
34 77 68 38 40
18 57 97 65 83
46 78 49 58 79
15 84 44 11 68
14 24 14 1 1
4 77 27 46 16
99 48 64 90 92
7 21 48 43 48
13 49 4 49 63
16 37 65 95 99
75 55 68 87 50
40 22 96 23 72
47 55 65 39 12
64 76 82 52 47
41 17 52 35 23
31 99 60 27 4
30 41 75 10 84
45 51 45 71 39
84 18 72 47 49
56 71 100 5 78
31 89 73 13 30
47 90 90 12 54
88 71 71 23 31
63 25 11 45 27
64 96 85 20 72
79 94 48 77 4
18 62 34 7 52
97 1 15 73 18
29 91 10 21 63
23 42 48 57 2
82 79 79 64 48
13 84 29 97 45
70 54 95 85 71
14 91 26 37 31
80 78 30 54 36
40 43 27 50 25
98 40 28 63 38
29 77 20 87 18
93 58 85 61 57
46 79 11 35 34
33 19 45 92 35
30 45 15 68 47
21 13 6 38 97
66 54 90 48 25
28 65 10 60 87
93 21 98 18 53
83 37 19 35 19
46 47 88 44 82
9 27 29 46 37
94 71 41 68 13
10 90 79 88 73
15 87 95 84 2
52 51 81 4 52
20 55 32 48 19
73 45 98 95 55
62 75 3 44 68
43 23 79 4 4
4 41 96 86 99
91 9 81 57 75
71 73 96 68 96
90 17 11 73 29
64 39 24 26 36
27 43 93 33 93
86 53 27 88 17
70 39 64 67 75
34 8 8 5 35
50 71 2 43 53
13 89 45 3 47
12 67 96 13 12
64 4 54 57 43
72 94 81 99 30
89 24 37 33 86
93 73 79 9 8
46 20 6 26 62
7 36 8 4 89
69 67 84 55 49
50 95 36 61 18
39 78 89 19 59
68 4 50 44 7
91 13 87 4 98
50 34 47 81 3
84 35 47 92 31
Size
8 2 5 2 9
3 6 3 6 9
3 1 7 2 5
5 8 8 2 1
8 8 3 8 8
4 5 9 6 8
2 9 10 4 3
4 5 7 8 10
1 10 10 9 1
7 8 1 8 1
6 4 9 1 8
10 10 8 3 10
4 8 3 6 3
6 3 1 2 10
8 7 7 10 2
3 6 1 3 7
5 5 3 10 5
7 10 9 2 9
4 6 7 9 2
1 7 1 5 6
6 2 10 5 2
4 1 5 2 2
7 8 3 4 8
5 9 2 3 3
1 6 8 10 5
5 8 3 10 7
5 9 1 3 9
2 8 10 9 3
1 3 1 2 7
3 2 9 6 7
10 5 2 3 7
5 4 3 5 1
8 7 9 2 5
5 3 4 9 5
5 6 3 6 4
3 9 10 5 2
1 10 7 9 2
4 1 7 7 1
4 1 7 7 6
4 1 8 5 8
4 4 7 8 10
6 3 9 10 1
2 10 9 4 7
7 6 5 5 7
7 5 2 7 6
4 8 6 9 8
8 4 7 3 3
2 1 8 7 2
10 10 4 1 10
6 5 9 8 2
4 8 9 2 6
7 2 3 6 6
8 5 3 9 5
8 5 7 2 8
4 10 8 8 6
8 1 6 5 6
10 8 9 7 6
7 4 3 9 6
3 5 4 9 5
7 6 6 5 9
1 4 6 8 6
6 6 4 8 5
6 9 6 5 9
5 9 4 5 4
7 1 1 4 7
6 9 10 3 2
1 10 1 5 10
9 6 10 2 5
8 5 7 2 8
2 8 4 9 2
9 8 1 10 1
8 7 5 8 8
4 1 10 2 5
5 10 5 7 10
8 6 7 5 10
5 8 1 10 10
3 10 2 6 7
1 3 3 6 4
4 8 7 9 1
1 3 5 1 2
7 3 3 7 10
3 7 7 9 2
4 4 9 3 2
5 4 1 10 6
10 2 10 2 4
7 8 7 4 4
4 1 9 2 10
9 7 7 9 3
7 4 9 1 6
6 3 4 10 7
8 3 4 1 2
7 2 6 8 3
2 8 1 3 9
4 1 4 2 3
3 8 7 1 3
3 4 3 7 1
8 6 1 9 4
8 2 2 1 4
5 10 6 8 10
3 3 10 6 3
