n 100
m 5
cap 30
Processing
13 26 19 17 86
15 76 17 42 67
50 39 62 69 48
18 60 77 97 99
8 3 8 23 92
57 69 77 65 65
100 83 5 70 4
89 84 70 1 32
68 55 82 96 41
87 49 33 80 44
66 100 73 89 62
58 35 27 94 6
16 75 17 13 14
48 80 63 70 79
58 66 68 12 72
38 92 58 91 23
38 73 12 61 92
19 54 4 12 92
85 92 13 30 74
22 34 35 76 2
24 58 40 86 57
65 65 92 20 89
81 27 21 88 89
90 34 11 70 3
16 91 45 94 83
7 4 96 62 85
56 18 63 20 91
65 54 38 7 64
38 47 9 52 26
58 70 82 61 96
11 38 68 70 22
59 23 100 6 76
92 88 65 36 46
33 83 79 37 24
5 29 19 32 21
77 100 59 56 49
51 32 79 48 3
30 47 81 39 76
21 40 76 26 97
23 62 23 29 56
31 96 76 63 78
70 14 4 57 17
38 26 23 59 44
87 54 61 1 52
31 6 42 64 81
50 16 68 50 77
9 53 67 62 28
71 98 37 61 71
22 16 30 20 99
62 81 13 69 70
19 93 19 55 54
95 43 96 43 33
37 6 87 2 34
28 100 77 24 40
89 28 76 39 60
35 34 40 64 6
65 24 58 82 33
99 26 59 78 10
85 62 17 64 10
4 55 45 47 32
76 29 95 21 41
37 52 72 88 72
76 15 12 72 66
9 19 79 11 63
7 100 42 16 24
43 89 96 94 84
76 5 25 48 8
62 5 52 34 95
28 77 72 30 26
26 14 33 87 66
1 35 17 57 9
29 11 77 20 62
50 80 69 85 65
63 52 19 83 21
90 3 62 63 45
48 96 42 32 42
2 25 75 100 85
3 67 54 37 54
88 64 82 66 42
7 12 91 66 35
22 15 35 67 82
89 37 86 10 60
69 82 22 94 31
42 30 12 71 84
74 20 82 47 16
97 39 12 96 72
42 20 97 36 39
96 53 81 30 30
43 85 8 12 64
82 19 35 11 85
31 21 93 28 74
80 84 67 21 79
66 36 73 63 69
77 62 61 29 94
72 42 72 9 64
100 98 39 69 48
41 59 71 63 63
53 3 24 10 70
84 47 42 57 13
48 81 50 9 53
Size
2 2 10 2 7
9 5 3 1 7
1 6 9 8 7
6 7 2 2 10
10 8 10 5 2
1 8 7 6 7
5 4 8 5 6
10 1 5 5 10
5 8 9 10 9
1 5 3 1 4
4 3 3 10 6
9 3 3 2 10
1 10 5 10 10
2 4 4 4 9
8 1 1 3 3
1 2 9 8 8
3 10 6 5 3
7 8 4 5 1
7 6 10 3 8
6 9 2 9 4
9 5 10 9 9
5 5 7 7 8
5 4 1 6 10
9 9 2 6 10
7 10 4 5 6
5 10 9 5 1
10 9 10 10 3
6 5 2 6 9
6 3 9 2 9
3 9 8 9 5
9 9 6 7 10
7 3 1 1 6
2 10 3 3 8
7 9 9 4 3
8 8 5 1 6
2 4 5 3 3
8 8 1 1 10
6 1 10 7 8
6 2 6 10 1
2 6 10 2 5
3 1 6 7 4
9 3 8 9 5
9 1 2 9 9
1 1 8 6 10
1 6 6 2 10
1 7 10 8 9
9 3 9 10 4
6 3 8 5 4
3 4 5 1 7
3 2 6 5 8
7 7 3 1 6
4 5 2 9 6
2 2 6 8 6
6 10 7 9 4
7 5 4 9 9
5 5 2 6 7
6 6 9 1 2
10 6 1 7 6
9 9 10 5 3
2 7 10 10 6
7 3 3 8 1
7 3 5 9 6
10 3 4 9 4
6 10 5 8 3
6 8 4 1 3
2 10 5 1 5
10 1 3 7 1
1 2 2 9 1
2 4 2 2 4
5 1 5 2 1
2 3 9 8 1
10 3 4 1 2
3 4 8 6 6
5 1 4 9 10
5 5 2 10 5
1 2 4 1 9
3 1 2 2 8
1 9 1 9 1
8 6 10 1 10
8 4 8 4 3
7 3 4 8 2
5 1 6 1 2
1 7 1 6 5
3 8 2 4 3
1 3 7 1 5
4 1 6 6 7
8 9 5 6 6
4 3 7 8 1
3 8 2 5 1
7 3 6 1 10
5 7 8 10 10
8 9 2 2 7
6 8 6 9 5
8 4 4 10 7
5 7 5 8 8
8 10 10 5 3
10 1 10 2 6
4 6 10 8 3
8 4 6 3 1
9 6 1 9 3
