n 100
m 5
cap 30
Processing
28 20 56 50 84
95 48 71 35 47
15 63 98 47 5
1 30 52 62 21
37 5 28 96 74
77 18 24 83 4
44 84 25 44 22
81 55 20 55 96
50 81 55 14 94
38 19 48 14 26
95 41 91 70 76
17 21 74 8 70
77 52 4 46 18
37 94 18 58 39
33 79 92 5 46
10 94 75 84 61
33 39 18 34 96
75 14 60 24 24
58 67 40 77 3
93 40 35 11 34
45 6 18 33 83
36 73 35 92 13
38 4 6 75 38
65 41 100 12 12
71 21 9 35 99
18 62 57 58 15
84 65 47 21 20
57 8 36 87 93
25 48 67 26 17
66 9 13 18 16
95 86 48 26 58
65 41 44 4 92
80 94 22 78 47
20 23 60 9 2
76 19 100 93 77
10 49 80 41 31
48 4 18 52 59
78 95 60 79 20
94 87 3 28 63
92 61 40 71 18
33 90 99 45 17
99 68 16 70 72
96 93 44 95 96
53 24 78 86 21
33 75 55 30 54
50 15 66 46 18
43 80 67 69 26
83 52 74 64 20
79 5 42 42 24
3 49 74 84 79
48 89 74 11 19
16 3 16 51 47
24 9 1 75 21
82 31 82 47 23
55 23 45 56 68
56 95 52 8 58
32 84 32 47 69
92 72 51 63 94
32 81 73 89 64
56 90 98 22 2
78 11 22 93 98
6 32 46 6 25
20 64 14 92 56
60 62 83 34 23
9 1 39 96 61
83 38 91 92 60
8 87 88 12 20
91 24 84 45 75
77 60 63 68 16
91 4 14 5 41
1 34 42 97 84
62 87 58 11 79
91 46 21 42 55
11 63 69 39 81
4 94 74 49 34
86 20 79 51 87
66 97 86 100 81
50 98 58 41 98
32 78 62 91 11
57 43 22 8 82
48 49 35 31 43
94 79 55 44 44
15 32 26 84 37
36 27 66 80 42
10 20 69 99 31
76 74 75 14 91
12 59 99 44 56
77 2 18 67 71
99 34 1 50 85
60 62 41 69 35
66 7 37 87 83
51 41 54 60 71
27 87 60 82 89
28 94 41 30 94
70 90 22 52 14
38 54 93 18 52
66 35 88 96 9
99 38 58 28 53
59 40 6 28 97
90 36 75 55 75
Size
9 1 6 4 8
7 9 1 7 10
6 3 5 7 9
4 5 4 8 4
10 8 10 4 2
7 10 4 7 4
6 1 9 5 10
3 7 8 4 1
3 6 1 3 9
9 10 9 6 3
4 4 9 8 6
5 6 4 2 9
9 2 9 5 8
3 2 1 4 9
5 9 1 4 8
1 6 1 7 4
4 7 2 9 6
9 7 3 7 9
4 4 6 6 5
5 9 1 1 8
1 4 8 8 8
10 3 1 5 5
2 7 1 3 4
9 6 3 7 1
5 7 9 9 2
6 3 8 7 7
2 3 8 3 3
6 5 5 10 9
8 4 10 1 2
6 5 7 2 8
2 2 9 2 1
10 8 8 9 3
5 6 8 6 8
4 1 1 7 9
8 2 10 10 3
3 3 10 5 1
10 3 2 1 3
2 2 4 7 5
1 4 7 3 5
9 10 5 5 5
4 5 1 5 6
1 10 2 1 6
7 1 1 6 5
6 3 8 6 7
8 5 3 7 2
4 9 5 4 3
1 4 5 8 3
1 6 10 10 9
5 7 9 2 5
7 10 8 6 2
7 4 9 10 4
6 1 3 3 10
3 8 4 8 1
8 1 5 9 3
8 10 8 8 5
2 5 6 9 7
7 4 4 4 8
4 10 6 10 8
10 3 8 1 8
1 10 1 4 1
10 9 7 7 1
10 3 5 6 5
10 3 7 2 8
7 8 5 7 1
3 4 2 8 5
10 2 6 10 4
7 10 9 7 8
8 9 5 8 5
5 1 4 2 5
8 9 3 8 10
9 8 4 10 4
9 1 4 9 6
5 10 5 6 10
1 10 2 3 4
6 5 2 5 6
2 6 6 3 10
7 2 8 6 10
6 7 10 9 4
4 9 4 8 3
1 10 9 1 8
6 1 5 2 4
4 2 9 3 9
10 4 10 3 8
2 7 4 6 7
1 10 1 2 6
5 1 9 8 3
1 7 4 9 2
3 3 7 2 10
1 5 3 5 7
4 8 6 4 10
5 1 10 7 2
7 1 9 10 1
7 1 10 5 7
2 10 2 8 1
1 9 6 7 7
7 2 7 3 3
1 7 10 7 3
1 9 2 10 4
9 4 7 7 9
3 2 8 10 7
