n 100
m 5
cap 30
Processing
48 63 76 87 11
71 18 20 61 89
53 21 31 94 15
52 33 74 74 27
67 29 34 83 72
43 94 45 66 79
56 67 45 88 73
47 2 80 68 84
99 41 64 33 65
1 96 87 53 85
1 80 2 39 56
16 43 49 28 82
57 46 79 5 6
4 77 12 70 13
41 16 8 87 23
89 81 40 59 72
40 43 100 19 67
24 2 11 17 65
2 76 50 71 37
44 32 89 3 26
82 95 26 37 95
34 25 50 31 79
40 63 68 95 9
73 73 12 88 31
64 61 56 8 42
88 73 36 59 8
33 97 17 86 1
49 58 34 5 33
72 22 48 73 69
77 92 11 44 9
100 37 15 21 47
67 45 76 19 7
81 35 67 91 53
92 80 42 39 1
70 13 16 47 17
71 35 56 60 32
78 8 87 33 6
55 66 3 69 56
78 68 60 95 6
61 46 74 71 72
62 44 80 97 80
13 58 37 49 50
38 41 75 86 76
73 60 8 69 49
56 76 53 90 51
75 50 92 71 23
38 10 3 57 81
29 24 8 87 30
19 5 24 49 8
25 88 42 83 62
17 32 35 35 98
65 94 9 18 35
21 10 98 61 25
85 77 1 13 13
65 1 27 66 19
66 9 52 26 6
18 30 16 87 17
17 81 82 32 10
83 97 61 97 58
86 15 23 58 93
54 1 85 56 65
33 95 89 20 22
35 31 14 41 3
4 36 60 24 67
11 92 41 41 61
43 96 5 78 12
47 29 8 65 46
52 49 31 32 81
8 11 100 52 69
2 10 65 85 43
23 51 70 43 12
49 22 61 24 43
9 61 73 7 7
31 87 51 100 79
60 49 5 28 13
13 7 33 27 95
12 17 15 100 49
17 89 65 33 55
49 14 32 55 93
26 14 15 30 52
8 38 35 48 32
39 63 33 94 88
26 82 5 95 68
81 59 87 68 58
26 35 21 2 28
52 87 34 77 17
40 60 72 77 13
12 50 74 41 92
14 6 72 64 19
33 85 48 4 12
13 4 65 12 6
95 5 51 47 3
78 37 95 83 5
78 33 43 63 68
50 81 33 20 77
25 33 83 56 79
49 87 36 49 26
9 30 78 64 68
30 51 84 41 86
94 81 48 98 93
Size
3 8 10 8 7
7 1 10 1 8
6 1 9 3 6
9 10 5 6 3
1 10 7 8 5
9 6 9 9 8
7 8 4 2 10
3 6 10 6 3
9 9 3 9 7
2 6 7 4 4
4 2 9 1 4
10 5 5 10 9
4 5 2 5 7
5 7 8 1 3
4 9 7 2 7
2 7 9 4 4
3 5 10 6 8
2 7 3 8 3
1 6 8 7 3
8 6 6 4 9
8 10 3 5 7
6 6 5 3 9
6 5 2 10 7
9 10 3 8 9
7 6 6 9 2
6 5 2 2 6
3 8 5 9 10
2 6 1 4 5
4 4 7 6 1
9 10 5 10 6
10 7 8 4 5
7 3 9 5 1
7 2 3 7 2
1 5 6 3 1
7 3 9 5 2
5 10 2 8 5
3 4 8 3 1
9 3 6 6 7
9 4 10 4 9
10 8 4 10 5
1 10 2 9 10
7 9 1 1 6
3 2 1 7 8
3 6 7 5 1
7 7 2 1 9
8 10 1 3 3
6 3 4 10 6
7 7 3 7 2
6 3 5 10 7
10 8 6 1 5
7 5 5 9 8
5 2 8 4 4
8 4 4 10 10
8 7 1 9 2
9 5 5 5 2
1 4 2 9 8
5 9 10 6 7
1 6 10 4 6
10 5 4 5 2
1 8 2 3 4
5 6 8 4 6
4 5 6 9 6
8 8 8 8 10
3 1 7 5 9
3 3 6 9 5
4 4 7 9 4
8 10 9 10 9
6 9 8 6 9
6 6 10 3 9
1 4 9 3 7
7 6 3 9 5
6 7 8 6 9
5 1 6 5 3
6 7 3 5 4
4 5 1 8 6
7 2 5 1 4
6 3 3 7 2
5 2 8 1 3
10 10 8 8 8
6 6 8 3 1
7 8 8 8 2
4 4 5 4 8
5 2 3 4 2
4 1 10 4 3
2 2 9 3 5
1 9 2 5 2
2 10 8 7 3
3 5 3 4 3
1 4 5 2 3
6 1 5 4 7
5 8 1 5 5
8 4 5 10 8
9 5 7 7 7
4 5 9 5 7
8 7 2 10 1
6 6 9 8 5
5 10 5 4 7
3 10 7 9 7
2 3 3 4 3
8 9 10 7 7
