n 100
m 5
cap 30
Processing
63 66 96 26 15
59 91 30 98 86
16 10 24 80 95
36 18 87 76 25
3 72 40 37 9
48 20 77 79 72
90 16 84 38 74
86 70 46 35 52
50 95 93 46 93
35 48 97 73 41
39 65 29 44 24
70 80 29 53 45
44 55 63 76 100
86 77 30 95 3
84 43 46 19 8
63 70 28 26 8
65 1 45 45 54
77 17 18 72 12
54 14 83 92 54
33 100 71 88 80
13 24 95 10 42
3 47 68 97 15
70 27 94 28 93
79 41 15 67 60
31 8 60 84 10
12 25 56 82 23
37 79 37 22 81
5 48 89 55 57
57 60 63 97 88
70 80 39 26 44
29 92 71 95 87
71 32 40 70 99
61 16 29 52 82
9 82 34 51 79
83 77 8 42 77
24 43 7 28 88
7 90 27 53 39
99 20 10 55 52
13 26 36 85 18
9 40 22 58 9
97 7 45 22 58
35 28 97 34 13
97 86 51 11 2
49 94 12 56 77
90 83 65 72 25
76 1 79 57 91
19 87 60 27 2
32 3 14 40 75
79 56 51 99 48
37 38 34 28 20
60 75 43 92 100
65 21 24 24 1
71 94 1 28 86
93 51 31 86 96
82 26 2 9 68
97 70 33 78 85
58 21 80 99 7
94 64 6 90 89
98 45 99 35 36
95 48 42 33 95
13 47 59 48 49
1 35 29 69 74
21 44 85 12 27
31 62 55 97 99
42 48 88 68 3
33 67 67 88 93
67 59 53 26 55
18 78 74 31 53
93 47 86 43 74
10 87 36 30 24
41 35 15 58 26
47 95 98 45 83
78 20 20 69 97
50 61 4 9 98
61 3 68 41 18
47 64 84 81 44
72 16 71 6 99
27 70 83 76 89
74 96 96 50 36
36 48 33 33 62
94 7 23 31 71
96 35 36 48 28
22 32 71 28 97
65 28 38 77 3
9 12 36 73 35
39 46 38 98 43
53 66 77 26 11
68 74 24 20 68
99 78 42 53 91
70 17 46 51 19
83 85 20 58 82
10 9 18 91 76
99 78 25 83 83
68 32 47 77 86
56 99 40 1 34
32 56 18 69 86
53 82 90 59 94
54 56 71 77 83
39 46 3 71 76
30 96 48 7 79
Size
5 9 4 8 8
5 8 10 3 2
1 2 4 7 6
9 1 7 10 4
9 1 10 10 1
1 8 6 7 2
4 10 6 1 10
7 4 4 5 6
4 7 4 10 4
9 2 2 8 6
3 4 2 4 8
2 7 2 6 5
10 5 9 3 8
2 10 5 8 9
1 6 9 6 6
9 9 9 6 10
2 1 10 9 8
5 10 7 9 6
10 5 9 2 2
2 10 7 6 10
9 2 7 2 5
2 6 1 1 6
6 8 5 8 9
3 5 8 4 6
5 6 2 9 7
1 5 2 10 8
10 9 10 2 9
1 3 9 5 3
7 4 4 7 6
2 3 5 4 1
7 7 6 4 3
10 4 10 3 1
6 1 6 6 8
7 5 5 7 5
10 8 2 7 1
9 9 6 9 7
7 2 9 1 1
3 10 10 3 3
6 10 9 10 5
3 10 5 2 6
3 10 7 4 3
1 10 2 10 10
7 9 1 6 3
5 1 1 6 6
3 8 8 1 1
8 6 9 6 2
9 7 8 3 2
10 8 6 9 9
6 6 8 3 6
1 10 6 2 2
8 9 4 6 1
10 5 9 7 10
1 1 8 2 1
9 8 10 8 2
8 10 8 8 2
9 3 10 9 3
7 5 2 9 2
7 1 9 8 7
2 9 7 7 10
6 7 8 3 7
4 3 3 3 2
7 3 9 1 6
2 8 8 9 9
1 7 9 4 7
3 4 8 4 3
4 9 9 1 6
8 10 1 5 5
3 5 1 5 3
6 2 2 3 7
3 5 9 10 2
7 3 1 10 3
8 1 7 4 8
6 9 7 8 6
8 6 6 6 10
2 1 4 3 6
8 3 5 10 5
4 4 4 3 9
5 7 4 8 8
9 10 8 4 9
4 8 2 1 1
4 1 5 7 5
9 1 5 1 6
3 5 6 9 10
8 7 1 9 4
7 10 4 9 8
2 9 7 1 9
3 5 3 3 7
8 2 7 2 10
5 8 4 4 8
3 9 3 1 9
4 3 4 8 9
6 2 3 5 4
2 4 8 8 5
5 7 4 5 4
7 2 7 3 3
7 8 8 10 9
4 5 4 8 10
9 8 10 7 5
2 3 6 2 2
9 4 5 2 7
