n 100
m 5
cap 50
Processing
82 42 13 17 68
51 61 79 21 72
23 27 41 92 24
7 81 95 96 47
45 41 1 59 72
64 3 42 48 97
95 30 14 45 59
76 15 77 74 10
70 37 65 73 79
68 76 60 100 2
2 9 74 68 58
43 32 78 50 33
84 44 58 30 21
96 12 29 17 18
72 90 73 76 30
16 96 27 68 6
72 90 93 82 76
12 54 2 100 10
31 91 44 91 99
13 50 53 47 39
13 92 19 46 21
84 77 27 64 36
16 88 77 3 66
18 31 85 30 71
67 14 78 84 90
63 1 78 100 86
36 53 64 69 17
51 79 52 82 67
72 4 79 26 39
51 9 89 97 91
76 13 21 23 93
91 96 33 68 59
16 46 34 57 23
59 61 15 74 50
49 72 24 83 100
34 48 94 57 18
59 32 1 6 65
34 58 4 99 54
21 78 61 8 27
50 76 14 19 31
1 75 65 27 83
36 63 27 82 5
69 15 76 29 95
23 18 55 43 7
29 69 15 29 61
88 50 91 11 16
25 36 19 89 54
44 98 47 72 20
28 45 17 6 69
99 46 99 2 54
98 67 52 71 95
12 17 90 52 49
38 87 40 66 79
64 51 91 27 20
56 77 44 6 33
20 9 51 65 82
15 70 35 21 58
91 14 29 73 87
63 27 40 93 84
74 18 23 96 32
32 16 42 92 52
16 42 81 51 89
24 96 34 37 64
41 91 96 80 84
4 52 56 25 53
96 75 80 25 44
93 18 13 55 24
53 72 15 30 68
58 20 50 23 26
40 39 33 92 22
62 85 24 54 73
6 15 38 83 86
82 30 81 93 38
53 58 95 3 6
39 30 26 56 10
70 51 95 10 48
15 91 45 88 56
31 89 69 18 74
51 65 87 28 11
60 20 40 65 22
41 18 19 54 83
24 11 52 22 79
72 96 13 31 86
21 32 70 80 41
4 9 26 99 30
63 9 9 92 36
36 80 20 65 63
41 42 35 25 15
72 59 24 75 67
34 82 29 20 38
2 76 42 12 71
72 80 97 1 70
43 22 4 35 64
7 11 71 13 56
4 55 82 87 23
95 43 36 77 29
72 96 32 7 28
51 91 91 31 79
64 17 2 62 95
62 12 51 7 92
Size
3 4 3 2 7
5 4 8 7 10
8 4 3 7 1
10 9 4 5 10
9 6 8 10 10
10 3 5 7 5
4 9 9 5 1
3 6 10 4 6
6 3 2 7 8
1 6 9 10 1
2 2 9 7 10
9 1 3 3 5
8 10 3 4 8
9 7 10 4 7
9 4 7 4 3
1 2 4 10 9
8 10 1 10 6
9 6 3 9 8
10 5 2 1 2
9 1 9 4 10
1 3 8 5 1
9 9 8 4 6
7 1 2 10 1
3 6 2 6 8
9 8 4 7 6
6 1 7 4 5
4 5 10 7 9
8 7 8 3 10
2 10 5 7 1
9 4 2 9 10
9 10 5 7 6
5 3 7 10 1
7 9 1 1 7
1 9 10 5 10
10 3 7 2 6
10 9 6 4 6
8 3 6 2 3
3 6 2 5 7
7 1 4 1 2
6 6 4 10 9
7 3 5 2 10
1 8 8 8 3
2 5 10 7 8
5 7 1 3 1
9 3 10 6 7
8 8 1 7 1
9 2 2 9 4
1 5 1 1 2
6 8 2 2 7
8 10 6 3 7
8 9 10 1 8
10 5 5 4 5
3 8 6 5 5
6 7 3 5 5
9 2 5 5 2
2 9 2 8 1
6 6 1 10 4
4 2 6 4 2
1 10 1 4 8
8 8 6 8 4
8 3 5 6 5
7 7 4 4 4
5 9 7 8 5
5 8 5 2 5
10 7 1 4 7
7 8 6 3 6
3 3 10 7 7
3 5 7 3 4
8 7 9 2 3
5 9 9 3 6
2 4 2 8 7
5 5 9 10 10
7 2 2 1 8
4 2 2 9 3
10 9 9 7 9
10 2 4 3 8
7 10 3 4 9
8 3 4 7 10
4 2 3 8 6
5 1 10 6 8
10 6 8 8 6
9 3 1 9 1
6 7 8 3 5
2 3 2 7 10
7 5 4 8 9
7 8 3 5 7
1 7 10 7 1
4 8 10 7 3
7 3 6 9 6
6 2 10 6 7
5 3 1 3 9
1 2 8 10 5
6 9 7 2 5
2 6 10 3 3
8 4 5 7 7
8 1 2 1 6
9 9 5 9 5
10 4 6 3 7
2 8 1 8 6
8 8 1 9 7
