n 100
m 5
cap 50
Processing
78 28 90 69 97
48 85 39 91 1
63 67 40 11 90
33 96 97 90 94
51 99 79 19 98
70 65 94 100 47
29 18 9 25 10
91 43 10 86 82
24 1 44 95 45
87 58 60 85 19
70 82 84 49 10
10 58 63 83 12
80 41 60 30 27
45 69 79 92 85
6 9 11 86 42
1 88 51 82 26
80 10 81 52 67
43 23 5 25 33
96 37 61 10 6
87 41 63 61 37
80 32 25 56 34
49 73 95 89 61
14 53 49 60 99
72 41 5 75 46
71 1 59 93 86
53 6 12 48 84
53 69 37 15 46
28 100 89 36 69
27 35 89 1 51
55 47 26 5 83
1 7 36 55 74
81 36 85 52 73
32 1 63 82 66
89 14 65 82 78
40 73 21 17 11
42 17 56 76 51
38 17 41 78 45
28 60 97 36 70
98 94 97 31 84
31 64 33 33 62
36 99 8 40 3
95 26 23 28 7
2 83 41 66 97
48 19 56 39 32
42 28 13 88 84
80 44 66 48 80
13 26 71 39 70
24 18 8 19 26
41 18 70 75 43
29 72 94 80 87
16 32 1 16 28
58 22 63 58 14
89 17 86 45 31
81 98 36 10 76
78 88 47 27 7
72 56 54 72 90
22 43 41 26 77
53 15 74 23 73
58 95 12 13 26
76 11 51 77 77
20 7 42 21 41
6 14 23 27 34
21 13 4 88 92
68 65 74 56 17
47 36 29 42 64
91 46 70 7 89
65 12 41 94 58
9 70 71 45 52
32 48 10 44 2
14 81 83 65 57
93 4 60 9 27
15 87 77 59 25
24 21 16 84 16
72 54 80 1 86
29 30 48 44 15
23 2 52 2 28
39 16 50 28 84
77 42 35 1 90
89 58 88 26 52
44 74 64 31 67
48 41 46 15 90
1 44 45 45 42
40 27 17 30 95
14 48 71 25 17
22 39 66 16 22
36 99 74 28 72
38 83 82 52 36
12 69 82 40 10
86 30 16 42 45
17 99 50 75 44
57 95 44 59 52
1 38 32 55 21
85 14 53 65 46
14 94 51 80 4
85 26 19 99 56
36 10 75 71 20
91 58 66 81 21
39 38 9 32 12
56 100 75 19 51
26 88 46 39 4
Size
2 4 8 3 10
9 2 9 1 8
9 10 10 3 10
9 7 2 7 3
9 10 3 10 8
1 6 5 6 3
6 2 4 3 8
2 4 1 5 7
4 3 4 9 10
10 8 10 1 6
9 7 9 9 4
1 10 4 10 7
4 3 5 10 6
8 1 3 4 8
8 7 10 7 7
4 5 5 6 8
9 6 2 6 6
8 3 9 1 5
5 7 3 2 1
9 2 4 9 10
9 6 10 5 7
4 5 9 7 8
7 5 9 8 9
4 10 3 1 8
9 7 2 10 1
1 3 5 4 3
1 5 1 2 10
3 8 6 7 2
6 3 1 5 5
3 9 8 3 9
6 4 6 1 4
8 8 7 3 7
5 10 7 1 6
6 5 5 9 9
4 1 5 6 5
1 6 2 8 4
10 7 6 10 5
9 9 5 3 2
9 7 5 3 4
4 9 3 3 3
7 8 3 6 10
5 9 9 8 7
5 5 1 3 2
2 10 3 9 1
7 2 8 2 10
9 4 8 4 3
6 2 4 9 9
10 6 9 4 9
5 9 5 3 4
1 8 2 3 4
2 10 10 2 7
6 3 5 7 4
8 4 2 3 2
6 10 5 4 7
8 6 7 1 2
9 9 7 5 8
1 8 4 3 2
1 1 3 5 8
2 4 2 5 3
9 9 2 6 3
6 1 7 4 7
4 2 3 9 10
10 2 3 7 7
6 6 3 2 10
5 6 7 8 1
3 9 7 1 1
8 2 10 7 9
7 7 2 2 3
5 5 8 9 10
3 4 2 9 2
3 10 5 8 9
9 2 2 5 7
10 1 6 9 8
6 2 1 1 4
8 6 1 9 7
7 10 7 2 7
9 4 5 7 8
5 3 10 8 8
5 8 6 9 5
1 10 5 3 4
3 9 2 2 9
10 2 10 10 5
3 3 5 10 5
2 10 2 9 3
4 5 2 2 1
8 3 5 3 7
1 1 8 5 6
9 9 8 9 4
8 4 1 9 10
5 9 7 1 2
2 2 10 2 9
3 5 2 3 1
7 1 3 7 7
9 7 3 9 5
1 10 7 8 1
6 9 10 8 2
2 8 10 7 2
3 3 10 8 6
1 10 10 1 2
3 5 5 2 1
