n 100
m 5
cap 50
Processing
13 38 65 91 70
75 97 61 74 22
67 50 96 86 35
97 27 88 20 39
78 42 94 10 54
54 65 74 88 78
90 87 62 25 8
44 29 100 48 5
64 67 38 83 39
16 86 86 77 12
59 26 59 73 83
97 90 44 10 82
22 36 48 78 36
81 100 90 7 40
84 96 54 64 99
47 22 60 20 43
86 38 98 68 75
32 68 27 51 80
62 43 18 21 4
9 10 65 51 6
96 46 7 36 18
21 51 49 24 25
75 82 40 13 58
13 46 51 44 38
46 46 3 34 63
11 13 16 66 58
72 10 10 28 32
62 41 24 19 18
96 97 50 92 30
100 23 8 80 34
58 26 61 16 30
89 28 39 96 8
90 90 24 55 80
19 1 78 94 9
22 79 12 37 31
17 90 61 52 31
95 8 5 63 53
97 17 9 78 7
26 61 54 90 62
87 68 70 5 100
92 80 42 74 68
84 14 29 23 15
33 13 1 86 63
46 30 63 25 67
69 89 64 90 18
46 87 45 48 6
18 43 64 88 95
73 26 80 89 47
83 30 73 33 50
46 30 69 89 88
22 60 52 48 96
1 33 30 21 54
65 40 67 54 48
46 34 96 16 44
95 22 90 54 96
72 16 60 46 34
78 4 30 51 9
3 66 41 78 59
25 84 82 70 3
28 58 13 73 85
27 86 18 54 57
34 43 22 29 27
10 95 92 99 93
42 10 51 87 1
1 69 44 84 59
25 67 27 99 90
90 75 1 55 83
72 42 52 15 74
84 38 15 1 57
99 43 91 11 10
86 36 18 66 39
1 49 72 37 83
18 66 55 80 17
98 67 16 27 13
25 22 77 15 53
13 23 1 5 61
60 49 97 73 68
56 28 62 2 92
38 16 36 33 100
44 64 64 86 64
39 13 26 62 4
48 67 52 40 60
33 77 54 54 11
66 89 11 97 93
75 45 37 14 68
42 51 89 8 98
99 37 19 10 6
30 67 1 46 25
97 74 83 62 63
58 85 58 36 52
92 8 74 49 72
11 20 72 50 87
38 2 78 29 62
43 4 50 51 9
52 87 75 79 69
9 93 18 95 79
5 75 85 82 61
85 67 8 11 44
56 87 61 23 81
13 68 6 42 91
Size
9 7 5 4 8
10 10 6 5 7
6 9 7 8 10
5 6 5 7 4
6 9 1 9 3
2 5 7 5 3
9 9 7 6 3
1 7 7 2 3
8 2 2 6 4
7 10 5 9 5
9 2 1 9 4
9 7 2 4 3
7 4 6 1 6
1 1 7 6 5
5 1 4 8 9
6 1 1 8 6
3 9 4 10 1
1 10 3 4 10
1 4 9 10 6
3 3 1 2 7
2 2 9 7 7
3 2 7 8 9
7 6 5 5 8
9 9 5 3 5
8 5 8 1 8
1 8 6 3 5
8 2 8 3 8
9 4 3 4 3
8 8 1 9 5
7 1 4 10 3
10 2 7 9 7
10 3 6 4 9
5 7 6 3 4
6 6 7 1 7
7 8 8 10 2
4 1 6 9 7
6 10 7 2 9
4 2 3 5 4
9 9 9 9 2
2 10 7 9 9
6 1 2 5 5
7 2 9 1 6
7 4 2 10 6
2 10 7 2 9
2 2 4 10 10
7 9 4 10 2
3 10 3 8 8
4 9 10 10 1
7 4 5 4 2
8 8 9 4 10
5 4 1 2 3
4 8 8 1 8
10 4 3 1 9
7 3 10 9 3
9 2 6 2 1
3 6 4 5 3
2 4 2 8 7
10 1 3 5 5
9 1 6 8 1
10 8 3 9 4
6 7 6 4 1
1 7 9 5 1
2 10 5 4 6
8 8 1 6 8
1 1 10 9 10
8 6 10 7 5
10 8 6 8 4
1 9 10 1 10
7 9 4 6 10
6 2 10 5 3
2 7 7 7 4
1 10 9 8 4
6 10 1 1 1
10 7 10 7 6
10 5 8 5 4
1 2 3 6 5
8 8 6 7 5
8 8 4 10 1
9 1 9 10 9
2 6 3 10 8
10 10 3 4 2
4 8 9 7 6
9 7 8 10 3
1 9 5 8 3
9 9 10 4 10
7 6 8 7 9
6 8 2 4 2
6 8 8 4 2
1 7 8 10 8
9 1 5 5 5
10 1 4 9 9
10 9 8 8 10
8 2 10 10 6
6 4 8 7 4
10 6 8 1 9
4 6 3 8 5
10 10 1 1 8
3 8 8 7 2
8 5 8 1 8
7 2 9 1 10
