n 100
m 5
cap 50
Processing
93 20 59 53 73
48 73 33 93 59
85 98 23 74 61
80 68 70 51 30
64 85 23 90 65
59 50 6 23 92
14 89 68 68 18
58 84 92 44 19
100 90 67 61 6
42 14 80 91 85
34 74 46 15 24
93 48 41 45 29
94 47 65 66 66
43 78 33 53 23
99 31 92 61 85
51 65 19 93 87
51 74 6 45 72
93 56 65 11 79
5 97 93 87 38
61 26 28 62 41
51 64 73 74 49
69 69 18 93 14
59 63 13 68 79
84 59 80 67 84
87 56 88 48 32
69 82 84 88 22
59 85 59 2 64
22 47 89 21 28
37 82 67 89 7
56 61 82 76 40
47 11 38 46 87
47 80 15 39 81
87 93 47 54 46
14 66 26 74 45
31 14 60 58 88
70 4 38 32 68
28 11 80 38 63
31 42 8 43 70
66 83 35 79 90
2 61 73 40 92
96 4 56 9 74
96 64 16 33 63
6 93 25 21 26
51 16 79 22 22
19 31 13 28 67
76 67 32 15 6
67 73 43 77 98
50 37 62 23 57
57 29 50 18 72
34 24 74 58 87
52 4 62 30 37
67 23 82 39 68
74 52 82 6 63
96 2 74 86 45
71 76 78 62 17
61 54 73 98 90
18 55 39 79 75
5 7 74 60 55
13 36 93 74 48
60 11 32 29 42
66 67 20 31 28
29 39 40 58 12
44 56 86 35 57
8 96 41 68 74
28 72 68 9 92
76 87 85 53 71
83 51 95 51 36
63 8 66 13 22
78 62 26 95 52
69 30 9 95 41
89 59 30 88 22
63 6 40 78 72
65 36 55 60 2
23 73 40 87 79
63 49 100 55 69
7 76 21 79 82
99 21 14 82 35
66 93 72 45 26
84 54 51 21 83
22 37 78 92 44
19 49 15 25 86
82 42 58 87 14
10 5 95 89 46
27 46 9 39 17
12 95 34 79 3
37 96 32 96 9
11 76 26 84 58
68 17 67 31 34
12 9 4 7 72
98 21 27 70 71
34 1 79 14 94
88 74 26 44 38
49 88 73 14 74
16 83 50 9 13
35 70 24 39 89
4 7 77 87 16
35 1 43 47 79
81 60 68 70 22
76 3 12 33 61
24 3 88 73 40
Size
2 6 9 2 9
3 5 9 8 7
4 2 5 6 8
4 10 4 6 7
4 3 9 1 10
6 8 1 9 2
10 6 10 4 1
8 1 4 5 6
9 4 3 2 6
1 1 2 7 4
10 8 5 2 7
6 10 2 7 7
5 9 6 7 1
7 9 7 8 3
8 9 4 10 9
2 8 3 8 6
6 8 9 10 8
6 4 1 7 2
8 2 4 7 3
9 5 10 7 10
10 5 1 3 10
7 5 9 4 4
5 4 10 1 3
2 6 9 7 2
4 10 10 5 3
2 10 8 6 3
8 2 6 5 9
9 1 9 9 6
9 10 7 3 9
1 6 4 4 8
7 4 1 3 10
6 4 9 5 4
10 2 2 10 6
1 8 6 6 2
4 9 8 6 10
2 5 7 1 6
3 7 8 1 5
5 6 9 3 7
1 10 6 10 2
2 2 8 8 5
2 8 1 2 3
6 7 6 1 6
1 4 10 4 3
6 4 9 3 5
8 10 4 1 4
6 5 5 5 8
2 3 7 10 10
4 10 1 10 4
8 6 3 3 9
1 9 10 5 8
1 7 8 10 8
1 8 2 1 4
10 10 3 3 6
4 3 5 8 9
5 3 7 9 2
7 2 7 1 3
4 9 3 10 4
8 6 3 6 8
3 5 9 10 9
8 3 3 7 1
8 1 4 6 7
8 2 5 7 10
6 7 5 10 10
1 10 8 4 10
2 9 1 8 2
2 6 5 10 3
3 9 5 8 2
10 3 2 6 6
1 10 6 6 3
8 7 10 1 6
3 4 6 5 10
7 4 4 2 1
8 10 4 6 6
10 1 2 6 5
7 3 4 10 1
6 2 5 2 9
1 7 9 3 4
6 6 8 9 2
1 3 9 4 9
8 8 4 2 8
6 5 1 7 2
7 9 5 3 8
9 8 10 6 6
9 5 8 2 10
10 1 8 5 6
4 8 10 3 4
9 4 3 6 8
4 3 1 9 3
7 5 8 5 1
1 3 6 8 10
8 2 8 8 1
3 6 9 6 3
1 10 3 6 6
1 6 6 9 7
7 9 4 10 3
10 3 3 9 7
1 4 2 5 1
9 7 2 10 8
1 9 6 9 1
7 9 2 2 6
