n 100
m 5
cap 50
Processing
12 71 2 34 13
84 38 81 36 21
51 44 56 68 40
18 17 38 84 39
72 51 23 10 62
35 73 5 14 5
46 89 99 86 84
35 51 99 75 13
18 72 71 2 25
22 87 39 97 32
98 47 42 35 27
23 57 17 78 87
83 84 88 3 42
8 88 81 23 44
81 77 75 49 20
41 16 89 93 40
22 49 47 87 98
5 24 85 78 39
98 43 97 49 2
7 85 59 50 8
80 82 95 36 87
88 100 58 43 3
64 41 48 18 9
32 24 92 73 100
78 30 32 7 82
85 66 62 66 46
100 65 58 87 58
16 52 62 66 88
85 82 42 14 80
47 100 50 54 4
57 25 70 77 74
68 91 87 74 6
88 74 60 80 3
45 5 8 47 99
36 98 59 92 41
82 94 65 29 57
2 33 46 3 53
75 49 4 30 17
57 69 52 89 73
13 20 48 25 75
51 30 19 41 15
22 9 17 95 4
53 30 77 45 14
29 51 84 70 71
100 17 21 72 89
3 35 96 40 56
59 59 25 24 75
22 67 91 91 22
75 11 90 12 89
64 14 21 76 88
25 26 69 6 57
34 87 94 9 55
47 37 53 18 83
15 2 62 57 85
44 55 46 49 52
28 30 79 11 52
84 19 65 27 98
48 24 82 87 45
67 13 16 25 1
58 37 51 30 69
30 100 80 21 25
93 70 8 42 85
21 63 97 39 9
74 47 87 100 55
75 7 71 23 54
73 9 66 98 94
15 30 63 77 29
96 62 75 87 9
83 11 78 37 37
97 98 90 54 38
71 14 22 79 93
50 2 25 39 16
23 46 96 50 72
85 45 28 94 40
19 43 66 98 16
86 34 53 25 87
99 22 28 69 28
14 61 30 95 42
57 74 48 75 75
79 88 22 6 40
35 9 76 68 12
98 91 47 48 63
3 61 90 52 61
91 4 53 81 83
13 17 10 56 90
45 91 65 56 61
50 35 90 78 92
35 71 61 100 14
54 67 10 82 13
38 68 88 33 75
72 75 13 8 63
72 94 65 36 61
38 17 50 97 34
46 98 86 98 71
39 4 42 45 63
77 52 71 3 92
44 68 94 3 88
13 79 65 98 44
81 18 81 49 39
64 62 10 6 77
Size
1 10 1 10 5
4 8 4 4 10
9 6 9 10 6
5 2 3 8 6
1 6 5 3 4
5 4 7 1 1
10 8 7 2 7
7 2 1 5 10
9 9 8 9 8
3 1 5 8 2
3 1 1 4 8
5 9 4 6 5
1 8 6 2 8
6 1 1 4 4
9 5 2 10 5
4 3 5 8 10
6 4 9 8 5
4 10 10 6 2
6 6 3 10 8
1 9 5 6 4
10 4 3 4 6
8 5 1 4 1
4 3 6 2 7
3 1 7 5 2
3 8 4 9 1
5 8 4 5 4
5 8 10 2 9
10 7 6 3 7
8 9 9 5 10
3 10 2 4 10
4 9 9 7 10
9 5 6 10 3
5 5 6 10 7
6 2 1 8 2
6 5 1 9 2
8 9 5 6 8
8 6 4 5 2
9 10 8 4 8
9 2 1 7 3
8 9 3 5 7
3 2 6 8 5
8 10 6 7 1
5 1 2 10 4
4 10 1 3 1
7 10 3 7 6
2 3 10 6 4
2 9 6 10 1
5 9 5 4 2
6 5 9 8 8
4 5 4 6 7
4 1 7 7 5
1 5 6 6 3
5 2 5 1 10
2 2 10 10 4
4 7 3 1 7
4 7 10 2 4
2 8 2 2 9
7 3 2 4 3
9 2 7 7 1
3 8 5 2 8
8 1 9 2 5
8 5 1 4 5
10 7 1 6 4
6 6 6 10 3
5 2 7 7 5
1 10 7 3 8
9 1 10 10 4
3 6 2 2 7
3 7 5 4 10
5 7 7 6 1
8 9 8 8 8
6 3 1 3 9
2 3 5 7 9
7 10 9 5 4
8 10 1 4 4
1 10 4 8 8
4 4 4 10 9
7 7 7 6 7
9 6 3 6 8
4 4 5 10 2
10 9 7 2 10
2 1 1 3 3
3 2 4 4 3
5 8 5 7 6
6 3 10 2 6
9 4 7 1 10
4 10 2 8 4
4 10 6 4 2
3 2 10 4 3
10 1 4 8 7
6 7 7 2 5
3 6 10 9 4
1 2 5 1 4
3 2 7 6 5
9 1 1 3 8
6 7 3 7 8
10 1 6 8 5
2 10 9 2 9
4 10 5 3 3
6 3 2 1 7
