n 100
m 5
cap 50
Processing
46 27 90 67 74
48 27 53 28 10
21 67 11 8 73
97 31 63 57 40
6 94 61 70 45
64 27 26 97 67
76 86 38 6 41
24 5 52 59 85
65 72 40 8 44
48 15 7 81 39
87 30 53 30 26
37 70 38 70 34
22 84 76 51 3
43 63 26 83 89
16 88 67 57 78
23 78 10 94 30
63 40 84 57 4
28 80 94 54 82
77 20 83 58 32
21 71 86 86 67
68 24 26 20 70
41 32 22 24 75
51 83 56 2 98
21 81 88 76 89
91 71 56 45 19
73 48 13 15 86
95 4 78 8 63
21 38 31 46 82
60 79 41 49 12
79 84 99 2 35
89 51 39 88 33
84 11 6 62 68
65 10 62 7 82
21 85 37 13 55
19 37 31 28 43
93 28 28 23 82
79 14 44 72 14
21 66 36 28 70
81 86 72 66 18
13 71 56 79 8
13 8 23 42 46
85 6 44 54 24
92 85 83 52 53
99 42 58 16 92
99 70 48 91 45
89 6 99 69 20
58 57 51 23 41
10 91 20 37 1
71 93 37 84 38
75 8 98 39 8
55 87 75 2 58
58 11 98 12 46
10 33 20 86 96
42 89 84 82 92
76 73 94 15 63
38 17 81 12 66
54 78 89 37 12
75 98 88 71 55
82 48 92 2 56
16 41 12 59 53
52 33 76 5 71
6 43 57 86 34
82 20 45 17 54
43 36 69 24 47
87 54 68 78 5
66 22 44 67 98
50 66 5 96 31
71 6 19 28 41
51 88 17 61 58
53 17 99 79 100
68 20 76 94 63
42 39 25 77 51
34 87 11 17 26
62 19 67 20 51
84 18 88 37 79
30 73 71 64 51
66 30 20 61 38
99 6 40 24 86
23 47 76 15 25
28 40 56 96 50
91 66 85 77 5
42 65 59 91 23
19 24 59 50 17
100 81 2 98 93
93 71 57 73 98
97 18 50 43 32
75 61 60 50 94
52 25 17 4 1
26 95 18 43 36
11 46 100 19 56
56 89 90 72 44
88 18 6 4 35
40 3 36 30 44
83 55 28 84 81
57 68 27 99 74
52 11 31 17 78
93 47 68 33 48
71 95 71 44 23
2 1 37 53 13
31 95 26 93 87
Size
9 9 5 6 10
10 9 4 7 10
10 5 2 8 10
10 9 6 7 4
2 6 5 4 5
5 2 2 9 2
7 2 1 4 5
6 10 3 2 2
3 2 9 8 5
6 3 2 9 4
8 9 2 9 7
1 7 3 9 2
10 8 7 2 4
7 4 6 3 9
1 2 1 3 5
6 9 8 10 5
4 4 5 7 3
7 1 3 2 10
5 6 5 8 5
8 4 5 2 7
5 9 8 3 9
1 3 10 1 5
3 1 1 10 1
9 3 9 9 8
5 4 9 5 10
2 7 9 6 5
7 1 10 3 9
9 6 3 7 7
1 6 2 9 6
4 9 7 2 4
5 5 2 8 8
5 7 4 2 8
2 4 3 1 1
8 1 4 2 1
7 9 4 9 3
4 6 8 5 9
4 3 6 5 8
5 6 5 7 6
8 7 3 3 9
10 5 8 7 4
3 1 2 7 4
5 2 8 1 6
5 5 9 2 3
6 8 1 6 1
1 3 10 7 7
5 1 4 10 3
6 6 2 1 5
5 2 3 2 4
7 9 8 4 2
8 5 3 8 1
10 1 5 4 6
6 10 10 10 2
10 8 1 2 2
6 9 3 8 2
2 9 5 1 3
3 2 5 8 2
7 4 8 2 5
2 8 3 3 8
5 8 9 9 7
5 5 2 9 2
8 5 1 6 4
6 1 1 9 6
7 6 8 6 4
9 5 7 8 8
9 8 1 10 1
1 9 3 6 5
4 6 7 7 9
10 5 2 1 7
3 5 3 3 10
10 9 9 4 7
2 7 8 7 3
8 4 1 5 8
7 6 3 8 7
8 10 1 5 7
10 10 1 9 6
5 10 3 2 8
1 8 8 9 8
6 5 3 3 8
4 8 1 5 8
8 4 3 5 10
10 8 2 4 4
5 7 1 4 1
1 5 8 2 2
3 2 5 4 7
9 4 10 1 4
10 5 5 7 4
6 9 1 1 4
6 1 6 2 3
7 10 6 1 8
8 1 7 8 5
8 10 5 10 1
6 7 3 5 2
7 1 5 9 8
9 5 2 9 7
8 3 10 8 2
8 1 4 2 8
8 2 10 1 4
4 7 3 4 3
1 9 4 5 10
10 8 7 2 5
