n 100
m 5
cap 50
Processing
42 53 54 64 43
43 5 25 64 47
47 17 26 3 65
71 89 2 25 99
73 63 1 89 31
62 26 16 40 27
56 12 69 95 54
26 34 50 21 89
6 75 53 29 2
72 95 100 96 56
95 80 68 90 89
8 37 95 94 45
72 63 83 83 28
49 9 35 72 2
50 69 94 50 58
22 4 10 12 35
94 97 80 43 37
6 96 96 7 31
92 86 49 33 66
84 89 51 47 44
88 19 8 88 53
4 32 97 53 64
6 37 70 52 12
90 7 12 22 41
34 13 90 24 16
4 67 61 72 39
88 95 61 55 57
52 29 48 78 42
81 89 14 72 81
56 18 35 81 54
60 71 84 88 76
1 57 48 72 75
24 83 12 33 51
21 91 42 47 10
28 63 34 51 72
10 58 18 26 99
25 27 66 27 24
73 57 83 49 7
20 16 95 90 14
52 47 25 61 100
87 34 15 10 28
3 76 3 31 78
38 12 14 59 23
1 46 19 23 58
100 8 26 64 16
1 48 96 26 3
9 33 78 39 20
43 12 82 5 72
23 23 54 95 38
59 23 100 88 3
32 37 97 23 100
58 13 76 79 82
3 9 69 16 76
32 42 57 29 6
90 87 37 18 81
71 3 39 8 2
98 50 61 7 2
45 67 12 60 93
63 12 46 85 22
66 57 32 24 27
22 61 31 49 5
69 43 18 76 49
16 36 19 83 81
23 50 63 3 61
53 22 14 78 89
75 1 90 96 93
71 21 51 93 64
43 95 51 34 44
75 60 67 63 98
69 27 23 84 96
51 37 25 65 27
96 11 33 12 6
40 2 89 94 49
89 81 66 43 4
7 67 59 48 54
56 80 36 31 25
56 70 76 8 5
44 91 24 32 88
41 83 39 21 38
4 13 50 36 83
86 4 35 15 97
58 69 20 30 27
11 25 17 54 57
99 81 63 16 54
40 26 36 59 85
95 29 6 70 59
70 58 7 99 88
26 27 25 47 67
23 17 17 39 81
43 36 52 13 80
28 71 15 89 26
77 68 22 96 81
47 7 99 70 31
53 65 2 63 80
38 71 77 31 41
35 68 24 11 49
75 20 14 48 75
40 8 29 76 95
88 80 91 70 50
15 30 9 62 93
Size
7 1 10 1 5
9 7 2 5 8
10 1 8 3 7
5 10 8 6 10
7 6 3 3 5
1 6 7 8 6
9 10 5 6 2
10 2 6 5 3
10 9 10 3 5
10 5 6 3 10
6 5 7 5 9
9 8 3 4 6
6 9 1 9 1
6 4 1 1 5
7 10 3 1 3
5 4 10 10 4
5 5 1 1 7
3 2 9 1 3
5 7 10 9 10
4 3 10 5 3
9 1 7 5 2
5 10 2 2 6
9 1 4 4 2
10 9 3 6 4
3 5 6 10 8
3 6 8 7 2
1 5 10 1 8
8 7 2 5 2
7 3 5 8 9
3 7 3 7 7
2 9 7 9 9
6 3 7 8 3
9 8 10 5 1
3 3 1 2 3
4 8 8 4 3
1 3 9 3 4
8 2 3 3 3
5 3 3 5 7
10 7 4 5 6
8 4 6 4 1
10 8 4 3 6
4 10 1 4 4
6 4 1 7 8
4 5 2 5 8
2 9 8 7 4
3 9 4 10 9
2 9 5 10 5
2 3 10 7 10
9 6 7 6 7
1 7 9 5 3
9 2 1 1 2
5 4 6 1 7
5 1 7 8 2
8 8 5 3 5
8 1 4 7 7
3 1 9 3 5
4 4 1 10 1
6 8 5 4 1
7 2 6 10 2
5 8 7 8 5
7 10 10 4 10
5 4 10 6 7
2 1 8 5 9
4 6 3 5 9
5 8 7 8 9
10 7 7 9 7
9 5 6 8 5
5 1 9 9 6
9 6 2 4 8
6 1 3 7 10
7 6 4 9 9
6 7 1 8 7
4 5 8 5 7
5 5 1 8 6
1 1 2 5 9
9 6 4 1 6
4 9 3 10 7
2 1 4 5 1
2 4 8 9 10
1 8 6 4 7
7 3 2 2 9
9 8 7 10 2
5 7 7 7 10
9 3 8 10 8
10 6 1 6 5
7 6 8 1 2
9 2 1 7 4
9 1 8 10 2
1 6 2 9 10
2 8 10 10 9
2 6 9 5 1
5 1 5 4 1
2 9 6 9 3
10 7 7 1 5
4 2 3 2 6
9 3 4 3 8
10 6 10 4 5
2 8 1 2 10
9 5 10 1 4
1 3 2 10 10
