n 100
m 5
cap 50
Processing
97 86 98 77 42
93 95 27 49 49
39 41 17 85 84
1 32 55 100 66
81 66 55 9 45
38 93 83 96 53
57 12 11 52 78
66 8 54 35 70
77 98 50 7 53
5 47 18 70 47
53 85 40 24 58
31 30 56 42 56
70 78 91 84 7
80 30 43 13 32
19 74 51 57 29
10 17 31 46 14
98 74 7 13 68
38 41 43 61 18
2 9 16 9 25
87 7 17 91 42
7 49 89 3 91
99 13 58 4 58
66 41 77 81 96
31 32 21 14 54
17 88 54 23 64
100 63 71 12 3
42 30 76 24 98
74 23 91 2 84
65 27 12 51 65
75 8 35 89 57
7 79 53 47 43
78 25 37 54 69
47 38 55 19 9
80 13 96 62 79
12 16 58 36 48
54 32 76 24 14
45 34 74 97 6
6 66 21 46 55
76 17 49 27 85
39 77 49 78 99
25 28 33 3 27
29 47 57 12 90
4 78 77 74 78
99 79 98 1 22
20 2 28 94 88
11 29 100 93 61
80 66 43 76 14
89 87 96 5 82
9 36 42 70 28
76 25 1 67 60
75 64 24 49 74
81 27 7 1 43
5 18 1 60 32
7 54 66 13 98
36 8 78 18 47
7 85 30 58 18
43 92 93 65 42
87 24 96 55 34
56 48 94 97 41
57 42 57 8 43
33 76 64 30 79
85 25 77 44 34
20 33 66 17 80
73 1 7 51 97
53 6 12 91 92
4 89 91 16 62
67 50 58 81 83
43 58 69 68 51
4 6 46 40 20
71 52 36 7 28
88 28 49 5 12
70 97 41 98 37
49 37 10 30 69
91 59 30 45 14
70 64 1 13 59
32 84 83 76 5
93 19 51 19 8
69 73 56 48 33
99 97 21 26 66
89 43 21 72 94
51 1 92 4 51
39 2 40 99 44
69 80 89 91 57
62 71 90 12 47
64 94 80 23 28
99 6 34 67 71
17 46 45 3 59
83 59 81 93 68
24 63 61 72 20
42 8 4 44 33
77 5 71 70 28
97 80 34 78 28
82 76 2 31 44
9 43 35 48 28
80 18 84 7 94
26 87 68 76 80
81 28 64 37 16
54 18 52 26 83
20 59 17 26 94
85 2 26 55 60
Size
7 4 4 7 4
5 6 6 1 7
6 3 5 1 9
9 8 1 7 10
8 7 4 1 3
7 9 5 7 6
1 5 8 5 2
7 8 7 10 3
6 5 6 4 2
10 2 7 4 1
1 3 7 9 10
6 7 3 7 6
7 6 8 2 6
9 4 5 5 6
5 1 3 2 2
6 10 1 4 7
5 3 9 10 2
9 9 1 8 8
7 5 10 5 9
5 8 6 10 7
5 1 9 3 10
8 7 5 2 2
8 4 5 10 9
1 3 5 9 10
9 7 5 2 6
8 9 5 7 5
5 5 1 4 7
3 8 3 8 1
10 8 2 1 7
1 7 6 3 8
8 3 5 8 8
7 10 5 1 8
3 7 1 2 10
5 7 8 1 7
3 1 3 1 5
1 9 9 4 1
7 10 7 10 3
8 4 4 1 10
8 7 4 4 10
5 6 3 2 1
6 6 2 10 5
9 6 7 5 9
2 8 3 7 7
4 6 8 10 4
3 2 4 4 8
6 10 2 6 7
6 10 7 9 3
6 5 2 10 3
6 8 3 7 8
2 10 7 8 6
4 9 6 6 10
6 3 5 5 1
3 7 2 1 10
10 1 3 6 10
9 8 6 10 7
4 2 6 3 1
8 3 7 6 9
8 5 5 4 6
7 9 2 8 2
9 7 8 7 10
7 7 4 6 2
4 1 2 1 9
8 6 3 8 5
6 10 8 3 5
10 3 5 4 3
5 4 2 7 9
4 10 2 9 4
10 2 10 4 9
7 10 4 4 3
7 9 4 3 4
5 9 4 3 2
9 7 1 5 6
4 7 4 3 10
1 8 6 10 9
5 1 6 3 1
9 4 1 9 6
5 6 5 9 8
9 5 1 9 9
2 10 10 3 6
7 9 4 4 5
1 7 4 6 2
6 1 4 8 4
1 9 9 2 9
9 6 9 2 5
4 2 5 9 6
3 1 9 6 4
6 7 8 10 9
10 3 9 4 2
8 7 8 9 6
4 1 4 9 5
6 8 10 4 7
7 4 9 9 9
8 9 8 7 8
10 9 9 3 6
9 6 2 2 6
9 6 4 2 2
2 7 1 10 9
8 9 5 3 5
10 6 9 1 8
3 10 5 10 6
