n 100
m 5
cap 50
Processing
17 4 62 11 55
95 68 54 49 10
23 39 84 45 48
35 55 46 73 34
90 73 92 92 4
51 89 93 26 86
29 93 41 64 5
43 74 1 40 90
55 91 61 57 54
76 72 84 54 18
1 90 36 29 52
10 35 88 54 55
87 22 36 33 11
67 9 36 42 54
35 28 21 54 82
13 35 99 65 2
86 3 76 77 25
15 43 5 92 37
6 66 65 95 26
86 93 93 93 85
73 100 90 87 23
26 43 44 75 87
87 50 24 51 46
61 2 72 28 83
27 1 2 25 34
68 86 52 26 68
8 22 73 50 7
3 10 39 22 34
70 91 24 27 95
22 66 25 26 5
94 58 30 10 66
46 29 70 43 46
82 28 9 94 87
83 86 16 95 44
91 45 68 35 55
84 36 86 78 52
61 42 19 52 63
37 74 7 45 7
26 33 50 36 55
83 5 19 51 92
76 94 46 64 83
57 26 36 96 9
23 32 12 63 80
21 14 98 56 52
65 68 70 98 83
39 26 75 84 38
65 53 37 31 69
55 97 52 100 100
30 54 28 28 70
79 18 94 54 79
71 52 55 85 28
93 23 68 63 96
27 56 60 5 4
64 67 31 56 16
77 62 76 94 16
65 11 95 26 58
28 73 2 66 48
60 63 95 12 12
59 76 56 39 50
70 96 38 72 86
18 83 38 63 89
61 77 35 12 71
57 65 55 53 20
96 5 54 31 21
14 57 36 45 16
86 12 36 71 51
33 60 4 43 12
68 39 49 7 55
19 64 36 17 71
91 23 26 88 21
46 6 37 5 22
11 5 95 80 98
62 21 92 63 81
12 19 48 38 50
52 30 27 53 58
56 56 26 65 60
8 58 77 87 86
2 85 55 2 25
77 72 23 23 92
12 76 7 15 48
78 98 41 65 32
28 18 52 86 17
66 77 3 25 32
41 77 21 40 13
39 12 56 75 17
32 87 68 80 40
23 38 42 69 17
39 44 88 47 60
48 24 20 96 66
96 9 65 9 77
33 8 67 43 61
19 50 33 6 95
33 32 27 10 4
46 23 14 69 58
46 62 66 50 43
88 82 100 45 62
71 22 80 68 73
77 41 20 84 80
55 82 92 80 46
16 84 85 41 24
Size
3 1 1 8 9
8 6 3 7 1
4 4 3 7 2
9 1 9 8 9
5 2 1 5 1
6 10 9 7 6
9 8 8 4 7
3 10 1 5 10
8 10 3 2 6
2 2 3 1 7
6 8 1 3 5
5 4 4 3 4
2 7 4 6 6
9 1 2 2 4
9 9 9 2 8
6 8 1 4 8
8 4 4 9 5
7 4 6 8 2
2 4 5 4 7
1 10 2 7 2
10 5 7 1 5
1 3 5 8 1
1 2 2 9 8
7 1 8 5 6
4 8 1 10 4
10 6 9 10 3
3 1 10 2 2
1 8 9 10 8
10 9 8 9 4
10 9 3 9 5
7 10 4 1 8
9 3 7 7 7
1 10 7 6 10
2 8 2 8 3
4 3 4 4 5
9 8 2 7 7
2 8 4 6 2
10 9 9 7 3
3 10 7 3 5
9 3 7 5 9
7 2 7 7 7
6 9 2 10 1
6 3 1 9 5
1 4 3 1 2
10 3 9 8 10
2 1 9 3 3
9 4 9 9 2
4 2 7 6 2
7 4 10 8 1
10 7 5 7 7
8 7 4 7 4
5 1 2 8 6
7 7 5 7 2
8 9 5 1 5
7 5 5 3 8
3 9 10 10 10
8 10 6 3 4
2 1 7 8 7
9 1 6 8 9
2 8 1 10 10
6 9 9 7 10
10 2 1 2 2
4 3 5 5 3
7 3 9 6 3
3 3 10 8 5
6 4 8 10 5
5 5 3 8 5
3 7 9 5 1
4 10 8 7 6
6 10 6 8 1
6 3 3 10 1
8 8 5 2 2
1 3 5 8 6
6 5 6 8 10
2 6 10 2 7
8 8 10 7 1
6 6 8 2 4
8 6 4 3 3
7 10 3 6 3
9 4 3 7 6
10 10 3 3 1
2 3 9 1 4
3 5 4 2 10
8 4 4 5 3
3 3 7 5 6
2 4 2 1 1
2 1 9 2 7
10 1 7 3 1
4 5 2 3 9
7 5 4 2 2
8 4 6 8 10
4 5 7 8 2
7 8 4 4 10
1 9 2 7 5
5 7 3 9 3
7 4 2 10 1
9 8 3 7 2
9 5 8 5 8
10 1 8 3 7
7 10 9 4 5
