n 100
m 5
cap 50
Processing
37 99 25 76 34
80 55 20 57 3
32 22 55 17 50
92 17 16 6 47
20 50 16 25 82
13 99 45 30 51
89 64 65 12 33
82 94 18 15 18
71 93 89 49 73
64 2 49 95 80
40 38 33 21 81
25 4 87 52 16
18 44 22 96 27
99 6 23 76 37
95 60 100 17 60
51 58 25 99 6
32 39 25 1 39
29 62 82 49 89
94 33 36 48 53
75 20 86 86 15
35 73 38 13 30
17 45 48 35 39
90 51 14 89 68
79 72 7 51 20
65 15 61 5 90
69 84 95 50 3
54 14 33 48 41
15 28 29 41 1
54 71 22 90 25
9 7 71 86 86
91 38 76 3 99
61 25 41 72 86
33 25 12 57 73
94 1 83 2 88
71 36 7 58 59
5 17 77 99 19
59 39 72 7 54
3 11 22 77 4
20 49 53 54 50
80 32 46 3 16
2 99 67 12 41
56 34 58 45 5
85 47 50 80 7
39 22 58 15 73
64 89 19 88 51
41 16 57 34 49
41 35 71 74 30
25 8 47 49 21
49 28 4 55 30
76 96 51 52 71
89 45 76 27 94
61 61 98 96 89
82 9 90 33 100
74 87 37 21 19
37 56 46 80 67
36 92 65 55 42
81 91 33 49 64
94 58 61 10 4
22 41 90 74 10
97 17 6 81 95
67 17 45 90 50
13 45 17 60 52
76 8 4 39 63
78 65 70 41 38
66 70 81 55 89
23 26 49 67 45
2 27 19 21 21
22 39 94 39 74
23 17 88 37 2
69 44 47 22 19
49 34 70 50 15
12 72 71 39 20
23 31 88 20 33
88 93 57 44 55
32 98 68 26 56
26 86 64 21 56
7 53 47 37 56
19 2 72 21 18
51 40 10 43 62
30 36 87 39 57
3 27 98 48 93
98 3 68 67 83
81 63 77 95 58
34 92 92 12 51
20 58 94 10 100
64 61 61 17 93
7 86 31 10 55
96 98 36 60 36
33 43 42 92 75
3 71 28 25 70
100 45 79 48 88
57 62 71 38 57
3 81 44 36 98
88 6 28 100 16
27 12 59 89 56
77 79 55 25 42
60 27 33 85 26
19 97 4 47 25
38 69 67 63 29
71 48 98 1 59
Size
2 10 10 5 6
2 4 6 4 1
4 9 2 7 1
6 9 9 8 5
1 10 5 4 1
5 9 8 6 8
8 8 9 5 6
8 6 3 8 5
9 2 4 4 6
6 6 10 6 2
10 5 6 7 7
10 7 5 3 1
5 4 3 5 9
3 8 1 6 5
7 5 7 4 1
8 4 6 6 6
6 5 1 10 1
7 2 10 2 8
5 7 8 10 5
5 2 7 2 3
8 10 6 9 9
6 2 5 8 6
10 5 6 4 10
7 9 9 7 1
7 9 8 6 6
9 5 3 4 10
8 3 2 9 8
6 2 10 10 9
9 10 5 9 10
9 6 6 2 3
8 4 9 8 3
4 1 6 1 10
3 2 6 9 1
5 3 9 9 2
8 3 1 3 2
1 2 7 10 2
8 8 1 4 1
1 2 6 4 1
1 3 10 10 9
9 5 1 6 5
7 8 6 1 5
6 5 8 2 4
2 10 2 5 2
4 6 3 5 8
1 6 9 6 6
5 10 9 6 10
4 1 10 1 7
5 9 4 7 7
3 10 7 10 3
3 5 5 4 3
10 9 8 10 7
10 3 1 3 10
10 2 3 2 1
3 10 6 6 1
8 3 9 6 10
1 4 3 9 2
3 10 2 9 2
8 6 10 7 5
3 4 3 6 8
6 10 3 3 9
2 8 3 1 6
2 6 5 4 3
6 7 9 9 6
4 1 7 2 10
4 7 3 2 2
8 2 1 5 3
8 6 9 3 8
6 8 3 6 2
8 4 10 2 4
9 3 9 3 4
4 3 8 8 2
7 2 6 6 4
9 9 8 3 10
7 7 10 3 3
8 4 2 9 2
6 3 2 5 10
4 10 10 8 10
3 4 4 4 4
6 5 5 8 8
10 9 5 1 4
6 8 5 1 7
2 3 4 10 10
7 4 1 10 2
6 8 8 7 8
8 8 2 8 5
5 9 10 9 8
7 2 7 7 3
4 6 5 7 7
9 8 8 7 1
6 4 2 2 1
2 8 2 8 3
4 7 9 9 7
1 8 9 1 8
5 4 7 7 6
7 4 6 4 9
2 6 7 8 4
7 7 1 10 9
10 8 10 8 4
4 7 4 9 8
6 9 3 8 7
