n 100
m 10
cap 10
Processing
26 97 49 57 66 77 28 82 46 5
20 87 28 33 19 28 64 39 61 45
81 19 67 21 31 11 14 69 44 61
37 24 61 81 49 12 35 4 80 87
42 70 71 54 80 3 3 18 77 65
64 59 93 100 50 64 99 48 11 19
4 5 66 58 51 9 53 46 70 4
98 52 78 10 76 70 54 28 68 78
59 96 46 68 33 90 50 81 14 79
36 82 68 61 47 77 33 61 30 29
80 99 67 5 30 7 61 97 72 77
34 41 41 73 37 14 62 45 38 57
39 52 17 84 75 33 54 24 49 29
3 90 32 66 63 46 64 1 49 15
87 47 59 93 83 100 34 22 57 7
52 10 51 36 7 56 96 78 70 5
48 3 20 93 90 80 28 73 37 17
97 81 27 63 91 50 85 1 79 84
4 81 93 35 21 78 78 40 28 51
59 11 18 34 62 54 97 82 72 70
43 28 31 68 78 56 79 69 5 86
56 48 38 25 93 84 67 90 45 99
8 93 45 62 44 86 71 70 16 46
41 51 65 6 45 71 45 32 74 14
52 38 92 65 50 31 62 32 6 36
19 39 34 34 56 94 90 19 14 62
62 34 13 78 34 54 43 33 91 48
41 98 5 48 58 46 87 75 13 24
45 23 26 60 14 18 27 20 89 21
75 43 52 94 69 2 23 10 76 27
13 48 3 97 77 84 57 37 33 19
86 27 54 91 1 100 92 7 37 16
82 62 26 28 33 36 20 2 98 19
13 87 95 54 76 47 61 76 38 73
81 27 77 1 3 59 1 40 18 5
38 1 43 33 33 78 47 7 1 15
49 21 46 40 3 57 1 77 20 48
11 38 13 37 33 46 82 62 81 21
92 15 54 79 7 55 9 38 67 54
20 38 31 51 72 33 70 50 87 92
83 93 68 7 59 39 86 28 41 25
45 19 98 45 7 3 75 52 36 70
19 97 34 81 32 81 13 89 95 84
95 47 44 17 89 86 22 37 16 64
57 96 6 73 68 54 46 77 79 79
34 34 11 3 58 89 70 61 84 14
85 42 44 16 43 9 99 85 2 57
12 47 90 17 89 50 96 34 72 56
29 97 54 57 59 4 23 5 29 47
61 31 34 27 32 75 89 44 88 50
92 71 9 34 15 93 80 3 82 42
80 57 41 53 2 82 37 64 68 24
12 26 93 83 81 98 53 17 96 17
30 31 97 9 93 2 55 45 85 77
53 60 34 99 82 32 92 18 15 39
56 42 35 21 93 68 34 12 83 22
26 51 80 55 53 14 83 78 62 92
39 63 64 54 91 20 23 27 50 78
13 16 2 31 18 86 64 39 37 41
95 13 66 32 26 8 5 49 80 82
74 50 78 50 16 23 75 96 97 60
82 25 4 48 23 91 8 16 6 8
28 94 84 28 80 63 78 98 64 58
77 29 49 56 20 69 10 89 7 24
41 99 25 12 62 79 60 53 95 41
63 58 21 67 11 2 71 83 33 14
16 92 87 30 98 30 60 48 58 41
61 36 46 28 20 32 57 48 77 10
54 45 66 49 25 92 49 69 83 81
81 95 55 89 77 21 70 51 25 80
19 82 70 91 28 19 64 46 96 63
5 42 68 76 31 2 71 33 54 51
69 45 22 8 52 21 6 67 49 54
10 34 16 66 40 34 84 37 2 5
20 16 11 62 52 20 99 74 57 55
86 16 99 23 81 67 49 20 52 68
12 66 3 86 68 35 61 87 95 95
46 78 83 10 3 50 63 8 27 51
94 96 26 100 84 70 18 30 44 10
34 86 60 26 47 52 49 80 27 21
75 56 15 52 78 70 58 70 78 46
74 62 3 38 56 46 93 77 55 50
16 66 91 38 62 8 78 68 2 38
99 94 9 96 61 67 50 5 14 32
70 61 28 19 47 76 85 92 82 50
40 48 5 45 21 56 18 47 22 62
14 97 5 64 2 27 36 7 29 72
43 87 1 20 40 41 20 21 13 75
80 39 52 90 73 25 82 25 40 77
81 100 93 46 54 73 7 88 7 64
2 62 57 6 76 59 75 17 84 8
54 49 44 62 34 49 80 24 25 8
31 6 63 86 59 63 63 38 26 36
4 43 75 27 64 49 37 33 23 35
66 57 52 45 48 33 72 49 29 100
54 22 39 57 56 66 88 68 22 93
35 51 74 65 87 89 23 24 70 99
58 87 91 97 34 13 97 31 93 1
45 23 31 64 45 14 31 60 36 34
18 16 75 2 94 26 41 66 24 92
Size
2 10 9 3 3 2 7 2 8 2
8 6 1 1 3 4 9 10 4 10
3 5 6 4 6 10 7 8 3 7
3 1 6 3 6 6 8 9 8 3
6 6 8 6 3 9 5 7 5 3
2 7 3 8 2 10 7 3 3 7
9 2 3 10 7 4 10 9 6 8
6 10 2 7 5 10 6 3 5 7
10 5 5 3 3 4 7 6 3 4
7 9 4 4 10 4 10 3 3 10
6 1 4 10 10 5 10 6 2 2
7 9 9 9 9 6 1 7 10 9
9 9 2 2 3 9 4 10 8 2
2 7 6 9 9 3 1 3 3 3
4 10 7 7 5 10 7 2 5 9
9 10 4 6 10 4 3 9 7 4
3 3 6 3 9 3 9 3 2 2
5 8 4 6 4 3 7 1 2 8
4 3 1 3 6 6 5 4 7 3
5 6 5 3 1 6 9 7 10 9
9 10 3 10 3 2 6 3 1 6
4 10 2 4 6 1 4 9 5 7
6 2 6 2 5 1 9 9 5 5
9 10 5 7 9 6 10 6 4 4
4 10 1 6 6 8 1 10 2 5
3 9 4 3 7 10 10 7 6 1
3 4 10 7 3 5 1 10 5 6
6 1 6 7 2 4 7 8 1 10
1 7 5 2 5 3 6 10 1 9
8 3 4 9 1 5 3 7 1 1
6 9 8 3 10 10 8 7 8 2
5 6 4 8 4 7 2 5 3 6
9 7 5 1 8 5 4 9 8 2
2 1 6 2 7 5 2 9 8 7
6 8 7 2 10 5 9 2 4 10
1 4 2 3 4 1 6 1 7 9
1 8 2 4 4 6 4 5 8 3
10 2 5 6 8 2 2 5 3 2
2 8 5 9 6 9 9 9 8 2
1 5 1 9 2 6 10 3 8 9
9 10 8 1 9 9 9 9 4 3
7 4 3 4 2 7 9 1 9 2
7 9 3 7 9 2 2 3 1 6
10 8 9 5 9 9 3 7 5 9
4 10 1 10 7 5 4 7 6 8
9 7 5 3 3 5 7 2 6 1
3 9 6 10 5 6 9 3 10 5
4 9 7 8 5 8 6 8 10 1
9 2 9 6 8 5 7 7 10 4
2 8 10 7 1 1 3 7 9 6
1 1 10 2 2 6 6 5 9 4
2 9 7 9 8 8 3 7 5 4
7 9 5 10 9 10 2 2 6 2
5 1 10 10 6 1 9 5 5 9
8 10 5 2 7 1 4 7 4 7
7 4 9 3 1 1 6 2 8 10
10 9 6 5 10 7 5 5 8 3
10 2 6 3 5 5 7 3 6 4
4 7 9 10 7 3 2 1 3 3
3 5 7 8 8 7 8 9 1 5
9 9 6 5 4 8 4 9 5 8
2 3 6 1 2 3 4 1 5 2
7 6 7 10 10 7 1 8 10 7
10 4 1 3 4 2 5 5 9 3
5 6 7 2 4 1 9 8 9 1
5 9 6 3 3 1 1 4 8 5
6 5 4 7 4 1 8 10 9 2
7 6 5 7 1 10 2 4 6 8
9 5 2 10 10 9 6 5 7 8
1 10 5 3 7 8 8 10 4 3
2 7 5 8 9 2 5 3 8 10
4 8 8 8 6 3 7 3 2 2
4 9 6 1 6 10 9 8 1 5
3 1 8 2 10 2 7 9 3 8
2 10 7 4 6 9 4 4 2 4
2 6 8 5 5 6 1 1 3 4
3 2 6 7 9 6 7 3 2 9
7 6 5 3 4 5 4 7 5 3
1 4 2 10 5 3 9 9 3 7
3 7 8 8 7 8 6 2 5 7
9 6 8 5 5 2 4 9 3 4
7 10 8 4 8 1 6 2 9 6
9 2 10 8 7 7 8 6 3 1
7 2 1 5 5 3 10 10 3 2
1 6 1 3 3 3 3 2 3 7
7 6 9 2 2 10 3 8 1 2
4 10 5 3 10 7 1 7 9 4
1 3 10 8 6 4 1 6 2 1
1 10 5 9 5 6 4 8 8 3
10 3 5 9 7 7 3 9 6 5
10 4 4 2 1 1 4 5 2 4
7 3 6 5 1 8 9 6 4 2
5 4 9 2 2 3 9 5 8 10
7 9 3 6 6 2 7 5 2 9
6 4 5 10 7 10 5 6 7 2
7 1 6 2 2 5 1 9 5 4
4 9 2 10 2 2 6 6 10 7
9 2 7 8 9 10 9 3 9 5
7 6 8 3 9 8 9 3 1 2
8 8 3 4 3 8 6 1 9 10
