n 100
m 10
cap 10
Processing
57 74 40 53 16 100 27 14 15 43
87 85 16 14 6 32 5 63 28 78
27 78 33 90 73 19 12 1 6 23
94 46 63 22 96 17 8 27 76 50
42 10 97 39 71 12 58 72 95 84
19 13 61 88 52 57 26 6 97 43
89 63 35 58 3 10 64 31 64 58
48 3 1 42 56 8 55 28 3 27
56 83 68 69 77 56 39 32 62 88
93 22 32 41 21 51 99 72 29 36
20 31 80 7 98 94 55 2 96 33
45 48 25 85 39 82 12 27 6 16
69 16 93 32 26 43 82 88 32 59
25 23 52 89 43 85 100 47 39 79
49 58 13 44 6 44 4 65 8 94
88 32 75 45 24 45 86 92 35 47
70 74 77 19 19 60 9 28 9 35
31 42 6 92 29 49 39 83 40 87
8 42 44 81 6 41 75 26 47 88
65 70 40 87 6 95 5 12 12 44
29 40 8 60 29 69 25 54 82 70
98 90 91 17 1 40 50 31 35 64
92 48 99 55 22 20 40 70 27 99
59 7 57 27 43 24 30 1 6 76
36 91 4 80 70 34 15 53 95 95
86 100 43 85 35 36 95 31 84 96
62 39 22 4 86 81 25 27 29 45
87 31 20 59 7 29 39 15 100 32
33 99 74 15 80 59 79 16 90 24
46 14 82 40 88 14 75 95 20 84
20 63 7 68 22 83 83 28 14 95
46 11 63 90 80 18 24 83 22 53
11 12 84 91 98 74 59 14 25 85
18 6 48 97 55 10 70 18 16 98
90 43 80 90 44 84 20 28 56 24
98 3 40 63 14 43 65 13 50 56
16 98 49 96 88 19 24 19 55 81
78 7 34 86 74 95 55 16 32 42
9 63 56 8 72 78 37 92 72 31
91 91 23 61 47 54 90 16 20 32
45 21 58 33 47 73 17 8 76 94
15 40 92 77 1 91 72 62 17 46
49 56 79 81 99 87 86 1 60 26
90 56 54 38 9 32 15 96 15 100
3 64 89 27 66 68 5 60 17 74
90 32 8 82 15 33 26 53 54 8
94 40 8 30 57 12 78 30 4 39
14 59 41 2 66 81 62 51 26 59
15 46 97 74 92 56 71 29 22 53
53 33 75 29 52 98 65 56 41 14
37 1 58 27 34 17 91 51 81 46
53 68 97 86 60 35 91 8 42 58
22 80 90 95 43 91 81 53 37 99
66 88 15 67 67 6 8 99 72 92
40 90 6 63 85 39 20 38 22 99
85 69 61 30 23 99 100 85 50 40
71 23 44 23 60 14 81 1 24 58
94 5 35 70 75 49 2 29 12 72
58 53 31 55 76 45 93 67 19 46
17 38 47 19 86 28 83 79 84 75
98 1 58 24 59 88 75 22 16 80
62 72 21 14 78 82 26 69 5 53
60 58 82 62 41 36 98 5 82 63
92 36 16 83 100 71 11 14 2 87
22 78 65 52 59 85 91 52 32 79
14 87 29 37 56 75 81 82 1 1
1 31 59 57 27 34 70 50 7 16
88 12 41 65 18 52 29 92 30 25
43 51 63 34 26 13 17 95 10 43
79 72 68 94 36 51 98 87 91 44
34 57 80 78 43 89 79 89 50 32
76 10 92 7 43 19 91 83 26 55
42 98 24 78 24 54 52 47 87 67
78 61 55 72 49 41 18 17 24 37
21 39 90 18 78 90 14 30 11 46
79 13 50 95 46 1 10 98 12 59
87 88 33 43 28 39 82 87 53 70
48 29 76 2 9 19 6 94 32 92
15 14 89 83 89 61 6 76 10 15
88 25 60 50 21 63 97 19 24 5
48 92 88 34 43 97 72 66 77 17
79 81 42 94 51 85 69 10 12 67
95 90 87 4 31 79 99 83 8 92
38 36 6 18 61 83 65 83 86 65
61 84 53 80 6 7 38 60 8 66
17 59 99 79 40 48 60 61 54 15
19 30 70 52 97 43 88 29 65 32
92 14 91 18 99 40 38 54 90 88
81 29 83 70 90 52 34 90 97 49
4 37 37 32 83 18 94 48 88 98
53 17 96 6 87 82 51 27 88 43
98 88 10 22 20 13 68 92 68 82
92 37 77 38 99 23 55 83 35 89
2 81 87 83 7 77 24 15 80 48
54 2 87 27 81 73 16 51 49 11
52 95 25 65 8 93 78 37 14 68
19 20 86 72 72 65 15 67 77 68
56 90 39 46 54 81 37 4 92 39
67 11 81 39 60 13 68 50 57 2
72 56 16 22 11 28 53 48 64 47
Size
9 1 4 2 1 3 4 1 8 3
1 8 8 9 2 1 10 9 3 4
10 7 7 8 9 6 1 3 2 9
9 8 3 10 1 2 1 4 10 6
10 5 8 5 1 10 3 4 9 3
1 4 6 6 2 10 9 4 6 6
7 2 1 10 7 6 10 3 9 7
10 10 4 4 7 3 7 3 9 5
4 8 9 7 2 9 6 10 6 6
8 5 2 3 3 9 6 4 6 6
7 7 9 1 3 9 8 9 6 8
10 2 2 1 5 5 3 6 6 2
9 7 1 8 10 5 9 2 5 1
2 7 3 6 5 7 7 2 3 2
2 7 1 2 5 8 9 10 6 1
1 1 4 8 10 9 9 9 8 10
1 4 7 4 8 2 1 9 1 7
4 2 10 9 4 10 6 7 4 3
7 4 3 8 9 2 10 4 4 3
7 8 3 8 10 2 2 2 3 3
4 9 7 3 1 7 4 1 3 1
7 7 4 4 10 2 5 5 7 5
6 4 3 1 9 9 6 1 1 8
3 1 7 1 2 6 9 5 3 1
1 4 4 6 5 2 8 5 5 9
7 1 4 5 10 6 5 5 7 8
8 9 9 2 1 1 10 6 8 10
1 3 1 6 1 2 6 10 2 10
8 7 4 2 1 1 5 5 5 6
8 1 3 6 2 5 1 5 3 5
2 7 7 1 7 6 6 5 9 9
8 10 6 9 2 10 8 3 1 8
6 5 9 5 1 5 6 1 5 7
3 1 2 10 9 8 1 9 3 5
6 3 1 8 7 5 1 3 5 3
2 5 4 7 6 8 4 6 2 3
1 2 6 7 3 2 4 9 5 3
1 2 10 1 2 5 10 3 6 6
10 6 10 10 2 5 8 1 10 5
2 5 1 10 1 6 6 8 3 9
7 3 5 8 6 7 1 5 2 4
10 7 1 7 5 3 10 1 7 5
7 8 6 3 2 4 10 10 8 10
5 8 10 9 3 3 7 3 4 3
8 9 6 10 9 5 1 6 10 8
5 2 10 2 10 5 6 6 10 10
9 1 9 10 10 1 8 6 10 9
5 7 4 5 3 7 4 8 4 1
10 5 9 1 7 1 1 2 2 6
1 10 4 5 10 8 4 3 7 3
2 8 1 8 7 10 8 10 8 6
7 9 6 9 5 3 7 3 10 2
4 7 2 8 8 10 2 2 8 9
10 8 10 3 4 8 3 2 7 6
3 8 9 4 7 10 9 4 2 8
4 6 10 2 6 1 7 5 10 8
5 5 9 7 5 3 3 8 6 5
10 4 3 10 4 3 7 2 3 2
2 8 9 9 4 1 10 10 10 6
1 10 1 10 8 6 1 8 9 6
4 4 4 8 9 2 9 3 3 7
10 7 10 8 6 1 6 5 9 4
2 4 3 4 6 7 5 8 3 10
5 7 9 9 1 7 10 10 3 3
5 2 3 10 6 7 2 6 5 8
7 6 9 6 1 10 5 2 4 1
9 10 2 9 9 8 6 7 10 5
1 9 4 7 6 7 7 5 10 3
1 7 1 7 2 7 5 2 6 4
3 5 5 7 8 4 7 1 2 6
9 4 7 5 4 9 1 6 4 8
2 9 1 3 5 7 2 5 9 7
8 9 2 2 5 1 6 10 4 10
9 9 8 5 10 10 5 7 4 4
2 9 10 6 2 5 9 3 3 1
8 8 9 9 8 2 10 4 5 9
1 5 3 4 10 1 8 6 5 3
5 6 9 4 6 4 7 1 5 7
2 8 1 3 2 1 10 6 10 7
3 5 6 3 1 8 9 5 10 5
10 4 6 5 1 10 9 7 1 3
4 8 9 9 8 7 7 4 3 5
1 6 1 7 4 4 3 9 9 9
7 8 7 7 4 2 8 2 10 4
4 6 3 9 10 4 3 2 5 5
10 8 1 5 5 1 9 5 10 8
2 10 10 3 4 10 1 7 10 10
8 2 5 5 8 5 6 6 5 8
8 8 10 7 10 10 7 3 9 1
10 9 1 8 9 2 5 3 2 7
1 4 1 7 10 4 9 2 7 9
3 2 1 7 10 1 9 6 6 2
10 10 3 5 10 7 3 7 6 10
6 9 9 3 3 10 6 1 8 3
2 2 4 9 5 6 3 6 2 10
2 2 5 6 3 7 6 3 2 4
2 2 7 10 3 2 3 5 7 9
6 2 6 3 2 2 6 4 3 9
10 9 7 7 10 6 5 4 4 5
9 8 3 4 1 7 5 10 8 7
