n 100
m 10
cap 10
Processing
66 30 74 77 62 94 97 92 15 47
47 56 12 16 88 34 68 4 10 30
93 46 40 72 52 69 72 62 66 88
75 56 66 10 58 54 93 79 86 69
9 31 46 67 100 82 85 69 49 55
35 38 72 46 1 90 68 86 49 17
43 7 42 83 5 8 67 32 14 76
26 99 38 32 100 29 60 34 64 71
67 13 88 98 89 39 86 30 15 45
5 73 86 92 22 18 10 33 70 3
81 4 78 84 24 73 88 21 59 20
92 82 53 87 29 50 60 58 54 10
20 44 34 28 92 17 100 31 29 13
80 99 25 90 29 29 73 49 97 86
78 59 58 48 30 19 34 80 89 60
68 82 6 28 24 11 60 67 40 16
9 78 98 49 4 60 70 30 48 90
45 17 11 44 59 44 65 84 13 44
90 81 15 24 90 9 68 52 67 17
22 61 71 72 4 66 36 34 92 83
52 87 52 10 52 39 84 57 90 55
12 80 96 28 27 16 95 8 76 10
4 9 77 84 14 35 67 7 67 49
69 7 39 18 68 47 79 66 30 9
82 43 16 59 14 62 51 63 65 97
34 48 21 65 39 9 84 3 94 22
5 62 71 42 85 27 86 75 93 100
37 59 92 18 11 96 78 45 45 3
6 55 24 90 59 8 79 38 20 24
90 79 5 20 14 80 10 34 74 24
74 38 72 5 57 25 6 51 93 28
84 14 36 33 79 1 62 6 26 66
29 86 45 12 80 71 17 39 49 32
31 85 40 98 16 31 10 14 68 13
3 57 32 50 41 98 38 83 34 65
93 28 77 94 22 85 38 89 89 97
18 93 26 100 84 66 72 14 92 86
4 53 43 84 100 69 15 35 33 18
13 53 64 89 53 99 47 45 43 69
10 83 94 98 48 21 88 22 15 10
59 42 74 46 42 86 21 9 43 5
28 3 7 81 6 57 58 70 75 99
62 23 13 31 22 40 25 60 36 91
27 82 38 20 74 95 20 15 50 29
71 88 27 80 80 79 7 61 67 56
2 2 22 51 50 34 37 5 77 80
31 92 70 46 84 56 27 81 43 55
42 75 53 89 93 66 98 40 60 49
25 37 25 13 92 58 36 19 88 58
22 46 65 4 32 24 79 34 9 4
61 6 22 3 36 20 5 78 67 30
13 32 85 57 29 38 37 67 34 86
91 18 54 6 28 71 54 76 33 63
4 99 51 78 59 67 30 9 79 46
54 52 34 41 5 65 1 19 9 87
64 4 83 38 75 88 55 95 2 2
73 81 93 80 69 74 60 41 70 28
5 60 81 10 16 24 7 30 59 1
93 6 44 54 48 18 3 74 9 91
22 26 7 33 33 95 57 53 29 60
68 66 57 30 53 89 53 50 24 86
77 77 63 28 47 91 16 84 3 6
73 50 8 87 28 66 37 60 25 42
100 13 93 10 30 96 40 56 53 61
10 64 15 19 79 51 44 54 9 46
1 74 87 41 2 34 14 16 72 53
53 73 98 72 41 15 94 19 27 64
87 95 36 29 58 53 100 44 9 85
90 80 18 30 53 48 32 68 87 56
44 7 14 97 54 34 94 59 52 56
19 80 10 59 15 91 53 10 92 68
8 47 54 87 14 88 37 58 33 66
14 3 92 70 57 88 67 74 75 24
32 37 4 81 87 68 52 48 51 63
54 23 48 14 8 71 94 17 11 5
13 54 96 15 46 57 79 5 40 5
80 50 61 20 11 84 41 25 92 15
72 65 84 77 12 77 2 60 75 97
88 81 32 33 79 54 35 16 2 28
21 41 8 24 22 15 21 95 21 38
97 99 20 68 28 100 100 19 63 5
92 54 40 49 91 6 77 61 92 6
74 93 98 84 83 38 77 37 16 91
59 62 80 44 13 61 16 16 8 73
65 84 44 100 96 8 5 24 17 93
74 8 2 100 84 94 60 66 22 35
48 6 51 45 98 23 88 8 76 50
27 8 75 6 17 4 48 52 89 12
17 32 13 78 64 86 7 40 67 20
85 8 27 22 97 11 46 52 11 61
68 64 70 37 5 78 60 72 36 51
67 6 14 32 4 3 36 100 53 82
1 53 40 7 77 8 60 33 21 89
70 76 68 51 7 83 59 64 14 17
43 78 67 26 2 35 71 97 9 89
27 68 45 40 7 73 3 88 63 55
13 67 76 53 57 53 54 31 76 17
85 48 22 23 31 58 37 94 9 23
43 93 44 11 93 83 4 93 42 83
30 78 11 71 54 40 98 11 18 98
Size
8 4 2 9 1 4 5 7 6 3
6 10 8 8 6 10 1 10 4 5
5 8 2 2 8 9 8 10 10 8
5 8 3 6 3 7 6 3 4 1
1 6 2 4 8 1 4 3 2 3
9 9 9 7 2 8 1 2 2 4
4 3 6 1 2 7 6 4 5 7
2 9 1 6 9 9 5 6 3 8
2 1 1 3 8 5 7 9 5 4
6 6 9 4 2 8 7 1 9 8
10 4 7 6 6 4 1 10 10 2
9 6 9 7 4 10 4 3 3 3
10 4 1 4 6 1 1 7 7 5
4 5 5 10 7 2 5 6 3 2
6 1 7 3 6 4 6 2 9 8
10 5 4 7 7 9 10 9 3 1
4 7 5 8 4 8 4 6 9 5
5 2 4 9 10 9 1 4 6 10
6 4 5 1 1 2 4 2 3 4
1 5 2 6 1 10 7 5 5 1
2 9 6 1 1 4 9 8 5 9
3 5 7 1 5 2 8 2 7 4
5 1 4 1 6 2 2 1 1 8
9 2 9 2 4 5 3 10 6 4
10 4 5 4 2 2 5 3 5 5
3 3 10 5 1 7 10 2 7 6
8 4 7 4 2 8 5 3 8 8
7 5 8 2 4 10 6 1 10 8
7 2 6 4 1 8 4 10 10 9
8 7 5 6 10 5 2 10 3 8
6 2 5 8 9 10 8 1 4 10
6 4 7 3 3 5 9 1 2 5
10 8 3 9 7 1 7 4 8 9
6 5 3 10 4 7 8 1 4 3
6 3 6 4 4 10 8 4 9 9
6 5 5 4 8 3 8 1 8 1
3 10 10 2 6 2 5 2 7 3
8 4 5 1 1 6 7 5 10 10
1 2 9 10 1 9 7 2 6 4
9 2 5 3 10 5 4 2 1 7
3 4 1 2 1 9 6 4 4 4
2 8 1 1 8 10 3 4 1 7
4 4 5 8 7 10 7 9 5 1
10 9 7 7 4 8 3 9 8 6
9 5 1 1 8 2 9 9 8 4
9 7 2 8 7 8 10 7 3 9
1 2 1 4 4 4 1 7 1 6
4 2 2 2 1 3 7 5 4 6
2 6 7 9 10 5 8 8 4 10
9 6 2 5 6 10 9 4 6 10
3 1 1 5 10 5 5 5 8 9
2 3 6 6 10 7 5 1 7 4
4 4 8 4 2 9 4 6 1 1
1 5 1 5 7 9 1 10 8 10
9 9 1 9 2 8 3 7 5 1
7 2 4 10 6 7 2 8 2 9
3 7 5 4 10 1 7 3 7 1
2 8 5 1 4 9 7 10 2 2
10 4 5 6 9 8 1 1 4 10
3 9 1 2 8 3 10 7 8 1
9 3 4 2 6 7 7 9 10 5
10 7 4 3 7 4 8 3 2 8
3 6 5 5 4 4 8 3 9 3
8 2 7 7 4 4 7 4 10 7
6 4 1 8 7 2 8 6 6 5
10 7 10 10 6 9 1 4 4 7
4 6 6 6 6 9 9 8 8 1
3 6 7 2 7 6 8 2 9 7
4 7 4 3 8 6 3 1 2 2
5 10 5 2 3 6 5 7 3 8
8 2 7 3 3 9 3 2 5 8
9 4 2 4 9 10 10 2 9 7
7 8 8 10 6 4 6 4 7 6
2 9 7 9 3 5 2 2 8 1
3 6 10 7 10 2 10 8 10 4
10 7 8 1 3 9 4 10 5 1
5 9 6 5 9 7 10 6 10 10
5 10 1 2 6 1 6 8 8 1
6 5 8 6 6 5 7 9 10 6
9 3 9 3 6 9 5 4 4 7
5 8 9 4 2 10 1 9 1 10
9 1 6 10 7 1 10 6 10 6
7 7 6 7 5 1 7 1 4 2
5 1 6 6 2 3 3 6 8 1
1 4 8 1 7 5 4 1 4 7
9 2 1 4 6 2 4 3 3 6
8 3 3 1 9 1 8 4 2 2
3 3 3 5 4 1 2 7 9 3
2 2 8 5 4 1 10 2 5 4
7 6 7 8 7 5 4 6 2 7
3 1 1 7 6 2 9 5 2 3
5 3 3 10 3 6 6 4 2 2
10 10 3 3 4 6 2 2 7 6
7 9 7 3 6 1 3 2 4 5
7 6 3 3 9 2 8 6 6 5
1 4 10 3 4 5 3 4 10 2
4 10 7 1 2 9 2 3 4 5
3 3 3 1 7 3 9 2 4 9
10 3 9 3 7 10 3 4 9 9
2 10 5 6 4 4 2 6 4 7
