n 100
m 10
cap 10
Processing
3 93 93 39 80 42 5 64 19 96
90 7 87 51 16 34 88 25 83 95
84 20 67 40 5 53 67 20 80 90
15 56 63 60 70 75 88 22 50 54
19 82 81 33 49 47 85 33 5 83
82 4 99 10 80 84 17 43 33 65
82 36 1 24 23 44 95 78 99 40
28 41 20 61 64 35 68 15 16 36
20 42 42 98 88 24 93 67 60 55
65 87 36 23 75 76 25 50 45 31
31 32 40 8 52 51 41 49 36 32
25 8 1 20 82 16 33 78 8 52
34 16 52 46 86 19 5 92 72 11
76 93 26 55 81 59 38 4 88 64
61 69 6 85 77 77 26 88 1 80
53 2 13 64 96 83 66 82 44 5
48 71 46 32 92 7 46 90 3 18
21 20 31 9 44 95 42 29 14 49
47 26 87 31 36 53 39 22 30 98
84 3 11 60 30 33 25 98 4 82
42 12 2 36 71 84 92 90 72 52
6 72 35 7 57 6 19 48 37 69
41 80 58 1 6 89 35 31 71 88
33 16 20 22 49 7 37 68 80 87
63 46 63 7 16 68 91 74 20 65
97 16 100 16 53 36 56 46 10 57
82 82 58 28 33 95 47 15 62 24
56 62 83 92 68 71 52 51 13 25
53 17 92 38 37 34 73 63 33 32
53 99 5 3 71 44 67 91 78 4
85 76 22 69 51 75 2 1 33 27
7 59 27 91 85 73 72 92 84 62
10 81 31 20 31 21 46 58 1 86
67 93 61 71 85 36 1 29 49 10
91 74 24 29 31 56 46 34 67 27
31 86 87 19 49 15 36 65 59 50
83 84 50 51 17 90 63 94 1 26
31 66 97 33 99 29 31 82 85 42
61 40 73 24 33 32 54 31 87 21
9 80 96 8 81 67 91 13 31 95
40 65 79 76 94 62 52 33 65 73
70 89 19 76 75 52 91 19 57 74
20 96 98 61 20 54 41 98 65 51
68 24 86 40 41 99 50 44 51 34
57 79 3 89 21 25 47 17 27 30
9 42 78 16 23 41 15 9 62 78
90 13 49 36 12 91 89 93 7 81
14 60 45 4 82 18 44 88 69 50
5 30 48 99 8 62 98 72 77 47
2 16 3 87 90 30 49 40 57 34
60 29 38 76 73 63 81 99 88 60
5 17 4 72 87 20 82 3 93 82
74 22 74 5 92 43 80 66 13 45
75 68 33 30 70 52 36 76 41 17
16 76 14 86 61 62 55 100 17 98
70 22 66 79 57 70 79 77 28 26
63 72 7 3 17 41 21 78 57 24
51 45 90 10 22 57 52 35 16 20
85 82 61 77 44 100 23 90 41 22
1 52 97 51 83 82 7 96 16 57
2 47 2 62 11 89 60 43 58 86
43 83 37 71 75 51 22 41 33 23
69 69 21 91 34 51 34 76 66 99
90 61 16 58 32 65 14 11 43 85
22 21 9 34 15 48 62 25 21 75
83 65 7 27 29 18 94 10 76 20
7 52 60 31 37 28 67 31 34 99
42 81 22 17 62 9 97 96 15 43
28 49 5 37 90 31 67 44 93 26
54 64 8 28 78 40 34 32 65 42
46 69 62 5 59 88 2 27 9 17
56 2 60 24 88 85 59 55 70 57
78 82 91 92 52 92 50 97 3 52
96 85 85 90 72 47 79 78 100 26
97 46 35 94 6 57 93 6 24 38
98 73 33 44 62 31 84 48 11 91
62 83 20 82 88 12 37 16 29 53
83 25 72 59 9 12 5 70 95 62
45 21 80 25 12 10 48 2 78 13
56 79 70 6 97 41 93 64 23 51
48 22 20 94 78 20 89 34 93 80
4 59 40 19 68 38 3 81 56 73
49 51 42 74 15 61 5 17 7 42
38 80 76 45 14 59 47 34 21 57
68 72 6 20 46 80 93 35 72 64
52 36 73 73 76 2 59 93 81 80
49 95 70 45 28 27 94 50 17 71
10 100 86 30 73 23 24 12 98 23
46 97 21 39 99 49 12 81 65 36
23 75 87 48 52 9 65 89 22 5
31 52 7 16 29 88 56 4 39 71
98 78 58 32 98 76 37 49 48 89
63 81 75 92 70 84 39 38 47 37
52 77 5 20 91 66 78 90 26 3
66 78 46 76 15 6 21 11 73 15
87 16 98 98 21 42 12 55 59 58
94 66 12 46 4 82 24 46 48 51
49 89 88 80 8 49 23 18 37 56
73 9 36 45 68 5 92 68 49 34
54 66 33 98 81 51 100 38 54 66
Size
9 5 5 6 8 7 10 5 2 10
10 4 9 2 8 3 8 6 8 4
7 1 9 5 2 6 4 5 2 7
9 5 8 8 5 1 2 2 8 4
4 5 7 8 7 3 4 1 5 1
3 2 6 8 7 3 5 6 1 5
3 2 3 1 10 6 6 1 3 10
4 6 3 7 9 9 1 7 4 8
7 9 8 1 6 9 10 8 8 8
1 4 2 10 5 6 3 7 8 2
5 7 2 10 8 2 7 10 5 9
7 9 6 9 5 4 6 7 8 6
9 6 5 1 10 7 8 2 8 7
2 4 7 6 7 4 10 5 1 6
8 3 6 3 10 7 7 8 9 3
1 8 1 2 2 1 2 9 1 2
5 9 5 2 4 5 6 4 3 10
5 9 1 4 4 10 4 9 5 1
7 5 2 1 7 4 8 3 8 6
3 7 2 7 8 10 9 9 5 7
2 7 3 6 5 7 4 3 10 4
2 7 1 1 2 3 6 1 3 10
6 8 4 6 5 6 4 2 1 4
2 6 2 8 5 4 6 8 10 9
1 8 9 8 5 9 1 5 3 3
10 7 6 2 5 7 6 9 7 10
1 1 10 9 7 4 7 5 7 6
10 6 4 7 1 6 6 5 9 4
7 5 10 6 8 4 7 8 10 10
7 3 10 3 4 4 1 10 3 3
9 7 4 8 4 9 6 1 3 3
1 4 4 3 6 10 6 2 9 10
9 9 10 8 9 1 5 9 4 2
9 3 8 10 6 9 2 7 8 2
5 6 2 3 8 2 10 10 10 10
5 4 8 10 3 9 8 6 4 5
6 5 6 4 9 7 8 4 2 9
2 3 4 2 3 4 3 9 7 3
8 10 4 8 6 6 3 6 6 4
3 5 6 4 7 7 1 6 6 10
7 6 3 8 3 10 8 5 5 8
3 7 10 8 3 10 3 5 8 5
3 9 8 10 5 7 7 5 2 6
5 2 2 3 4 4 10 4 10 5
3 10 1 8 8 9 7 2 1 5
6 6 5 9 1 9 8 5 6 7
8 8 8 3 3 1 5 5 9 3
8 9 4 4 6 4 8 6 1 9
10 5 9 8 2 8 3 4 7 8
1 9 7 7 10 9 8 10 8 9
9 7 8 9 10 7 1 6 5 8
10 1 4 10 4 4 5 1 1 7
6 9 9 6 10 9 4 8 10 9
10 9 5 6 3 6 2 7 9 2
5 9 2 3 7 8 8 6 10 7
4 7 6 4 4 3 1 9 10 2
7 2 8 5 9 6 8 8 10 6
4 2 4 9 6 8 5 7 6 8
6 3 1 6 4 10 2 6 7 8
3 3 7 7 9 4 6 8 4 3
5 10 1 4 8 10 3 5 7 1
6 10 8 2 1 1 4 4 4 8
1 3 10 2 4 1 3 10 10 2
10 4 2 10 7 9 5 10 1 4
7 7 1 7 9 8 1 1 4 8
9 9 6 2 3 9 2 2 2 1
9 1 2 7 1 2 9 1 7 9
7 4 9 7 3 5 7 8 4 2
7 9 8 3 4 5 9 8 3 6
7 7 8 7 3 8 9 1 10 8
9 9 9 9 4 1 4 10 5 4
2 5 9 8 8 9 3 2 4 7
2 6 6 5 9 1 1 3 3 9
6 5 9 4 4 2 2 9 9 9
10 2 5 10 7 2 8 10 5 3
9 10 6 4 1 5 10 7 10 1
7 8 5 6 8 10 5 8 3 3
9 7 4 6 3 3 5 3 7 1
6 7 5 1 1 2 2 2 5 9
10 3 10 10 4 2 9 9 10 1
9 4 7 3 4 8 3 3 8 6
3 9 8 10 7 7 5 9 2 7
6 1 7 2 4 8 5 3 1 9
8 10 3 7 1 5 6 3 10 1
4 7 1 6 5 6 2 8 9 1
7 5 2 1 1 10 2 8 4 10
9 9 8 7 2 4 3 2 3 7
1 4 5 8 3 9 3 3 9 7
6 3 4 6 5 10 1 4 5 4
5 5 5 6 7 10 2 6 9 5
1 6 1 9 9 3 6 5 8 3
7 7 3 4 2 2 8 9 2 7
10 4 3 10 6 6 4 6 6 2
10 2 7 5 8 5 10 1 5 9
8 9 6 8 4 1 9 3 1 2
8 1 3 6 2 2 8 8 6 5
2 5 1 3 3 9 6 6 1 5
7 9 1 7 9 7 6 3 4 5
2 5 7 1 2 6 6 6 4 8
3 3 1 3 10 6 8 4 9 10
