n 100
m 10
cap 10
Processing
21 94 10 18 26 49 16 47 57 67
100 96 9 53 39 23 27 100 9 29
78 73 4 13 42 36 59 3 2 53
34 98 43 40 66 16 38 95 76 91
35 99 29 45 82 18 41 1 24 98
7 65 22 18 47 60 10 54 33 52
98 46 60 48 74 63 93 16 14 30
55 64 33 72 23 11 91 24 35 7
16 20 14 86 61 98 22 31 44 5
56 89 87 23 8 30 13 8 90 40
59 69 4 71 28 48 52 79 44 80
25 56 1 77 23 67 86 48 8 36
19 34 78 78 62 42 39 68 32 41
45 42 16 89 52 5 67 63 99 89
45 30 35 73 98 67 83 81 97 11
79 48 99 29 81 69 22 89 94 57
16 36 81 73 68 26 40 49 90 23
83 29 74 1 79 81 75 63 52 49
68 21 76 69 10 78 43 56 54 92
86 22 44 23 37 20 57 55 60 6
91 98 64 14 61 56 79 13 76 43
96 64 88 35 26 36 42 73 10 67
8 24 16 4 82 32 22 50 12 64
93 99 26 96 83 24 52 16 14 93
94 59 81 68 96 58 57 10 1 25
64 84 63 9 41 57 16 36 80 62
73 12 25 84 79 76 10 39 83 12
74 14 14 18 53 13 52 69 79 83
2 81 46 47 11 48 41 43 33 58
11 8 11 17 24 97 99 3 80 68
39 26 38 70 99 49 91 42 93 67
64 85 68 24 84 45 39 87 78 8
11 68 100 59 85 47 62 5 68 41
50 94 84 77 73 89 66 3 51 68
23 81 25 51 74 83 97 17 60 60
40 70 47 56 24 97 49 45 85 16
10 55 94 79 27 49 82 72 9 35
97 94 55 41 17 87 26 64 61 13
56 17 65 43 19 76 81 26 92 67
47 74 35 94 81 100 89 19 47 35
29 57 4 70 41 84 54 56 13 57
82 57 96 90 16 68 16 100 16 96
28 16 13 14 11 7 100 96 51 37
57 67 69 92 3 100 16 38 56 89
90 82 51 21 14 74 11 6 17 85
58 97 69 41 100 9 72 83 14 87
21 100 67 96 42 4 30 93 70 16
48 73 31 30 26 4 85 46 90 94
93 32 96 74 98 99 64 24 93 46
37 38 1 37 30 54 64 73 17 17
14 28 61 64 69 69 87 38 60 80
31 16 63 49 67 42 91 94 12 58
57 26 50 75 6 71 75 21 85 85
96 65 88 44 51 50 33 64 11 72
68 92 72 62 43 19 99 93 66 79
54 19 64 94 65 99 95 16 16 83
3 88 49 29 88 23 93 85 54 1
21 99 37 13 4 55 85 92 89 75
43 83 50 21 88 79 59 77 62 13
61 19 13 94 27 15 51 76 14 84
58 55 77 77 89 100 31 79 4 8
3 16 15 26 50 40 52 69 49 93
53 89 86 47 39 3 90 1 97 8
41 75 19 32 50 21 82 2 62 54
87 38 100 66 17 91 44 22 4 70
66 81 87 63 65 86 62 45 74 76
62 58 22 10 75 56 90 97 88 35
70 41 84 80 66 5 24 28 14 54
2 87 51 50 75 5 4 45 23 52
29 41 28 68 38 49 63 26 11 85
38 62 91 79 78 36 33 68 34 15
61 49 21 12 61 39 10 57 82 48
68 14 10 66 82 45 86 10 56 28
9 41 77 38 16 72 40 81 84 61
50 24 8 36 45 4 1 67 54 42
46 83 77 37 31 24 33 87 89 17
6 99 69 24 68 79 75 100 25 44
29 55 38 60 4 87 62 92 29 75
73 12 22 7 12 91 74 33 84 61
36 3 1 46 90 31 21 45 47 41
65 46 37 55 44 65 51 78 3 41
22 70 78 36 32 15 65 53 94 45
52 36 91 35 3 84 58 51 72 94
12 98 73 71 75 45 63 22 21 99
94 71 33 56 94 9 20 47 67 39
49 3 36 67 91 21 23 76 33 56
88 89 7 19 90 1 98 70 45 11
72 80 65 80 96 99 38 47 35 52
27 52 7 13 46 64 1 77 62 4
39 96 12 23 62 90 58 20 28 4
51 100 90 48 6 71 59 36 98 89
15 93 69 53 61 56 17 12 100 13
97 32 5 66 36 35 26 22 51 20
78 20 37 50 46 35 26 6 43 79
35 55 17 37 4 56 72 87 47 34
93 99 49 6 54 30 14 93 89 87
39 94 74 16 49 81 36 99 27 97
90 22 61 42 99 39 89 39 47 34
42 87 1 59 29 44 46 78 31 19
98 17 4 58 69 12 78 90 41 87
Size
4 4 8 9 10 7 2 5 9 1
1 5 7 6 8 10 7 4 5 2
6 8 2 1 3 7 1 3 8 8
10 5 3 10 9 2 2 2 5 1
4 9 7 4 9 7 2 2 7 9
1 9 1 1 7 9 5 10 3 10
3 4 5 2 3 3 8 1 5 2
8 4 2 9 1 5 1 8 7 6
2 6 2 9 3 6 8 9 1 10
9 7 5 10 4 10 10 3 10 6
1 5 2 4 9 6 2 2 7 7
10 6 2 2 6 5 1 9 6 9
9 3 5 5 5 1 3 10 3 8
10 6 5 7 1 1 6 2 10 4
2 1 6 4 2 7 3 6 5 7
3 1 7 1 8 1 2 8 4 3
2 10 3 7 7 8 8 6 6 3
4 3 6 6 8 10 4 10 7 3
5 9 9 8 1 9 4 10 3 8
6 1 3 8 6 3 7 1 3 1
10 7 5 4 9 4 10 2 6 4
6 7 9 6 8 1 9 8 2 10
6 1 1 1 4 5 9 3 7 1
8 5 1 6 4 1 3 1 10 4
3 5 3 2 9 5 3 10 7 1
6 9 5 10 3 5 9 8 8 5
8 3 5 5 8 10 6 8 7 5
1 4 2 3 4 3 9 7 8 9
1 9 3 2 2 10 3 1 5 1
10 9 8 10 4 3 8 8 7 5
4 6 3 2 4 9 5 10 2 8
4 4 3 7 9 3 3 7 9 9
2 10 9 1 9 8 7 9 6 5
9 9 8 7 9 9 1 5 9 1
2 8 9 8 9 5 3 9 9 1
8 4 9 9 1 4 1 1 9 6
3 5 9 9 3 8 7 8 9 9
2 7 2 7 7 6 1 9 5 5
4 5 3 1 3 4 7 5 5 7
3 6 7 10 1 3 3 4 6 5
6 6 4 3 4 2 1 7 4 10
4 9 2 7 2 1 6 9 8 10
10 2 7 3 4 9 5 7 3 6
2 7 1 9 4 9 1 3 3 3
5 9 7 8 8 2 2 10 2 7
10 3 5 5 4 9 8 5 2 10
3 1 6 2 7 9 7 4 5 3
2 1 5 1 2 4 7 4 4 9
10 9 6 9 8 1 4 8 3 4
8 9 8 10 5 9 6 9 9 6
3 6 6 8 8 3 7 6 8 3
7 6 9 9 5 2 5 7 1 9
7 9 9 7 9 5 7 3 3 6
2 4 7 8 10 3 2 9 3 3
5 3 8 3 3 8 3 3 1 3
9 1 10 4 10 1 8 7 9 9
2 7 2 7 7 8 5 5 3 8
1 5 8 8 3 5 3 8 1 6
3 3 7 3 9 9 5 3 4 4
1 5 9 3 3 4 1 1 8 8
4 1 2 9 5 2 5 10 1 2
6 8 4 7 8 1 3 1 9 5
9 4 3 1 1 8 2 9 3 2
5 10 8 3 5 7 4 2 7 1
5 7 10 7 6 5 5 3 7 8
1 8 5 6 5 4 3 5 4 8
3 8 9 7 1 6 4 7 2 5
8 6 1 9 6 7 5 9 6 1
1 10 3 9 3 1 6 8 6 6
6 1 6 8 7 6 1 2 6 7
7 10 2 4 3 2 6 3 3 4
7 2 2 3 7 2 1 9 4 7
3 5 5 4 8 4 5 8 4 3
1 10 10 10 1 1 5 5 8 7
9 7 4 5 7 1 8 10 2 9
8 2 8 1 9 1 9 4 8 5
1 7 6 3 5 6 8 1 9 1
8 10 2 3 6 2 7 2 5 6
7 10 8 8 1 10 7 9 10 6
9 4 4 1 4 5 2 8 9 7
1 8 8 8 9 8 1 6 8 2
10 2 2 2 8 7 5 2 3 3
4 8 10 5 1 9 9 5 8 3
9 9 7 8 10 10 9 7 2 10
9 9 5 7 8 4 3 6 2 10
4 7 1 7 7 9 4 1 2 9
5 6 2 1 7 5 2 6 4 2
4 8 9 5 1 5 5 9 4 2
4 6 6 8 1 9 2 7 8 7
6 5 5 2 1 6 3 8 9 2
3 9 6 8 10 9 2 3 8 10
3 2 7 6 7 10 9 3 1 1
7 4 4 7 1 7 3 1 7 9
10 3 4 5 3 8 4 10 4 8
4 4 6 7 9 8 3 2 3 9
9 3 4 5 3 4 1 2 5 3
2 6 6 4 3 7 6 5 4 4
1 9 6 9 1 3 2 9 9 5
3 2 8 2 5 2 4 10 4 8
2 4 1 8 2 2 6 3 8 6
