n 100
m 10
cap 10
Processing
2 34 60 87 61 65 69 87 54 81
59 61 45 46 68 20 83 24 56 14
85 5 80 83 16 55 26 83 79 37
51 82 41 44 35 75 9 69 2 8
67 65 65 53 7 63 42 31 31 38
41 18 40 96 90 67 18 24 13 33
76 85 73 34 16 83 17 93 46 34
95 18 10 60 35 28 4 22 26 32
81 53 31 100 19 60 72 39 69 17
20 56 81 27 72 7 91 75 21 100
68 81 76 18 51 69 11 27 90 69
54 49 6 7 69 32 4 56 77 23
46 48 72 49 8 85 72 51 46 8
72 10 43 98 49 37 72 82 66 89
10 85 27 31 89 65 3 18 74 76
100 88 13 41 9 82 23 63 8 35
23 68 47 81 89 60 29 18 27 47
95 82 37 61 35 97 99 8 11 14
94 16 55 18 15 81 55 67 4 72
59 41 55 86 88 59 32 40 90 59
35 55 95 72 30 76 89 18 5 21
61 2 52 78 20 99 87 97 49 78
74 57 100 81 22 91 38 69 41 43
66 10 78 59 68 61 84 8 10 56
84 92 5 34 55 96 5 57 12 49
73 95 11 33 8 56 97 52 28 28
35 74 61 48 20 57 52 66 55 56
21 4 50 35 29 66 55 60 90 29
92 46 65 19 94 66 93 31 49 24
35 47 36 96 87 72 94 15 34 66
85 48 1 85 14 40 63 26 17 62
23 43 78 45 11 44 64 26 3 32
76 13 63 72 53 89 65 39 14 26
91 88 42 26 18 47 73 62 69 32
2 40 72 92 67 88 38 77 8 37
42 33 25 91 33 25 1 92 72 60
32 54 62 27 29 20 50 36 60 64
43 36 58 31 35 44 30 17 9 66
7 34 16 44 40 83 57 57 76 60
90 84 42 77 93 62 65 80 76 16
57 69 75 30 7 59 64 22 84 9
4 98 27 68 61 62 60 10 30 24
66 45 25 41 98 67 29 62 54 72
82 80 86 43 94 26 92 83 64 90
73 83 18 49 10 29 12 25 67 49
65 4 80 44 37 68 33 76 15 96
14 36 57 25 64 61 57 73 49 26
51 63 5 7 64 99 47 74 30 50
65 77 97 52 63 16 80 72 33 28
1 83 40 98 92 67 21 76 27 60
24 11 83 50 34 43 58 23 72 23
89 33 26 90 29 90 11 78 34 97
92 24 85 77 32 25 56 31 76 41
28 92 20 94 60 51 64 35 64 45
57 36 7 90 32 85 60 37 11 56
99 95 34 54 62 100 21 56 50 34
100 61 76 2 63 59 29 65 74 47
57 30 27 65 52 23 5 8 54 4
10 10 26 50 36 7 49 29 16 35
30 22 39 34 54 71 48 31 21 90
39 42 12 17 45 27 56 61 46 38
87 48 96 96 100 23 42 48 34 99
49 80 72 59 50 72 29 78 6 23
4 26 24 100 99 20 88 85 72 49
86 85 60 47 40 20 9 79 23 56
68 98 77 93 98 70 19 56 73 11
32 90 78 22 18 84 74 32 18 37
54 30 19 74 19 13 80 80 81 1
46 98 94 20 87 51 43 10 36 51
77 2 31 96 56 100 99 32 67 60
33 18 16 92 87 41 49 14 89 42
94 95 69 85 7 89 79 92 25 89
54 32 96 29 76 53 99 11 98 93
79 95 99 9 57 41 97 41 99 31
95 37 63 87 35 15 82 12 57 60
94 63 44 75 16 92 61 14 90 85
12 92 37 50 30 12 59 78 7 67
6 60 32 55 99 18 40 55 81 34
49 63 46 80 47 57 25 84 5 98
42 38 28 57 29 95 90 51 66 36
91 4 95 52 89 58 17 10 84 26
61 88 37 69 55 37 19 59 29 98
8 53 14 20 24 20 88 88 44 19
13 90 42 9 100 98 36 7 51 96
52 63 75 39 62 89 40 81 74 91
16 22 42 69 13 25 53 96 57 68
2 95 43 6 9 39 73 20 88 46
19 41 1 46 59 32 15 89 27 77
7 62 27 88 75 50 30 21 56 90
72 19 80 51 85 100 6 27 90 34
52 30 97 19 89 31 38 61 45 24
28 35 9 3 17 96 90 100 40 96
4 30 36 19 18 4 7 8 60 68
41 33 58 5 52 17 85 2 47 43
74 95 63 71 97 66 2 19 21 51
30 53 79 95 99 45 62 15 69 37
64 45 3 38 13 82 76 54 57 9
96 78 81 36 34 70 40 85 38 73
6 60 36 9 7 16 91 69 20 4
2 29 16 86 61 83 50 32 69 18
Size
8 10 1 9 1 7 7 7 9 5
4 6 6 2 7 6 10 1 9 9
6 1 2 6 2 5 2 1 10 5
10 8 4 5 10 2 6 6 5 5
1 9 2 9 6 6 4 6 8 3
10 2 5 8 5 9 9 1 9 6
2 8 8 2 4 10 3 7 8 7
1 3 9 3 4 8 7 10 9 10
4 10 4 10 4 1 2 7 1 1
4 6 9 8 6 1 5 2 8 7
2 1 5 7 10 10 2 6 1 5
6 2 4 2 5 3 2 7 10 1
3 7 7 9 5 5 4 1 10 4
5 7 5 9 4 5 1 10 8 3
7 4 10 1 6 8 6 9 7 3
6 5 8 8 4 10 5 2 4 7
6 8 5 5 10 2 10 10 3 5
9 10 9 5 6 9 7 4 7 1
1 10 1 9 8 2 8 3 4 3
2 5 1 2 3 7 8 1 7 8
7 5 8 4 7 8 4 7 5 3
4 4 1 8 3 8 4 2 1 4
2 4 2 7 7 3 1 2 1 9
10 4 6 10 6 6 6 3 10 5
7 6 5 2 8 6 1 5 4 10
5 6 7 6 3 3 4 5 2 4
8 1 8 6 3 10 10 1 10 7
1 4 8 2 2 2 8 8 10 10
9 3 4 5 7 2 2 6 7 10
8 2 2 2 10 9 10 7 1 3
3 5 3 4 6 6 10 6 10 8
4 5 4 10 6 4 9 3 9 7
2 8 1 3 2 10 10 6 8 3
7 9 3 3 6 4 4 7 5 8
9 1 3 10 9 10 9 4 2 6
7 1 9 1 10 1 7 9 10 8
3 6 1 6 2 6 10 2 8 3
9 4 2 10 4 4 2 1 6 9
3 6 9 10 2 8 4 8 2 6
6 4 3 9 4 10 5 9 1 2
8 9 7 8 5 6 9 3 4 10
2 2 8 6 4 5 5 9 7 4
7 4 1 1 1 8 8 9 5 10
3 8 8 9 6 3 3 8 9 10
3 3 10 5 8 2 7 9 2 4
3 5 8 3 7 2 7 9 3 9
2 10 4 6 4 9 10 10 7 5
3 5 6 2 1 10 6 6 7 6
5 6 2 8 1 5 2 3 10 6
8 7 7 4 9 5 7 3 1 4
8 7 4 8 9 9 9 6 4 10
1 6 1 2 7 1 6 7 6 4
6 2 3 5 2 2 3 1 2 10
2 7 8 6 3 2 2 10 6 2
2 10 8 6 10 6 8 5 8 5
3 5 7 3 3 4 5 7 6 10
5 7 6 10 9 6 8 5 10 8
9 1 8 3 7 5 1 5 9 9
10 7 2 4 3 8 3 5 2 5
5 6 5 10 5 9 1 4 10 2
2 1 5 2 5 9 10 4 6 7
8 9 7 1 6 5 1 9 5 2
6 8 10 6 2 3 6 1 9 7
4 9 8 5 9 4 10 1 1 7
6 2 2 3 6 8 10 9 4 4
7 4 2 7 3 9 7 1 6 9
8 10 4 1 4 2 6 10 5 2
10 7 9 2 7 2 6 8 10 4
2 7 4 4 2 7 4 4 4 2
7 4 8 6 4 8 10 1 1 4
3 9 3 10 4 4 1 8 8 10
8 10 2 4 4 5 5 2 9 9
9 1 7 10 8 4 1 6 10 7
6 7 7 1 4 1 1 7 10 7
8 8 8 7 8 7 2 3 6 2
7 6 10 8 6 4 4 8 2 8
2 6 9 7 1 5 8 3 3 6
10 1 9 9 6 2 8 6 6 6
1 8 4 10 2 10 6 1 10 1
10 10 7 6 10 2 4 3 2 2
8 3 5 8 7 8 10 8 9 5
1 9 3 5 8 2 9 3 10 7
1 5 5 3 3 4 4 4 5 2
7 8 10 2 6 2 1 8 3 6
2 8 6 4 10 4 9 5 8 8
2 5 4 3 8 2 6 3 2 4
10 1 9 8 7 1 1 1 4 6
5 4 9 6 9 4 6 9 9 9
7 5 3 9 6 10 5 9 9 2
9 8 8 4 4 6 1 8 2 10
5 2 6 10 1 10 4 6 5 7
5 7 1 2 6 7 9 3 1 4
3 3 3 7 2 5 6 7 4 2
2 3 10 7 3 4 2 2 9 6
6 10 3 1 2 9 6 2 2 6
1 4 10 6 3 7 5 7 9 5
8 6 9 10 9 10 8 10 7 6
4 9 7 10 8 1 8 4 4 5
8 7 7 10 6 4 3 8 3 4
9 7 9 1 4 9 9 3 8 8
