n 100
m 10
cap 10
Processing
23 78 83 79 89 9 85 10 12 20
26 53 57 72 88 74 62 67 98 28
63 23 85 83 13 33 3 98 85 97
67 83 86 81 30 86 92 3 15 66
47 31 95 81 99 67 13 54 78 47
91 90 28 79 14 99 50 13 42 94
53 26 30 49 28 39 89 98 27 95
3 22 81 83 50 1 81 27 50 18
61 42 100 26 14 38 20 69 32 92
35 50 68 61 78 44 53 15 67 56
85 56 28 13 54 37 31 80 33 27
60 23 32 52 19 67 2 7 1 52
88 48 15 73 47 14 18 33 14 87
27 79 89 24 24 12 26 72 61 31
99 28 2 23 48 61 95 17 90 84
91 10 11 84 19 50 34 68 14 90
36 3 43 53 88 84 45 50 40 30
76 25 21 16 1 30 98 48 48 60
59 40 93 56 13 13 8 40 39 21
69 41 20 80 46 96 37 47 56 3
60 100 51 21 90 95 5 76 62 12
76 50 88 94 80 93 83 91 87 8
74 49 54 76 11 59 78 65 9 29
13 92 3 15 14 41 93 55 56 26
83 71 95 72 73 72 52 68 54 55
86 93 5 28 100 35 98 53 3 91
38 59 63 100 20 49 26 90 64 46
49 34 54 41 8 12 28 39 87 90
98 63 83 35 98 18 1 45 69 58
57 23 73 14 92 50 31 31 62 88
53 47 63 54 53 34 17 25 56 16
5 88 97 57 43 22 86 51 58 76
7 55 81 78 8 79 56 68 91 59
11 26 50 63 80 94 54 88 25 26
59 69 33 98 72 23 60 1 82 57
80 83 19 9 65 63 32 64 66 37
35 26 5 89 77 18 75 77 44 77
29 63 52 44 7 92 87 7 79 73
83 85 62 78 90 26 75 36 52 46
16 73 35 10 69 20 75 33 5 85
69 15 6 59 26 4 68 67 66 64
27 24 38 30 35 84 32 2 73 13
2 68 8 45 24 86 75 74 64 88
75 39 93 89 59 79 13 27 58 73
80 35 68 80 72 52 98 33 92 14
74 97 81 55 81 71 71 29 38 24
90 7 9 50 64 28 84 5 6 57
17 25 20 32 15 30 96 22 80 88
7 24 24 86 96 30 62 69 10 65
17 63 37 46 47 7 70 38 35 94
78 73 7 56 3 14 65 27 26 30
54 39 77 18 19 39 7 20 38 54
71 39 27 62 9 71 10 33 66 1
66 46 96 38 97 16 70 77 9 56
67 61 67 24 36 66 83 80 90 73
71 32 20 95 90 55 88 36 61 37
10 59 78 7 48 52 7 64 89 48
49 77 71 59 21 1 84 92 7 78
86 42 100 62 30 35 22 21 5 16
51 95 71 75 35 55 27 71 82 56
29 7 89 71 84 80 11 71 11 91
1 68 27 21 44 25 55 17 6 75
44 50 29 37 6 73 76 97 83 87
69 80 28 41 22 70 44 8 22 23
62 25 47 79 12 70 57 63 74 2
73 49 3 87 51 55 85 86 80 76
16 41 37 18 1 89 44 25 17 37
40 83 38 99 82 30 41 31 1 77
54 15 48 62 8 72 81 41 80 12
2 72 20 99 79 16 30 56 38 8
57 5 5 82 65 43 8 51 19 94
61 2 100 22 97 25 88 74 78 3
6 50 4 82 80 87 26 81 42 100
41 85 10 73 17 38 81 69 28 80
15 52 55 19 25 98 32 19 81 98
63 78 80 99 94 20 89 8 38 97
14 64 99 41 25 92 97 90 100 34
54 53 96 47 4 78 79 38 36 9
96 70 71 83 25 5 81 10 7 39
34 53 61 60 2 52 59 34 55 18
42 5 29 72 35 86 40 90 68 55
92 22 9 46 79 2 11 10 59 91
67 85 52 30 26 27 4 85 74 9
51 99 54 27 6 39 93 20 53 84
12 5 31 26 62 36 24 11 97 17
94 71 47 99 29 4 34 32 15 66
89 48 34 87 74 76 51 85 53 27
11 33 22 39 12 54 84 22 27 11
18 70 43 32 42 86 33 32 65 54
53 82 28 21 22 20 61 28 56 8
46 16 35 27 2 56 57 18 89 97
28 82 64 68 38 64 91 69 77 95
45 41 7 80 78 96 45 99 41 13
72 20 6 72 24 96 18 63 40 9
99 82 82 69 49 54 3 51 29 22
98 73 27 37 59 40 41 26 3 69
33 62 68 3 34 7 2 65 7 95
73 45 98 47 51 15 52 31 64 95
58 30 93 15 32 55 4 30 62 16
39 99 1 33 27 96 57 74 37 28
Size
10 8 1 4 7 7 2 1 7 6
1 3 10 9 9 9 3 7 2 5
10 4 4 8 1 7 3 8 4 4
5 8 3 10 3 6 1 4 8 7
8 7 5 8 1 9 6 4 4 2
3 6 2 1 9 8 9 8 3 1
8 5 5 8 10 2 10 6 2 7
5 6 5 5 9 7 8 3 8 6
10 6 9 2 9 3 6 7 6 10
3 3 1 5 4 8 6 6 7 8
5 8 9 6 8 7 6 6 1 6
8 9 6 9 1 3 2 3 2 1
9 6 10 9 10 10 8 9 6 8
10 9 2 10 1 8 2 3 7 3
5 8 6 1 4 2 9 9 3 9
7 6 7 4 5 8 10 9 3 2
10 2 4 4 3 10 9 2 3 7
6 3 1 8 1 10 2 7 4 6
6 8 1 6 1 1 9 3 10 10
9 3 9 10 6 3 2 7 7 8
9 4 6 9 4 1 10 4 1 8
6 2 7 10 9 2 1 6 2 5
8 5 3 9 5 3 9 5 6 6
1 3 7 2 7 1 10 10 10 6
3 4 10 3 4 4 6 5 8 10
9 6 8 8 4 6 1 7 2 2
9 10 2 2 6 1 1 9 6 10
7 10 10 5 2 6 1 3 4 7
7 8 1 3 3 1 1 8 8 9
5 3 8 5 5 1 5 9 5 7
6 5 9 1 8 5 5 2 10 3
8 10 8 6 8 6 4 10 2 10
3 5 10 10 6 2 8 3 2 3
6 1 6 10 5 4 8 4 10 4
1 1 10 2 4 10 10 2 9 5
10 4 9 10 8 6 5 1 8 10
4 7 2 5 2 6 5 2 6 3
6 2 7 6 10 7 7 3 4 8
8 7 8 1 5 5 10 10 6 2
2 6 3 6 2 6 3 9 6 3
1 8 7 3 1 9 6 2 4 3
8 8 1 4 4 8 8 9 7 5
9 3 7 3 2 7 8 3 4 7
1 8 6 6 3 10 5 5 9 9
1 1 7 4 3 4 1 4 8 9
8 1 8 2 8 2 8 6 9 4
6 4 10 5 4 4 4 4 4 10
5 2 10 2 6 2 10 7 9 5
2 2 8 6 6 3 7 6 7 7
4 9 9 8 9 7 8 3 9 6
8 10 8 7 8 10 1 1 9 1
6 3 2 3 6 3 1 8 1 3
7 7 9 8 4 9 10 1 4 8
2 4 5 7 6 9 2 8 5 9
2 4 4 9 3 3 1 4 10 10
3 6 5 10 8 10 9 6 3 8
5 2 5 9 4 4 10 3 6 3
5 8 9 5 7 3 4 7 4 3
7 10 10 2 4 7 7 5 8 4
8 6 2 4 4 3 7 10 2 4
5 9 2 10 3 7 6 1 1 7
2 10 10 6 7 6 3 6 3 7
3 9 3 9 10 7 9 2 7 8
4 9 7 4 7 6 9 1 1 5
9 9 5 5 4 3 2 9 5 9
8 6 5 8 3 5 5 3 6 9
6 5 3 8 6 8 9 5 5 10
7 7 8 3 1 10 2 3 8 2
7 7 10 10 10 10 4 3 1 4
5 5 8 9 1 9 7 4 1 1
8 1 7 1 9 6 7 4 3 7
6 1 1 4 2 5 10 3 2 2
7 10 8 7 2 9 2 3 2 6
3 10 10 4 1 6 1 3 1 9
7 6 6 10 10 4 6 3 10 6
10 10 5 5 7 3 9 8 6 6
7 7 8 4 8 10 5 8 1 6
8 3 2 2 7 7 7 8 1 7
5 10 5 10 7 4 5 10 4 10
10 8 3 10 7 6 4 1 5 5
1 7 5 6 7 9 6 9 8 4
3 2 10 7 2 7 8 7 3 6
5 9 4 2 1 1 1 3 4 8
8 3 4 5 2 10 3 9 2 2
10 3 4 5 6 4 1 7 2 2
10 9 10 10 8 10 6 10 2 3
1 1 2 5 3 3 3 4 2 7
2 8 9 9 5 3 6 10 10 8
10 2 2 2 10 8 1 6 7 3
4 1 5 10 5 8 8 5 5 10
8 10 1 8 8 7 5 2 5 10
7 6 4 9 10 10 4 4 4 1
10 1 10 4 6 5 3 4 5 8
1 3 9 6 6 6 9 7 8 6
2 9 10 4 6 6 3 3 8 10
1 4 2 2 4 8 8 3 7 7
8 5 7 4 9 10 9 3 5 1
4 1 3 3 4 1 8 3 2 5
9 9 4 10 4 3 2 4 6 1
5 5 8 1 4 10 3 9 1 6
