n 100
m 10
cap 10
Processing
37 88 50 63 96 76 6 71 40 97
49 23 69 51 72 27 13 44 59 61
26 63 57 85 13 20 97 26 82 46
68 50 18 73 94 72 68 12 59 16
7 85 8 96 67 47 58 21 82 87
13 48 16 4 72 17 50 48 48 94
59 56 92 6 28 85 74 11 1 92
11 86 18 71 4 85 70 97 14 82
9 30 72 15 37 97 3 67 81 80
43 7 77 5 19 61 63 79 97 98
65 22 67 39 64 86 98 19 28 50
59 75 64 57 54 41 45 93 27 33
48 38 46 34 79 43 44 35 17 12
53 6 16 1 54 20 73 58 94 9
3 52 97 28 11 84 5 48 57 61
96 47 34 34 95 79 52 44 70 34
75 50 76 49 98 27 69 49 71 91
92 5 69 52 71 46 97 82 63 100
74 4 25 31 25 72 17 55 16 20
70 32 60 44 32 99 65 85 91 86
72 34 55 46 84 12 83 48 6 99
95 69 26 17 9 76 48 47 92 57
71 94 53 23 38 60 25 75 78 70
23 46 53 65 56 95 32 30 86 80
84 13 69 28 78 10 60 8 22 35
94 46 96 99 71 69 96 22 78 91
40 40 26 66 1 23 24 33 15 29
75 19 77 94 34 27 14 69 3 13
22 32 5 99 28 11 57 87 53 26
31 67 68 8 60 5 8 28 48 87
98 51 33 28 38 57 86 72 45 10
24 92 67 38 81 5 24 28 62 96
39 86 71 31 84 20 27 4 100 81
33 15 16 37 22 42 59 3 78 69
27 28 19 77 26 5 13 36 7 5
48 94 58 32 25 76 91 95 45 79
27 95 38 41 67 43 38 1 62 9
52 46 68 3 31 54 78 96 80 38
81 19 74 58 49 85 21 90 4 51
63 82 22 62 83 94 69 81 28 12
50 59 58 92 66 54 49 71 52 33
20 32 84 64 89 29 23 2 31 72
86 30 94 36 88 11 20 29 52 87
66 36 96 56 91 41 91 17 88 80
41 28 5 36 76 66 70 67 30 77
41 25 39 40 99 87 65 87 7 83
56 25 66 97 18 82 19 98 71 70
67 78 81 77 73 5 5 95 84 27
56 45 45 23 75 2 81 16 71 76
51 61 10 60 42 43 77 67 67 92
38 13 62 60 88 97 85 33 80 1
43 29 91 21 39 39 67 95 90 3
15 77 16 100 20 38 27 16 73 51
59 63 35 34 83 71 52 30 87 43
93 51 60 96 86 25 54 80 36 2
60 61 65 72 78 14 97 42 18 15
47 17 7 20 98 9 18 23 92 86
77 14 73 56 29 20 56 62 12 50
47 42 18 83 44 11 65 37 42 6
81 72 49 42 66 15 55 51 100 95
82 52 55 33 69 88 94 55 83 14
50 68 92 20 96 23 49 29 10 39
88 38 89 82 26 24 86 66 86 75
51 91 74 38 99 94 80 17 79 33
19 64 4 66 74 44 30 4 89 11
94 48 95 43 18 46 42 33 34 51
58 10 63 30 22 44 17 34 53 77
14 18 28 59 30 23 76 7 68 89
65 73 14 58 79 28 38 94 10 82
9 15 19 59 32 99 48 43 81 68
40 6 44 37 100 52 53 91 95 17
29 41 66 66 51 85 35 14 70 56
17 74 72 34 78 81 28 19 10 73
79 14 69 17 54 60 27 81 98 9
11 6 59 90 97 13 88 92 29 33
37 40 59 11 94 67 71 41 55 11
81 49 60 77 9 67 47 73 49 4
65 36 20 18 3 15 37 76 92 53
92 12 98 91 90 75 17 35 64 22
21 20 52 8 66 93 20 66 74 47
5 52 58 13 78 29 79 72 30 95
1 65 14 32 70 85 58 17 4 59
42 72 9 13 48 95 12 7 94 99
2 72 46 42 75 76 86 39 70 5
28 71 12 62 4 94 62 42 32 79
23 73 93 6 15 94 14 56 72 50
23 3 69 94 73 65 20 27 57 96
50 68 2 59 79 30 41 89 25 84
87 43 42 100 95 75 50 40 21 25
74 50 26 44 90 26 64 91 30 94
6 79 41 46 72 77 14 14 47 43
43 79 71 44 52 82 78 58 50 22
17 88 93 46 43 41 50 7 53 8
4 36 92 35 93 72 2 88 48 90
79 30 57 99 48 5 24 48 4 52
59 28 77 16 68 65 79 58 77 3
17 40 4 50 51 85 65 34 83 68
62 85 23 94 62 39 100 65 55 39
96 54 12 76 83 85 43 93 15 36
3 34 10 11 90 35 59 49 86 79
Size
7 7 9 2 7 8 7 3 4 3
3 8 8 2 6 7 7 5 9 8
10 10 3 8 6 4 3 1 3 9
2 8 8 5 7 3 6 4 1 2
10 10 9 8 9 7 8 6 1 1
1 1 7 1 4 10 4 8 3 7
6 8 2 2 7 8 1 3 7 2
5 7 4 1 6 8 2 7 10 5
6 6 2 9 3 3 8 8 7 4
4 8 2 9 6 1 4 8 2 4
9 4 3 9 10 6 10 4 6 1
3 9 3 9 2 1 10 7 6 7
1 5 5 1 7 5 4 2 7 4
1 2 6 9 2 4 3 1 7 4
1 4 9 8 8 2 2 7 4 9
6 4 9 6 5 6 3 4 10 4
8 4 8 4 3 1 8 10 5 2
7 10 4 7 9 6 1 2 7 5
6 9 10 4 4 1 7 5 8 1
2 1 8 5 1 7 2 7 3 1
8 7 6 8 7 1 9 9 7 6
2 3 2 9 7 2 1 10 5 5
8 9 9 1 5 3 10 7 2 1
1 4 5 6 7 8 10 5 3 5
2 7 9 1 8 6 7 1 9 7
7 7 7 2 10 7 4 7 1 2
9 8 8 5 4 5 3 1 10 6
4 9 5 1 5 1 10 4 7 3
6 3 1 7 4 9 10 5 6 6
3 2 10 6 10 6 6 6 1 9
6 2 9 9 10 8 9 1 3 5
5 7 6 8 3 7 2 8 8 4
4 9 7 6 3 3 3 8 10 2
2 9 9 8 9 3 8 5 2 1
9 7 10 6 9 4 1 2 2 2
8 1 9 5 7 6 6 5 10 7
8 9 10 10 3 1 5 7 2 9
2 3 2 4 2 2 6 5 1 7
10 4 3 5 4 5 7 3 10 9
7 1 8 8 3 3 1 1 2 5
10 7 1 10 7 4 2 7 2 1
10 6 8 7 6 4 3 1 4 2
10 9 6 9 3 3 6 1 3 4
1 5 10 8 6 4 5 6 7 2
6 9 10 4 2 6 9 3 3 4
1 9 9 4 6 2 10 8 4 10
2 4 1 7 1 6 9 7 10 10
5 5 3 4 8 7 5 4 8 8
7 10 1 2 3 2 7 2 8 4
6 1 9 10 5 9 9 6 4 6
8 2 1 10 7 3 6 5 6 3
8 9 7 3 1 8 4 10 7 9
8 5 6 3 7 4 6 9 1 3
9 1 9 5 9 7 5 9 8 5
3 4 8 9 6 10 10 7 8 10
1 8 4 6 4 8 3 4 3 1
6 5 8 5 4 2 2 1 4 7
2 2 7 6 1 10 3 4 6 4
1 8 3 8 3 10 2 2 7 5
8 6 6 8 2 10 4 3 2 3
7 2 6 5 2 5 8 4 10 3
4 8 10 1 5 7 6 1 9 4
1 8 7 5 1 1 3 8 8 8
2 7 3 10 7 9 7 2 8 5
4 6 3 7 6 7 1 1 6 1
7 2 1 5 4 4 1 7 6 6
6 7 1 6 10 7 6 9 9 7
3 3 5 5 6 1 3 6 4 4
3 7 2 7 1 7 4 6 5 7
1 7 7 6 4 1 4 1 1 1
6 5 6 6 1 10 4 8 10 1
9 3 9 7 10 1 5 9 9 3
4 7 6 2 7 7 7 1 3 9
1 7 7 8 2 1 1 3 3 1
9 10 2 9 1 10 4 5 10 4
7 2 8 9 9 5 1 7 9 5
5 8 6 1 2 10 7 5 5 1
6 2 8 9 1 4 8 10 6 2
8 3 1 4 6 4 7 8 7 9
6 10 6 3 8 7 2 3 3 7
8 6 10 10 4 5 2 2 6 4
5 5 5 7 2 9 7 5 5 10
6 10 5 2 2 4 10 5 10 4
4 6 9 8 3 1 9 8 4 4
5 5 7 2 4 9 6 1 7 8
2 1 2 1 3 10 6 10 5 2
2 4 9 2 3 4 1 10 3 8
4 7 5 7 10 6 8 2 4 8
6 10 2 5 6 7 2 10 7 9
4 6 10 6 1 7 8 6 7 10
1 10 6 8 1 7 7 7 2 3
6 2 3 3 4 10 5 5 5 5
2 9 4 2 3 6 8 10 4 5
9 7 6 2 5 3 5 3 8 3
2 5 2 2 3 2 1 6 10 1
9 6 3 3 8 5 5 9 6 6
3 3 5 4 6 8 4 10 5 4
6 9 8 3 6 1 2 10 1 1
4 5 7 1 4 2 1 2 1 3
4 1 2 5 7 1 6 4 2 8
