n 100
m 10
cap 10
Processing
17 75 51 60 74 86 85 44 46 12
21 57 68 27 66 67 77 94 88 50
52 39 49 63 3 30 17 62 50 86
66 61 68 42 1 97 72 98 33 3
24 50 95 47 24 25 16 68 18 97
1 80 86 22 95 82 18 45 43 68
17 80 37 39 97 82 35 92 80 37
43 51 26 97 73 55 23 84 63 27
65 93 48 44 54 76 6 90 78 42
47 33 26 23 2 74 34 89 1 78
43 68 52 19 50 62 90 30 63 36
80 46 57 4 91 66 3 9 99 80
19 72 71 51 47 33 43 53 49 66
83 88 20 76 20 9 11 77 31 61
14 40 88 27 33 20 100 55 24 21
40 3 15 61 32 97 46 58 98 81
90 67 17 8 96 97 51 47 18 9
25 18 42 86 72 47 74 69 85 24
26 47 27 4 97 14 73 85 35 95
45 38 75 32 36 73 3 91 14 33
38 7 41 92 37 50 6 55 17 81
31 8 40 6 59 26 33 43 54 100
5 24 53 9 77 65 97 30 56 75
73 75 48 71 95 45 90 54 2 76
30 20 84 36 26 10 27 10 1 35
93 86 90 61 71 95 76 26 57 89
96 70 91 14 75 44 55 63 25 31
23 81 18 78 25 86 10 27 10 100
85 74 6 4 98 91 21 92 27 76
99 34 17 15 45 32 67 87 7 64
17 51 29 78 12 61 81 3 49 17
5 13 7 40 63 43 24 64 81 62
1 60 86 12 73 87 91 71 19 13
77 73 46 49 48 48 41 78 58 41
88 62 55 52 13 3 59 12 47 58
42 22 40 26 69 22 50 24 17 55
2 80 48 93 56 4 24 25 57 31
63 27 44 66 76 81 74 81 100 64
19 67 90 94 29 35 23 25 49 15
20 6 1 73 4 52 19 74 38 9
20 63 8 90 51 95 93 80 48 72
85 7 56 33 34 20 91 14 69 42
54 82 12 84 28 33 13 6 9 5
10 82 11 70 74 84 62 79 78 96
32 47 10 60 26 18 40 10 42 42
65 75 46 57 37 25 34 85 50 62
13 80 68 70 54 47 34 12 65 24
38 97 99 31 13 8 98 31 96 8
39 1 34 49 68 62 84 36 87 22
40 42 54 86 96 10 73 45 1 95
96 28 90 66 70 58 91 17 49 33
36 18 65 28 13 15 15 100 59 57
98 48 35 1 10 31 7 32 35 20
28 100 39 10 41 37 76 7 12 75
3 63 24 83 100 2 35 82 27 10
40 9 40 66 96 62 50 83 3 78
89 86 19 97 16 53 98 9 43 98
13 75 92 83 72 73 83 76 86 69
3 91 34 85 54 56 72 84 93 17
71 55 72 90 5 89 60 30 16 80
85 26 13 19 53 100 14 42 62 98
62 6 17 43 15 36 37 97 54 54
96 46 75 58 40 53 50 61 20 53
43 7 66 7 24 6 40 28 21 40
28 33 50 24 69 73 35 26 82 40
29 34 91 46 23 9 75 40 60 68
89 91 25 43 47 68 65 81 27 87
96 23 65 52 72 54 38 96 96 6
33 73 22 100 39 4 19 97 36 74
58 3 16 1 89 33 77 24 14 83
74 82 13 43 24 21 3 21 68 42
78 44 8 72 84 74 51 61 95 1
47 10 10 46 100 50 22 65 45 24
38 20 31 18 88 83 79 19 20 14
40 21 17 88 58 58 58 75 26 28
37 63 97 46 19 54 35 16 63 93
84 52 16 26 18 35 17 45 42 86
81 3 49 65 20 12 25 32 17 23
49 38 24 27 57 36 71 30 77 39
42 70 1 34 39 94 34 27 29 73
63 22 8 63 80 96 16 20 42 80
77 46 12 51 47 37 40 23 45 53
65 82 26 30 74 7 81 65 97 54
100 66 44 96 86 78 36 95 29 90
61 35 38 6 53 45 21 56 50 6
95 30 59 88 59 64 88 18 75 37
76 90 17 76 9 58 86 86 3 34
13 14 92 47 74 82 94 45 54 55
5 90 10 34 19 23 88 76 76 33
25 99 1 57 32 92 12 33 18 30
1 99 8 64 18 84 56 83 53 57
45 12 23 62 38 36 45 47 55 24
9 5 91 94 46 64 15 66 9 89
68 37 4 6 24 100 87 80 16 50
72 35 98 11 87 72 1 76 84 35
33 23 11 51 53 41 33 10 47 25
58 72 9 72 94 73 69 36 73 31
5 94 93 47 12 65 78 91 16 5
73 54 15 69 52 64 62 10 54 81
43 28 57 45 4 25 11 96 92 69
Size
5 7 1 6 3 8 6 9 9 3
2 3 7 10 4 9 6 4 7 9
5 6 2 2 10 8 5 10 7 1
3 5 3 2 7 8 2 4 5 4
10 5 10 10 8 2 1 7 3 7
6 5 4 5 2 5 10 6 6 9
4 3 8 6 10 7 3 1 4 6
3 3 8 5 8 6 9 7 6 6
6 1 1 8 5 3 1 6 2 8
1 8 5 3 8 7 8 10 2 1
10 1 2 10 3 4 4 5 8 1
10 8 2 2 7 5 8 10 2 9
2 8 1 9 2 4 6 3 4 3
9 5 3 1 5 7 3 9 8 2
8 4 8 4 8 10 7 3 1 1
3 7 8 4 4 8 1 9 8 5
7 9 6 1 8 6 2 7 8 3
5 8 1 1 8 3 6 5 3 3
4 4 2 4 4 5 8 4 3 3
4 2 4 1 10 7 8 9 10 8
2 9 6 10 10 8 9 4 3 5
10 3 3 1 6 4 2 9 6 8
5 5 10 10 1 3 7 5 6 6
8 7 8 10 3 7 10 5 9 2
5 2 7 9 7 9 6 7 9 9
10 2 2 3 7 10 3 8 5 1
6 5 10 7 9 4 8 1 5 9
7 7 5 2 10 5 9 3 6 10
8 3 7 10 9 4 2 9 5 5
2 7 4 5 7 1 4 10 1 6
1 6 8 10 7 9 9 5 8 3
1 3 8 2 9 4 9 8 10 6
6 1 3 3 10 1 10 8 6 5
5 3 5 1 6 9 6 1 4 2
9 7 3 2 7 4 10 1 7 1
10 5 3 2 2 3 3 7 3 3
7 5 1 5 1 2 8 4 3 1
5 1 10 10 1 7 5 1 9 10
9 1 10 5 8 9 1 10 1 5
3 7 10 6 4 1 3 9 7 5
5 10 9 10 5 10 8 5 2 5
6 2 3 9 6 6 8 4 2 5
2 4 10 8 9 1 4 2 3 2
4 4 6 9 3 7 5 1 4 7
7 7 9 6 9 5 6 2 2 10
2 6 1 2 2 10 10 2 4 8
1 8 6 7 8 1 7 2 8 3
5 4 2 7 1 9 6 8 2 2
3 10 8 8 9 4 1 6 7 6
10 9 4 10 8 2 7 9 4 9
1 1 8 9 7 7 9 5 1 7
7 5 9 3 3 3 10 4 2 7
7 9 3 8 10 5 3 8 3 4
5 3 1 1 8 6 7 6 7 1
5 7 7 6 1 7 1 4 1 6
8 8 2 10 7 1 1 3 8 5
1 3 5 5 5 8 1 5 10 7
3 7 3 2 9 7 10 10 1 7
3 5 5 9 8 10 5 3 8 5
7 6 9 3 3 9 3 10 10 6
8 7 5 2 6 7 8 8 1 7
7 6 7 5 9 9 6 6 2 7
2 3 5 1 9 7 8 6 7 4
10 5 7 2 4 5 4 7 6 6
9 9 10 8 1 2 8 2 8 1
1 10 9 8 6 8 7 3 7 7
10 5 2 4 5 2 3 2 1 9
8 6 10 2 5 10 6 10 9 5
3 3 2 6 8 6 5 8 3 1
2 2 8 4 4 3 5 3 9 6
10 4 1 4 1 7 4 1 3 6
5 5 6 6 9 4 5 9 7 4
3 6 2 7 7 4 4 6 5 8
4 7 4 3 10 6 1 3 5 8
6 9 2 6 5 4 6 4 8 7
6 7 5 7 4 2 9 10 10 10
7 1 1 5 10 5 8 10 8 8
3 3 7 1 5 2 3 2 1 5
3 5 5 6 4 10 1 7 2 4
3 1 6 5 8 3 10 1 6 6
10 10 10 3 9 10 4 2 2 2
1 6 1 3 2 8 2 2 2 6
6 9 7 1 9 6 1 7 8 7
6 2 6 7 1 10 5 3 5 3
5 5 10 2 5 4 10 2 10 6
2 8 9 7 9 1 1 5 2 2
4 9 9 7 3 3 2 2 9 10
3 2 5 7 2 1 10 7 1 6
4 3 1 5 1 2 10 6 5 10
5 1 4 10 4 7 4 5 2 3
10 1 8 2 4 9 8 8 10 10
8 4 3 4 6 6 2 9 3 1
4 4 1 2 5 6 10 5 10 9
1 7 10 2 3 5 10 3 1 8
2 8 4 8 8 6 5 10 1 7
5 7 1 5 3 4 6 9 2 7
3 5 3 5 8 8 2 3 2 6
1 2 8 5 8 10 8 10 1 1
3 6 9 1 1 4 2 8 1 10
1 8 8 10 6 4 8 1 3 9
