n 100
m 10
cap 10
Processing
3 33 98 26 17 77 17 71 42 36
78 6 97 14 4 63 65 93 47 99
51 25 72 94 70 87 71 59 11 36
3 28 54 10 38 49 23 23 9 15
60 58 41 78 55 5 37 28 19 35
26 74 31 16 28 43 70 33 33 18
7 35 93 44 3 51 38 47 57 66
63 41 49 43 50 35 52 21 73 11
97 37 90 8 16 54 15 72 59 82
64 82 42 22 89 1 97 23 11 70
31 99 35 91 55 18 48 27 15 46
39 79 57 31 95 84 46 89 55 41
88 8 47 87 82 69 41 75 47 51
73 18 6 28 28 41 60 23 42 46
13 7 33 5 47 32 60 60 51 35
89 3 62 85 87 55 19 59 66 24
54 35 40 13 12 27 2 61 23 35
79 29 87 43 74 14 61 9 94 5
21 9 17 50 17 47 50 19 92 100
39 51 32 51 6 63 40 61 56 87
50 97 79 89 28 42 98 88 71 92
78 85 84 92 99 57 31 90 68 79
39 91 82 39 93 82 100 99 73 19
76 29 61 3 1 66 26 44 59 2
19 53 45 100 64 71 2 73 86 62
30 70 15 67 84 25 51 14 52 37
99 25 88 74 9 82 59 40 100 85
52 63 20 68 91 9 42 95 87 46
49 97 33 18 87 88 24 88 11 66
73 82 91 56 20 5 68 46 83 1
64 55 58 8 82 71 97 76 97 68
57 87 48 6 96 10 7 56 39 42
4 63 39 38 60 100 94 57 50 35
90 53 37 94 47 81 54 50 15 26
8 52 22 78 35 95 87 92 91 62
17 100 56 76 81 61 56 38 33 87
40 38 80 100 98 83 84 11 57 39
27 98 62 42 10 33 87 96 68 41
97 5 5 99 77 20 47 69 7 74
24 71 68 76 73 54 85 84 3 64
54 45 88 19 5 48 59 29 28 13
18 39 60 30 85 98 89 75 11 11
22 63 97 98 51 89 42 34 14 68
19 13 56 43 82 73 89 70 50 61
3 23 12 32 71 65 51 54 41 67
50 32 55 68 5 95 54 50 72 22
91 3 12 40 99 32 27 70 75 28
93 46 74 48 63 97 39 12 70 58
84 6 72 6 14 50 92 15 71 10
98 21 9 99 22 58 85 15 39 43
93 92 97 53 61 34 100 87 16 52
61 91 95 3 58 10 36 11 60 90
76 26 68 81 40 80 31 33 43 81
57 64 27 13 39 77 61 93 28 11
13 45 70 82 52 79 41 77 78 39
95 10 96 1 51 42 83 32 22 5
3 4 43 41 64 82 10 51 38 1
11 3 68 22 15 76 43 16 53 12
37 86 1 61 23 57 68 7 78 29
8 24 69 83 20 12 74 88 59 22
49 52 89 51 1 63 98 35 47 32
51 31 25 91 44 13 93 58 90 63
58 20 5 2 49 68 28 71 43 66
93 44 63 64 34 46 15 25 17 31
59 86 62 91 18 78 51 30 17 25
72 31 13 73 6 63 78 11 7 10
63 52 18 3 23 95 17 13 47 74
83 50 30 83 92 1 25 43 80 64
22 46 35 66 61 73 69 23 17 28
64 43 81 58 22 16 32 39 36 53
41 50 36 49 81 37 2 29 94 59
54 55 68 84 92 95 44 65 64 19
65 27 38 24 39 16 10 48 64 11
36 74 84 87 39 34 98 65 32 25
52 8 87 80 93 6 86 32 56 58
99 53 30 28 94 90 85 51 98 35
14 45 23 47 67 66 97 22 41 60
43 11 100 57 52 30 4 1 90 85
83 91 80 90 69 9 58 59 29 50
91 80 20 62 54 14 7 10 81 97
52 63 16 60 7 41 35 70 27 58
19 93 34 12 20 79 96 40 42 68
85 51 9 10 33 23 87 46 35 19
1 91 82 62 80 67 40 32 56 94
19 24 62 11 40 90 63 71 27 74
21 14 77 28 49 61 42 81 10 80
33 95 3 48 6 56 90 35 19 99
33 29 1 77 18 40 9 48 24 56
30 14 73 61 59 17 85 82 12 82
55 94 26 32 20 71 67 44 94 35
77 58 40 45 21 50 100 38 16 30
28 70 46 45 87 13 76 39 3 19
28 71 90 14 4 28 14 5 66 54
23 60 7 24 21 15 83 79 91 52
15 49 95 71 92 10 58 42 43 66
29 98 33 87 97 6 86 25 3 92
14 100 44 38 20 36 99 25 13 6
66 81 75 43 31 62 44 33 87 37
75 69 33 98 71 77 40 87 20 61
55 50 89 16 17 49 42 43 27 7
Size
5 2 2 2 10 7 2 7 6 1
8 6 6 6 1 5 10 5 1 10
2 7 2 3 6 8 7 9 6 5
6 9 7 4 3 10 7 7 6 1
9 10 9 1 8 1 5 8 10 8
8 5 1 9 10 9 6 9 8 1
10 8 3 1 7 3 4 8 8 7
4 2 7 10 2 6 4 1 4 3
3 8 7 6 7 7 7 4 7 4
4 4 10 3 2 3 7 1 8 9
3 1 5 9 3 8 5 7 5 4
1 5 5 3 7 4 5 3 9 6
1 3 8 2 10 8 3 10 7 9
10 2 9 1 7 10 7 6 7 6
2 10 1 4 2 4 4 5 8 7
7 7 7 3 8 1 2 6 5 9
6 3 10 10 10 10 9 4 3 9
10 6 6 8 1 10 5 1 10 7
7 10 3 7 8 3 5 8 9 1
5 9 1 8 2 6 2 1 9 8
2 10 3 6 5 1 8 7 6 8
10 1 5 1 4 10 3 3 2 8
8 5 3 2 10 9 8 1 10 1
6 4 10 10 10 4 5 3 5 4
6 4 4 9 9 10 1 4 4 7
5 10 8 4 6 4 4 5 8 10
4 5 2 3 6 6 5 8 9 2
2 1 9 10 2 3 6 10 8 7
2 7 3 3 3 3 5 2 1 10
10 5 6 5 10 8 10 6 6 2
9 8 3 8 3 10 3 3 4 1
6 1 7 7 2 2 3 9 7 7
3 4 2 1 4 7 4 4 2 7
5 9 4 1 7 6 2 6 3 2
1 3 10 6 4 4 8 9 3 1
3 8 1 6 4 3 5 9 7 5
1 6 6 9 8 4 6 6 2 8
8 9 6 3 7 6 1 9 4 4
7 9 3 10 5 2 10 10 9 1
3 7 8 9 5 5 2 1 1 2
5 6 4 3 4 6 9 7 2 6
5 3 5 3 8 7 1 2 2 3
10 5 4 8 10 9 7 8 9 6
10 4 5 6 2 7 5 8 5 2
5 9 6 7 5 1 9 10 1 5
2 6 5 9 10 7 2 9 6 7
6 1 2 10 4 8 3 1 8 8
4 1 5 6 4 6 8 2 4 2
7 9 9 6 2 10 7 9 3 5
1 8 2 10 1 7 8 10 3 4
4 4 8 7 9 4 7 10 1 3
5 9 9 10 8 2 4 9 7 9
2 4 9 8 3 9 5 2 4 5
5 2 4 1 6 6 4 7 9 2
8 7 10 7 2 1 9 4 1 4
4 7 4 8 6 4 2 7 5 9
8 1 6 3 7 3 2 3 10 1
5 4 7 2 5 9 2 1 1 1
8 2 7 7 5 5 6 7 6 3
5 10 5 3 1 4 9 8 10 7
4 10 6 5 9 10 6 3 6 4
9 3 5 6 6 5 2 10 3 10
7 7 2 1 3 7 7 8 9 7
10 9 2 10 8 3 5 6 10 9
8 7 3 6 9 7 10 7 7 5
5 5 2 5 2 3 7 3 5 7
10 1 8 1 8 1 1 1 5 7
3 6 8 9 9 8 3 7 2 6
6 10 3 6 3 8 4 6 4 5
4 9 6 6 10 8 4 2 10 4
3 3 1 6 6 6 8 1 1 5
2 10 9 3 3 10 8 10 3 5
2 3 6 3 3 7 6 7 7 2
8 4 8 8 1 3 5 7 10 8
8 2 4 5 6 6 10 7 7 6
3 6 10 6 6 6 4 6 1 5
2 10 2 2 7 6 7 10 1 9
9 2 1 3 6 10 6 9 4 5
5 9 1 6 3 3 7 4 5 4
3 3 2 8 4 1 5 4 3 8
2 6 8 8 8 10 7 5 2 8
8 10 8 7 8 4 5 6 10 3
6 7 7 7 8 6 9 4 3 10
4 5 10 7 6 3 10 3 2 7
6 7 3 5 9 1 6 6 6 3
9 4 3 8 4 1 6 5 4 9
9 6 2 9 10 2 3 6 8 9
2 6 2 5 4 4 8 9 8 5
7 2 3 2 6 10 10 6 7 8
2 2 10 8 5 2 1 10 10 3
7 3 5 2 6 6 7 4 10 5
7 2 4 5 10 2 8 8 5 9
4 8 5 2 10 6 4 1 6 1
1 10 5 1 3 5 9 4 1 1
9 9 4 7 9 7 7 5 3 2
6 3 7 5 2 5 7 5 8 3
8 2 10 6 7 7 6 2 1 4
9 10 5 9 4 7 3 2 9 9
2 5 2 3 7 2 9 1 3 3
1 6 8 10 8 1 3 2 1 3
