n 100
m 10
cap 20
Processing
13 5 23 82 79 95 87 31 59 84
38 29 20 94 85 20 67 91 51 62
28 44 54 48 16 61 73 64 49 73
47 12 88 24 64 91 40 84 61 98
49 22 96 100 31 63 83 19 57 5
92 92 9 73 47 59 81 38 41 9
83 71 90 46 51 6 80 96 18 97
54 11 37 13 83 92 27 52 14 20
76 86 8 98 32 61 89 41 21 97
32 77 38 10 79 14 100 66 41 20
45 56 8 43 69 10 37 73 59 76
76 68 97 5 42 88 80 70 78 56
52 18 1 23 35 96 78 49 40 80
25 45 41 65 26 64 4 5 91 19
41 72 93 19 1 88 11 66 91 25
8 94 95 38 25 76 68 6 90 68
92 88 88 40 9 85 85 21 53 58
55 67 82 97 30 100 39 72 98 66
61 100 5 38 88 56 29 29 6 13
17 42 5 77 65 15 75 87 32 86
60 44 76 61 19 1 50 16 80 6
77 2 66 66 56 9 34 100 66 92
78 44 47 10 29 37 30 22 93 18
57 22 26 57 27 3 24 98 72 65
67 52 95 98 37 55 12 27 80 46
61 46 65 23 49 79 95 73 58 34
44 57 78 8 64 67 58 65 6 68
79 100 25 63 4 91 49 50 7 24
38 86 94 16 60 64 33 99 54 76
30 9 42 6 56 33 45 99 20 29
60 77 58 59 48 48 75 53 69 5
50 70 97 99 90 60 18 25 53 66
100 94 85 79 14 58 95 6 54 25
71 80 57 6 18 60 82 11 82 51
56 50 20 6 57 75 11 52 37 61
35 59 74 46 34 26 84 76 52 91
36 22 43 22 9 2 75 93 15 94
17 97 98 98 26 42 63 60 64 28
26 93 10 61 33 61 3 24 56 64
28 36 38 58 60 64 42 83 64 57
21 65 59 41 1 74 51 27 31 55
2 43 77 76 15 53 20 42 28 80
59 55 25 82 52 1 19 20 61 33
67 77 91 95 50 71 12 76 37 38
65 97 67 14 31 18 15 40 3 15
91 35 5 33 52 72 69 41 28 34
69 44 69 88 95 57 27 38 75 12
10 42 52 94 19 89 33 66 67 73
27 97 34 57 79 55 32 10 28 35
28 83 66 88 44 7 77 4 77 26
25 83 76 77 31 29 73 68 73 49
99 37 53 16 76 71 9 53 2 42
36 75 67 36 17 39 89 22 91 58
55 63 34 82 56 78 91 58 14 75
97 14 43 24 62 16 49 46 64 77
49 73 99 46 23 32 96 84 20 44
85 90 69 43 85 46 40 32 46 25
100 1 68 76 21 67 13 14 38 97
42 23 45 67 97 74 51 16 43 24
75 29 17 69 33 91 16 13 12 2
33 15 55 13 51 90 4 80 48 91
64 91 83 19 42 87 58 20 22 62
64 70 66 88 3 82 69 2 19 98
91 63 36 74 60 17 61 45 94 31
54 16 43 74 93 17 23 87 7 35
55 83 19 8 7 75 79 96 15 17
10 64 32 35 89 48 22 26 50 50
81 6 52 63 23 15 16 9 98 95
8 25 31 69 26 36 55 57 46 26
71 29 34 81 70 51 58 6 40 87
91 50 78 93 26 39 1 26 66 99
82 46 89 82 15 32 80 27 19 2
21 12 79 48 53 31 7 71 2 7
3 18 93 87 65 20 37 34 89 25
61 60 88 55 62 94 32 78 96 41
70 61 54 13 59 36 86 86 67 24
40 41 53 97 59 41 55 74 60 83
99 2 50 68 88 16 20 55 71 24
87 76 95 49 97 84 23 81 70 2
53 17 99 44 76 89 72 8 70 56
26 64 2 60 9 94 44 90 5 98
47 32 67 10 73 38 58 36 20 68
84 27 58 50 78 51 50 68 67 11
86 81 2 6 91 20 93 36 2 3
5 97 48 35 63 84 12 38 31 82
79 6 51 33 25 74 61 86 62 2
62 17 93 94 77 17 60 62 19 86
84 52 43 22 97 69 96 34 59 40
34 73 1 68 19 6 73 97 55 88
65 94 6 56 58 61 64 93 56 29
98 19 68 7 37 82 97 63 32 62
18 92 38 87 66 20 68 97 77 64
82 18 49 13 92 75 64 30 33 75
27 51 91 92 13 63 7 9 5 94
44 40 37 1 44 93 47 33 73 26
84 35 51 9 73 76 48 29 13 11
35 63 21 41 65 62 58 58 63 87
39 24 72 55 69 22 38 98 82 83
55 88 58 58 89 23 41 50 49 83
47 38 60 73 100 3 35 2 60 62
Size
4 1 6 10 10 9 2 2 1 1
10 3 5 4 2 3 10 6 3 10
10 1 7 4 1 4 3 2 4 5
10 9 4 10 9 9 8 6 7 3
7 3 3 10 4 10 9 9 10 2
6 2 4 2 1 10 7 8 10 5
7 6 2 8 10 8 6 9 4 8
7 4 10 8 6 8 2 1 7 4
7 9 1 1 4 9 2 7 3 7
10 2 3 9 1 3 7 1 7 2
2 4 2 8 1 1 1 10 2 1
4 10 2 3 9 5 7 9 6 9
6 1 5 8 1 2 10 4 7 4
6 7 6 5 5 4 2 7 1 9
6 10 3 6 4 4 9 6 10 9
3 2 1 6 5 2 9 8 1 9
10 10 2 9 3 4 1 5 5 8
8 1 6 3 3 6 1 1 3 8
4 4 9 9 5 3 5 8 5 10
9 10 5 5 4 3 1 2 1 3
3 4 5 1 2 7 6 6 8 8
8 10 8 5 7 7 1 5 3 5
4 9 6 9 1 1 10 3 5 5
10 9 8 7 10 1 7 7 4 7
2 2 6 9 4 4 9 3 7 2
4 6 3 1 7 9 1 5 9 10
6 1 6 6 8 3 1 6 7 9
4 10 5 8 10 8 2 4 2 4
3 1 3 9 2 5 6 1 5 5
4 8 9 7 9 6 7 4 3 3
5 6 1 1 6 1 7 5 5 5
7 5 4 1 10 8 9 2 2 9
3 5 6 4 7 3 1 8 1 5
1 2 2 4 10 7 5 7 1 7
5 3 4 10 2 9 6 1 4 3
6 10 2 7 5 1 9 3 4 6
7 9 3 10 6 2 3 2 10 1
1 9 5 4 10 8 9 3 5 4
8 9 2 3 6 2 8 10 6 3
2 9 6 7 3 9 1 8 9 8
8 3 2 6 2 7 7 8 5 10
2 10 7 1 3 4 3 3 8 10
9 5 1 1 8 2 7 1 7 2
6 4 3 4 4 2 2 5 4 4
6 10 9 2 6 9 1 5 5 2
6 5 6 6 7 5 9 9 10 8
1 5 4 1 10 1 10 5 10 8
8 9 1 4 10 1 10 8 8 1
10 5 1 6 4 7 4 1 5 10
6 3 8 2 10 9 8 4 3 8
1 1 4 10 8 5 6 5 10 2
2 2 1 9 10 7 10 3 3 4
2 6 3 10 1 7 7 10 8 10
6 7 10 2 4 2 4 9 1 7
5 6 2 9 5 7 1 10 9 9
1 1 6 3 10 1 4 9 1 5
2 1 10 6 1 1 3 8 8 6
5 10 5 4 2 2 6 3 2 2
6 7 5 4 10 4 2 9 10 7
8 2 8 5 3 10 10 7 8 7
3 4 10 7 2 10 7 5 6 7
9 1 9 8 8 6 1 8 9 5
1 4 7 10 3 8 5 10 6 7
1 3 3 7 3 5 1 4 8 4
4 9 6 2 2 5 7 4 2 4
1 6 8 8 1 4 5 3 3 6
10 9 1 5 3 7 1 8 4 5
4 7 4 1 6 2 2 4 6 6
9 9 4 10 7 5 9 9 6 4
4 6 8 1 4 5 6 1 6 5
5 3 8 6 2 9 8 4 9 8
9 4 2 5 4 10 1 9 10 10
4 4 3 1 6 10 3 7 10 7
10 4 2 10 7 4 1 8 1 8
10 10 4 8 10 10 10 8 6 9
2 9 9 9 4 4 10 10 4 3
4 10 9 1 6 4 9 8 2 5
6 2 10 7 8 1 5 10 8 9
2 9 6 4 6 7 2 7 2 4
8 1 7 7 7 5 4 3 1 8
6 7 1 10 1 5 8 7 9 1
10 7 8 1 2 9 10 9 5 3
8 6 3 3 5 8 3 4 1 2
6 6 9 9 5 2 4 7 7 3
5 9 7 6 1 8 2 9 9 5
6 7 2 6 4 9 9 4 10 8
6 10 5 7 6 9 9 5 5 4
7 2 5 9 2 9 1 9 8 10
3 5 2 1 10 3 1 8 6 3
3 5 4 2 7 8 9 3 9 9
7 1 10 10 5 8 1 1 9 8
5 8 2 5 5 6 7 9 6 7
2 10 8 5 9 7 6 4 2 1
3 9 1 9 2 3 1 7 3 9
7 8 9 10 6 3 10 7 5 6
1 3 7 3 5 6 9 1 7 8
7 9 9 10 6 7 4 2 2 2
6 1 1 7 7 7 7 1 1 1
5 7 7 6 2 7 8 5 1 3
5 2 2 9 9 3 8 10 3 7
