n 100
m 10
cap 20
Processing
96 37 41 35 11 99 76 11 47 85
83 43 55 44 18 64 17 35 11 9
54 10 73 7 3 31 59 94 62 41
36 17 93 53 26 58 21 75 10 5
61 39 59 49 25 48 20 20 96 93
82 95 82 95 54 6 62 12 13 80
76 64 2 14 85 100 6 68 69 83
6 51 62 14 9 92 77 49 98 23
42 21 58 73 59 23 46 18 6 71
50 31 31 80 33 28 7 67 24 69
90 44 70 17 91 80 47 81 15 80
8 33 74 28 22 5 82 85 44 86
35 81 86 8 6 63 80 22 53 34
74 25 74 87 76 64 40 87 17 57
11 17 95 88 57 80 29 34 37 73
10 22 34 81 15 32 43 58 100 75
34 39 9 27 10 87 62 67 67 30
6 42 60 94 88 42 74 52 30 87
77 8 44 60 84 55 37 24 87 69
79 51 65 91 84 49 13 35 86 37
28 18 7 34 80 5 32 37 99 33
45 34 35 47 64 98 90 23 49 49
14 14 45 1 96 46 44 6 3 90
64 69 95 55 22 56 23 88 4 68
67 17 8 89 25 68 21 18 79 63
91 26 12 26 38 25 51 5 18 52
29 20 74 23 33 18 78 85 70 39
98 57 2 20 4 94 55 4 21 4
47 80 69 26 48 12 42 27 9 36
74 10 38 85 49 6 43 32 32 59
7 72 52 22 25 71 57 1 28 7
24 70 40 7 38 100 42 16 23 52
8 6 32 14 31 63 95 18 23 83
28 2 75 78 32 25 28 74 76 30
3 98 98 79 50 16 64 97 51 91
24 96 95 4 42 51 92 32 84 73
33 37 82 13 74 87 72 92 92 14
19 6 24 48 54 90 2 16 83 44
62 95 69 78 88 61 68 66 28 31
28 85 29 23 26 33 71 20 83 92
82 52 98 23 28 86 88 84 74 3
12 40 29 57 1 32 58 72 36 67
61 66 51 97 3 68 77 41 70 80
49 24 28 72 77 61 67 30 9 70
45 6 46 90 45 97 55 94 6 65
68 99 51 6 86 47 61 78 55 56
8 55 94 75 22 63 33 50 17 18
60 57 98 33 6 35 85 81 82 92
15 31 23 65 29 87 42 23 18 33
40 25 100 16 58 25 90 93 33 32
10 28 27 37 51 54 94 67 100 61
7 66 94 37 72 87 3 92 71 41
23 28 75 90 44 88 42 58 65 22
76 42 60 24 83 62 4 34 28 42
12 86 29 28 99 97 42 28 11 63
29 1 47 49 19 6 91 21 19 42
13 18 53 45 62 16 35 37 50 64
52 46 27 53 71 33 61 23 91 50
33 84 43 25 47 86 10 96 18 63
49 99 63 82 6 23 34 12 38 29
18 37 20 1 84 80 51 89 85 83
52 74 42 71 24 68 36 98 64 69
97 57 76 67 72 63 18 47 24 92
85 67 71 70 15 30 62 53 73 37
23 55 20 55 27 34 74 12 43 78
46 78 68 51 53 20 38 24 85 98
73 24 35 31 56 14 34 55 36 23
70 8 58 90 65 4 73 96 39 15
37 71 57 81 4 60 29 70 20 2
42 64 86 6 62 60 38 31 7 14
100 24 88 28 79 95 40 37 57 54
60 72 91 17 54 52 33 68 61 56
62 1 65 6 98 96 50 13 49 20
29 13 79 71 41 60 75 6 25 51
58 36 83 32 55 17 81 83 24 84
43 60 33 38 85 13 99 94 18 3
1 28 44 30 36 81 38 53 63 40
95 98 57 97 82 48 51 11 54 55
20 6 16 11 11 26 64 49 50 55
82 47 91 89 29 89 70 65 83 26
78 66 11 65 19 88 96 61 46 22
97 27 71 69 42 77 83 81 33 71
46 83 62 77 23 60 38 47 21 70
27 6 30 62 88 21 32 55 33 1
41 73 9 48 87 74 92 45 56 66
62 59 21 79 23 33 38 93 65 17
39 18 37 72 53 39 23 64 100 3
1 72 98 39 76 38 88 87 59 13
39 73 74 4 25 89 85 15 50 97
61 63 50 92 5 40 4 94 81 39
91 14 96 63 98 93 74 55 63 17
64 55 12 51 37 25 92 38 7 99
30 1 41 87 61 78 24 52 78 43
100 5 21 56 31 99 74 97 72 96
13 84 61 87 6 40 76 41 91 31
14 68 36 45 20 39 43 3 99 76
33 90 12 77 3 21 53 25 82 35
72 96 19 6 30 19 75 96 22 9
79 49 100 21 31 17 58 15 70 67
88 18 20 31 2 32 20 32 11 75
Size
4 8 2 4 5 8 10 2 4 7
2 7 8 10 6 7 5 1 7 6
2 1 10 2 3 2 7 8 8 6
1 7 4 3 5 9 10 3 10 4
3 1 9 9 8 3 1 4 8 4
8 7 2 4 2 9 4 1 10 8
6 3 10 9 6 3 5 2 2 9
3 8 2 8 8 7 6 8 6 5
6 4 1 4 6 8 4 10 5 2
4 9 4 5 7 10 6 6 3 5
2 1 10 8 4 9 10 7 4 1
10 5 5 9 5 5 9 4 8 10
1 2 7 9 2 5 5 5 6 8
6 2 3 6 3 5 8 8 9 10
9 5 5 5 5 2 6 1 1 8
6 7 7 2 3 4 1 4 5 5
10 6 8 1 5 1 4 2 4 7
9 3 4 2 4 9 1 10 1 4
7 8 2 6 2 6 9 8 5 9
4 10 10 5 1 3 8 6 6 4
8 9 8 6 7 10 6 1 7 2
8 1 2 4 8 1 3 1 1 8
2 8 1 7 4 1 6 6 2 8
1 2 2 1 8 3 2 6 5 9
10 4 3 10 5 7 9 10 10 7
9 3 10 1 5 3 6 8 6 3
9 8 9 7 1 5 6 8 6 9
7 5 9 8 1 8 8 3 7 10
3 1 7 8 10 9 9 2 10 3
9 1 6 6 3 1 6 3 9 8
3 7 5 7 10 3 1 2 1 8
6 8 2 10 10 10 10 6 2 2
6 5 1 6 5 7 5 5 3 5
7 1 4 5 3 9 3 4 3 8
3 6 8 8 5 5 5 9 2 4
5 6 5 10 5 7 8 7 9 1
6 6 3 6 6 8 7 7 9 3
2 10 3 1 5 4 9 3 8 5
7 2 10 8 10 7 6 5 3 2
1 6 6 9 8 9 8 1 8 2
10 10 6 5 3 7 10 8 5 4
1 3 5 8 10 6 9 9 5 2
10 8 8 6 6 3 9 9 2 1
3 1 4 3 6 2 6 8 3 8
6 5 2 2 3 8 2 9 3 6
1 10 8 9 3 2 7 6 7 9
4 1 6 2 7 2 9 7 4 5
2 2 2 6 2 7 1 4 4 6
4 6 8 9 1 4 4 4 2 4
5 10 4 6 2 3 7 1 6 5
9 3 8 6 5 4 5 10 5 10
9 3 8 5 4 4 9 6 9 9
1 3 6 9 5 9 7 10 6 7
3 10 4 3 1 4 4 3 7 10
3 8 7 6 6 2 7 2 7 6
2 7 7 1 9 5 2 5 10 5
7 9 6 9 4 7 3 3 7 9
4 2 4 5 5 4 4 3 7 2
8 8 2 2 10 8 8 5 6 7
7 6 2 3 5 9 6 5 2 7
6 10 2 10 4 6 10 8 5 10
9 3 6 9 7 1 1 7 2 3
4 5 5 9 6 1 3 4 1 3
9 10 1 6 6 5 2 6 2 7
4 7 8 5 8 9 7 8 1 5
6 2 5 8 8 5 1 8 5 1
6 2 4 1 3 9 9 4 4 7
8 7 4 7 4 2 9 8 2 9
5 2 7 10 5 8 9 4 1 1
8 8 3 8 8 1 5 9 7 5
5 7 3 5 1 1 7 6 9 7
7 2 6 7 6 2 9 7 6 3
7 10 4 9 1 7 4 7 7 6
8 3 10 9 6 8 7 4 8 6
2 2 9 3 8 5 6 8 4 6
10 10 10 2 6 10 10 5 1 4
7 7 6 10 6 1 7 10 3 1
6 3 6 2 4 7 10 1 7 10
7 3 6 1 3 9 2 10 10 7
6 3 6 4 7 5 6 3 5 5
10 10 4 8 2 10 2 4 10 5
3 1 3 4 10 4 7 5 4 10
2 3 6 5 8 10 1 4 4 2
3 7 2 1 6 8 7 8 1 6
2 1 9 5 1 7 6 4 4 6
2 2 6 3 1 10 7 10 10 5
6 4 3 8 10 1 6 7 8 6
9 6 5 7 8 8 8 7 5 4
5 9 7 1 9 5 8 5 9 8
9 6 3 5 4 6 7 8 4 9
7 1 4 2 1 10 10 3 5 9
7 7 5 7 4 2 4 9 9 2
5 2 10 2 4 4 5 9 8 1
5 8 10 8 6 5 2 2 8 1
4 10 5 5 2 8 2 6 4 3
2 4 4 10 8 7 1 8 10 10
6 10 3 9 4 2 8 7 10 9
10 1 1 2 10 4 3 9 9 7
8 9 6 3 3 10 5 4 6 6
5 3 4 4 9 6 4 9 5 4
