n 100
m 10
cap 20
Processing
96 39 68 74 80 38 2 90 74 70
82 31 58 21 46 28 50 49 8 93
79 36 60 43 63 73 44 29 20 98
92 63 30 99 81 7 52 21 60 48
25 65 49 41 70 54 64 9 4 47
71 2 96 68 96 9 80 76 29 78
73 44 97 73 83 88 8 38 17 26
18 46 19 86 31 36 82 24 6 36
58 95 79 6 51 15 69 19 3 85
75 94 87 67 97 19 22 40 19 6
27 27 44 50 5 19 63 41 35 75
10 23 30 39 44 61 6 67 89 32
48 85 89 37 79 12 86 10 13 71
58 79 56 93 90 40 35 91 39 32
74 34 98 54 2 96 14 86 59 30
22 50 68 64 67 58 46 13 24 47
77 56 89 20 14 48 87 37 41 37
47 53 72 56 73 85 37 27 31 35
87 68 69 79 49 25 81 96 35 35
53 53 96 14 62 100 41 64 36 68
89 21 29 21 99 78 93 85 30 93
93 13 33 69 69 54 46 28 95 26
21 3 79 22 96 32 6 59 34 92
3 63 55 36 35 2 50 50 61 16
48 88 14 53 29 96 43 20 54 100
38 33 16 93 62 65 56 86 78 18
6 65 62 32 24 61 16 94 82 62
100 81 100 81 76 32 59 89 52 59
77 58 90 84 18 30 84 34 12 39
32 8 84 40 52 51 58 54 25 13
72 10 30 36 60 52 53 48 52 38
74 20 48 25 25 70 45 1 30 82
8 57 42 79 82 55 28 82 12 18
56 25 55 1 2 53 31 67 74 52
47 84 65 37 15 75 24 7 65 33
30 59 99 85 45 56 100 7 91 83
10 20 88 24 31 57 2 29 49 11
36 34 3 21 94 25 52 22 15 1
25 11 43 22 10 90 33 58 60 73
78 89 32 22 65 7 10 26 10 92
83 71 96 33 26 39 11 33 17 44
3 62 7 39 54 95 12 55 80 54
88 60 8 11 55 27 39 76 79 27
23 57 6 9 98 45 64 5 99 18
97 28 2 36 4 68 12 34 12 81
9 25 47 91 17 83 88 68 91 16
39 18 24 83 21 53 61 10 75 70
33 21 17 97 59 95 30 36 64 56
9 47 29 67 6 30 76 27 42 54
54 43 43 59 97 9 22 6 26 82
94 93 34 40 55 60 95 65 81 8
39 58 62 14 56 42 100 2 82 63
94 30 13 87 17 56 40 53 55 51
52 81 27 85 28 56 7 45 8 62
41 67 56 65 94 100 75 94 69 42
62 86 31 65 36 96 97 34 5 67
32 38 15 35 42 98 67 34 84 54
39 41 3 41 55 5 66 35 90 78
34 67 31 12 52 33 9 35 59 61
34 19 78 19 34 85 52 26 12 2
29 12 7 36 73 69 96 29 99 92
40 99 32 42 26 8 86 5 30 6
28 19 38 77 86 59 55 7 88 39
77 50 51 1 17 42 41 36 9 84
43 5 38 1 87 91 70 95 89 19
62 97 69 39 88 59 27 45 16 74
34 58 9 93 59 54 54 93 89 63
27 13 65 27 61 59 81 36 7 14
54 47 89 89 92 92 81 94 50 11
45 79 71 11 54 29 33 30 48 82
84 14 83 14 41 77 24 70 79 52
91 17 68 35 87 27 72 90 44 16
95 36 34 31 32 60 71 10 1 88
31 42 21 35 13 67 99 2 25 48
2 42 59 49 13 74 82 44 91 9
100 80 6 35 23 89 78 23 36 39
52 1 85 98 75 8 91 75 86 9
26 48 31 94 71 2 80 20 80 67
89 24 68 67 90 41 11 48 48 100
77 8 50 34 88 77 91 70 88 38
25 56 77 67 19 66 90 28 13 81
29 59 84 6 20 66 40 94 17 73
94 60 31 81 10 100 61 91 62 62
85 52 47 56 58 23 88 73 31 44
75 58 85 93 14 90 95 68 37 75
53 99 10 60 78 31 75 58 50 64
5 50 16 43 7 66 11 55 1 11
24 70 59 30 20 60 41 66 95 78
15 93 34 36 14 65 26 18 62 41
82 56 61 52 97 70 53 66 10 73
3 19 26 20 49 23 2 97 3 19
3 19 28 45 83 26 2 80 28 57
15 69 70 53 82 6 49 70 69 29
20 77 86 99 99 52 34 89 88 39
20 86 29 71 52 85 70 66 31 99
94 61 52 68 11 93 86 88 91 68
45 67 14 40 96 88 79 49 93 10
79 68 6 9 51 38 46 31 75 100
72 85 47 79 64 31 98 43 14 43
62 59 35 57 49 10 9 16 48 39
Size
6 7 7 9 8 1 2 4 10 8
1 1 5 9 5 1 3 5 3 9
3 10 4 9 1 2 3 5 3 10
2 7 4 1 8 6 3 6 9 2
9 10 4 5 10 10 5 10 2 6
2 9 9 6 1 8 10 10 7 7
5 4 5 7 4 9 6 2 10 4
8 3 5 8 9 8 2 2 2 5
8 10 3 3 7 5 4 4 3 9
10 9 1 5 4 4 5 3 4 3
6 8 7 3 1 4 7 6 8 3
6 2 7 10 6 4 7 4 6 4
9 6 10 7 2 4 9 5 4 6
2 4 7 5 4 6 2 6 6 1
3 10 10 5 7 10 4 1 8 8
6 9 8 1 1 7 6 6 10 7
1 8 10 10 8 1 8 7 10 10
2 6 3 5 10 3 7 10 4 7
1 5 5 5 6 2 7 7 7 10
6 8 3 6 4 7 10 4 9 9
4 2 10 3 4 9 7 10 4 9
8 9 5 7 7 10 4 3 10 7
8 9 2 10 1 5 3 10 6 4
8 2 7 2 1 10 8 5 6 3
7 6 9 4 9 7 9 4 2 1
8 10 2 5 10 7 7 1 2 10
10 8 7 10 9 1 6 4 1 1
3 8 3 1 6 3 2 6 10 8
9 4 6 6 10 5 6 3 8 3
4 6 2 4 6 4 7 4 1 3
8 10 1 10 7 7 9 7 3 5
6 4 5 8 4 10 8 7 3 4
5 7 1 9 9 10 2 5 3 9
2 5 6 8 5 9 7 1 5 4
1 9 3 7 4 1 6 3 9 9
10 4 2 2 6 10 1 8 5 3
10 5 3 4 9 3 10 7 6 8
9 9 2 1 4 10 8 10 8 2
5 2 3 4 7 6 4 6 2 5
3 4 5 4 5 10 3 5 5 1
2 5 1 6 8 7 3 4 6 6
10 5 5 7 4 3 1 4 2 9
6 1 6 10 3 9 1 10 7 10
1 3 4 8 9 4 6 2 8 6
2 2 5 3 10 1 6 3 10 3
10 7 4 7 7 10 10 8 8 6
6 10 10 9 1 7 2 6 8 7
6 8 2 1 9 4 5 7 8 7
5 8 1 4 4 5 8 8 4 10
3 8 9 7 2 1 5 7 8 7
3 6 4 5 5 9 6 5 1 10
9 8 5 1 6 5 9 1 6 8
8 4 2 3 7 7 2 7 9 3
5 5 2 5 7 7 2 1 3 7
9 1 10 1 10 10 2 3 7 5
6 3 10 1 4 2 7 5 10 4
4 7 8 9 7 2 10 8 10 1
6 2 6 3 8 1 9 4 2 4
1 9 2 6 3 2 5 4 1 2
9 6 3 7 8 3 2 9 10 10
7 9 8 8 7 3 8 5 7 7
4 5 10 10 10 8 7 4 7 3
10 8 9 10 10 4 7 7 5 2
4 2 2 7 5 3 7 9 3 9
1 1 10 3 8 10 5 3 5 7
4 7 9 8 2 6 4 2 1 2
1 9 10 4 4 6 5 6 9 2
8 2 7 6 6 1 1 2 2 1
8 10 1 8 10 6 9 8 7 3
1 7 9 6 2 6 6 3 7 4
1 3 8 1 6 6 8 6 8 1
4 2 1 10 7 7 7 4 2 1
7 6 6 7 9 3 2 4 2 2
10 8 1 3 2 2 7 7 7 1
6 2 8 8 1 4 7 9 3 4
2 3 2 5 6 7 3 8 6 5
6 6 8 6 1 10 6 5 1 10
10 5 10 8 3 6 4 4 8 2
10 7 8 6 2 1 6 2 6 10
3 4 4 8 1 1 1 4 8 7
4 4 9 6 1 10 5 1 1 4
7 8 6 2 1 7 10 6 6 2
8 2 1 6 6 7 4 10 6 5
7 7 5 9 7 10 2 4 7 5
1 3 4 7 6 8 2 4 6 6
8 3 5 10 3 10 10 5 8 5
2 4 6 1 6 8 9 9 2 6
6 1 6 4 6 10 6 8 7 8
10 5 3 2 9 9 6 2 1 7
6 9 2 6 10 8 9 6 5 9
4 8 2 10 8 4 9 2 9 1
10 6 7 1 5 2 6 8 7 8
6 9 9 8 1 2 9 2 5 4
2 8 4 6 5 4 8 1 4 3
10 2 8 4 9 9 2 2 4 6
6 5 10 10 1 1 3 5 9 6
1 10 2 5 7 9 10 5 8 3
6 10 2 6 4 2 3 3 3 2
4 3 5 9 9 8 1 9 5 3
9 6 9 5 10 5 10 10 3 10
