n 100
m 10
cap 20
Processing
51 69 7 87 26 37 96 8 2 66
58 23 20 49 7 20 41 71 30 21
3 54 12 83 83 28 88 71 21 83
11 70 6 37 55 7 88 7 20 21
13 68 28 19 18 33 78 16 56 1
60 33 21 6 52 99 55 50 32 9
5 53 70 91 59 95 3 10 58 15
34 97 11 28 32 74 77 70 76 87
98 49 89 74 100 87 97 7 95 17
77 87 48 47 21 4 43 81 97 85
39 69 41 24 66 14 25 51 48 88
40 67 61 24 100 28 62 65 87 52
73 40 91 81 22 55 4 51 1 23
88 8 59 49 45 90 16 85 31 88
83 87 56 93 44 19 61 7 47 6
70 1 54 96 42 94 79 82 57 10
44 38 37 74 8 71 65 34 16 17
20 17 38 78 9 1 3 43 17 31
94 60 68 2 53 46 72 66 36 20
89 41 49 89 23 80 5 49 80 44
24 97 9 44 57 68 81 32 23 7
4 39 55 10 73 72 30 57 33 49
91 22 52 37 65 28 74 46 87 83
44 70 2 88 45 47 4 38 69 87
90 56 86 71 30 60 72 61 31 66
6 4 11 81 12 41 91 48 19 60
9 44 42 98 78 48 24 12 23 11
5 48 89 19 63 20 9 75 56 54
58 95 5 96 83 38 17 51 94 49
47 72 71 98 95 50 17 16 11 40
75 62 98 2 57 65 59 88 20 71
95 45 62 29 9 74 69 35 95 89
57 36 98 70 31 33 89 39 17 33
69 23 61 31 79 31 87 14 72 2
5 5 36 70 86 84 70 72 33 46
82 39 79 96 80 65 37 79 100 79
69 79 6 73 69 18 61 81 4 12
27 80 13 96 93 44 38 90 91 31
37 3 55 54 67 46 72 56 77 99
48 48 63 50 28 68 38 67 81 57
98 80 8 32 55 62 68 20 9 39
97 35 10 36 58 62 29 47 17 26
42 98 25 90 20 83 41 60 26 58
96 87 50 90 64 54 10 90 9 30
41 61 86 88 5 29 45 74 84 85
28 15 59 80 95 79 86 22 6 6
12 75 37 38 39 61 98 40 80 62
16 30 54 79 100 9 37 57 40 53
87 35 100 33 75 32 31 49 55 30
44 26 68 21 76 12 77 57 27 97
96 89 14 14 17 52 45 84 17 80
20 50 83 28 93 65 87 55 88 91
64 41 96 98 71 79 13 82 28 28
2 55 37 42 62 37 70 10 33 83
23 71 79 4 95 36 57 8 28 9
79 30 74 54 99 65 84 74 50 94
53 60 64 26 77 16 48 95 73 66
92 40 22 37 90 56 74 58 72 56
2 43 57 83 16 59 84 62 60 28
41 29 39 29 69 66 44 19 34 25
24 31 71 57 3 19 100 96 62 96
73 62 66 21 84 40 68 92 34 51
36 89 6 71 62 62 30 54 39 78
25 28 47 61 7 64 80 67 99 21
57 32 31 93 26 6 3 41 87 46
76 54 81 73 5 68 62 10 36 100
91 65 27 21 71 91 66 14 83 82
92 50 70 86 7 51 44 35 99 76
43 66 24 58 59 44 23 69 9 88
75 44 91 75 16 2 95 44 67 60
94 49 8 40 96 97 57 86 78 96
96 49 26 80 76 29 5 3 35 69
74 41 6 1 55 90 42 8 63 63
32 61 68 73 35 42 20 76 16 85
10 86 45 44 14 71 75 47 44 41
37 62 64 63 65 23 70 1 59 75
29 10 49 82 96 96 80 51 48 53
92 30 19 11 37 88 37 22 62 28
88 61 72 100 97 95 92 27 20 67
16 31 84 25 65 1 28 44 9 16
79 41 21 51 22 65 79 26 94 26
70 12 43 86 61 87 60 85 43 52
36 24 63 34 67 76 20 76 66 91
24 77 92 15 83 2 22 72 19 48
75 77 91 55 36 62 72 65 33 92
39 31 1 42 45 17 48 75 50 35
97 96 32 88 10 10 1 100 7 12
69 39 15 44 80 81 61 60 93 1
69 31 90 37 70 73 37 19 21 25
19 94 20 24 16 40 40 90 47 32
94 83 25 72 75 55 37 56 26 17
73 33 33 28 68 61 39 20 69 17
16 71 34 44 98 84 93 67 87 58
6 65 8 99 56 65 38 28 87 91
23 9 83 35 82 24 68 89 23 34
61 30 82 54 26 16 27 93 99 6
26 100 99 31 17 20 6 46 31 14
8 66 91 87 44 7 1 54 64 16
85 54 46 17 20 27 18 44 73 85
79 9 27 57 51 99 36 12 18 39
Size
7 9 2 9 6 9 6 3 4 10
1 2 10 5 8 10 10 5 8 6
2 9 1 9 1 7 8 8 5 2
3 1 1 7 4 2 4 9 1 4
6 7 6 8 4 5 6 10 4 8
8 7 6 8 7 9 8 6 6 4
5 3 5 10 10 6 5 4 1 2
2 6 10 3 8 1 3 6 6 6
6 10 3 8 4 1 7 7 5 3
2 9 8 8 8 6 5 5 1 4
2 4 3 4 6 8 8 5 4 1
2 5 3 2 1 4 8 9 3 9
1 8 1 4 4 3 3 8 6 5
5 4 3 7 4 3 10 5 10 9
1 6 4 5 4 9 6 2 9 1
10 8 2 4 10 9 8 6 8 3
2 4 10 8 10 5 10 10 9 4
10 9 2 3 6 10 2 8 6 2
10 9 8 2 3 6 1 7 1 6
4 6 3 9 3 6 9 5 6 8
3 10 4 2 10 4 5 10 1 7
6 2 5 1 6 6 6 3 7 6
8 7 1 3 1 10 3 2 5 2
10 2 6 9 5 2 10 1 10 5
6 6 2 10 10 7 1 2 1 9
5 4 5 10 6 5 9 10 5 2
3 6 2 6 8 8 6 6 3 7
3 2 5 4 2 10 2 9 8 8
4 10 2 6 8 1 1 4 5 10
3 10 3 4 4 2 8 3 5 10
9 7 3 3 10 2 6 2 10 6
8 2 10 10 7 6 10 8 5 3
9 6 4 1 7 3 4 6 6 7
7 9 4 3 6 3 9 10 4 2
9 9 7 7 7 7 3 10 10 10
3 10 2 8 8 3 6 6 3 8
6 9 2 5 7 2 6 6 3 7
5 3 9 3 6 6 7 7 4 3
8 1 3 2 9 7 10 6 7 8
4 3 3 1 10 6 1 10 3 9
4 9 6 10 9 9 1 4 1 1
10 1 4 1 1 10 7 10 7 10
2 2 3 2 8 8 5 1 2 1
5 1 3 7 4 2 4 5 8 6
7 3 1 8 3 7 7 8 2 6
7 7 5 5 6 7 8 4 9 6
8 10 8 9 8 4 6 3 6 8
6 3 4 7 7 1 2 1 7 2
9 4 1 9 5 6 4 3 4 5
9 7 8 7 5 3 4 2 5 7
6 5 6 1 6 1 7 3 8 4
8 5 10 2 3 8 8 6 10 4
1 8 5 4 10 9 6 3 10 10
3 3 1 4 5 9 5 1 3 5
7 3 3 5 6 6 6 7 3 6
3 3 4 5 2 2 7 9 2 6
7 6 2 8 3 1 3 4 3 10
2 9 9 7 10 7 5 5 6 2
1 7 10 2 1 5 3 2 7 6
3 1 1 3 3 6 8 10 4 7
3 1 3 9 9 7 1 2 3 7
2 7 8 10 5 7 7 2 10 2
2 10 1 9 6 6 8 7 3 9
7 7 9 2 3 5 7 10 8 8
8 8 9 6 3 10 2 5 3 1
9 1 3 4 10 8 2 10 1 8
6 6 4 4 1 6 5 8 7 8
2 10 2 1 4 9 9 1 5 1
1 9 10 3 1 6 3 4 1 9
4 2 3 10 6 6 8 8 9 8
6 9 7 6 6 8 6 6 10 5
7 10 9 8 4 10 6 8 1 9
8 6 5 9 6 3 4 6 4 10
8 9 1 4 3 8 8 3 7 9
7 9 5 4 5 9 1 3 10 4
9 8 8 5 8 3 6 6 6 4
10 4 1 9 1 5 3 5 10 9
2 6 10 5 4 3 2 9 10 9
5 4 10 10 1 6 10 7 7 2
2 10 2 1 1 1 7 1 2 7
10 9 1 10 1 5 3 2 1 1
10 4 1 2 7 8 1 5 3 9
2 7 10 7 6 6 8 7 9 7
9 1 10 10 1 6 10 3 7 5
1 3 2 8 4 8 7 7 6 2
7 5 7 4 3 8 5 5 10 3
8 1 5 1 10 2 8 7 9 2
8 4 3 7 4 3 2 6 2 4
5 5 9 1 4 5 7 3 7 6
10 1 9 7 2 4 8 2 10 2
1 6 6 7 10 6 8 10 8 10
1 6 9 9 2 1 4 4 3 1
6 7 6 7 4 8 10 3 9 7
10 10 7 7 5 10 6 3 1 8
10 2 5 7 4 2 1 1 7 10
5 6 9 6 8 9 6 2 4 1
8 10 8 6 4 9 1 5 2 3
10 5 2 3 6 7 8 3 6 4
9 8 4 4 8 10 4 3 9 9
10 3 10 3 3 8 2 4 5 10
