n 100
m 10
cap 20
Processing
7 97 97 9 53 52 92 21 82 64
12 61 61 63 6 69 50 37 97 48
78 11 32 54 12 61 2 46 8 81
18 28 96 1 77 96 18 17 66 48
7 98 20 9 79 80 28 75 100 60
50 60 32 89 79 21 6 88 37 14
9 14 70 39 94 16 89 98 88 64
76 83 61 52 89 36 31 11 53 2
34 49 57 27 98 57 79 33 3 44
63 8 90 1 77 27 12 36 86 4
68 56 75 68 21 100 58 1 34 75
17 88 91 55 46 60 91 30 92 39
34 98 48 22 75 70 23 18 12 98
6 48 98 26 14 52 72 63 24 82
93 77 23 8 28 4 29 58 58 21
79 23 86 90 58 88 5 11 67 20
16 87 17 73 75 82 77 71 75 77
1 68 54 87 81 33 77 82 91 46
95 72 17 38 46 34 90 29 69 56
93 46 83 64 44 95 34 96 50 82
12 29 74 93 8 36 72 83 96 65
46 1 18 24 66 95 63 81 79 89
43 24 36 29 92 92 62 6 52 64
62 30 98 58 71 45 91 13 97 28
89 31 20 86 60 53 32 17 55 5
92 10 75 84 22 56 43 89 4 80
1 14 6 77 89 89 29 37 84 74
38 90 95 78 34 80 45 16 44 55
85 76 17 56 62 89 30 27 56 7
79 3 85 79 28 58 97 71 87 91
39 9 51 65 30 84 80 49 70 34
35 13 72 47 83 16 9 79 55 58
41 33 53 8 66 13 96 51 76 32
54 85 1 8 50 98 7 60 7 9
56 42 71 21 60 75 47 21 43 69
100 42 48 96 19 41 33 38 67 82
47 93 52 37 35 36 1 30 64 31
69 60 21 96 9 9 60 4 56 18
91 62 1 11 36 58 61 31 31 44
55 15 88 54 60 33 53 19 22 32
20 69 24 43 65 23 97 32 10 56
59 66 60 70 56 67 1 12 86 50
61 56 94 58 64 81 56 96 69 64
45 2 34 26 26 45 28 67 92 36
73 96 18 33 90 15 75 78 13 42
93 11 13 90 43 67 77 49 10 71
47 86 15 50 62 77 22 67 63 34
51 49 90 6 58 34 55 9 66 84
45 66 97 31 15 16 72 67 37 49
35 12 56 54 91 6 53 7 60 13
14 34 100 75 99 69 65 15 32 29
82 10 51 64 19 55 36 87 37 71
26 22 38 63 24 61 54 89 88 12
60 11 5 95 86 49 81 84 72 31
1 2 87 66 40 7 92 33 13 64
58 68 6 71 28 4 84 26 77 17
7 73 36 76 80 35 55 37 90 53
19 25 44 58 36 68 61 96 35 62
45 65 99 95 29 40 82 20 75 48
55 22 7 25 87 42 56 74 89 86
78 39 67 97 63 89 6 91 43 24
75 16 99 42 39 22 89 35 23 22
11 60 21 94 100 68 26 36 40 37
62 45 99 79 74 28 49 64 77 82
14 75 97 6 33 65 44 33 69 68
2 8 47 3 1 59 100 19 40 74
100 93 97 47 40 53 17 63 46 82
14 100 38 90 55 40 88 35 98 29
90 77 84 99 21 6 66 2 99 93
77 83 62 32 48 53 62 87 98 87
78 72 38 5 68 53 4 18 32 25
18 43 27 50 9 67 49 23 24 32
42 52 62 54 47 8 69 52 17 96
80 13 6 92 80 87 39 35 49 85
85 48 45 50 60 53 43 78 54 91
63 31 93 85 12 90 33 78 48 10
33 75 24 48 13 71 26 42 55 6
67 74 43 75 21 19 74 68 30 58
24 68 52 21 19 79 29 54 49 6
31 98 82 4 4 24 49 4 53 25
49 47 47 45 99 89 41 97 4 28
80 14 32 47 87 61 97 41 62 86
28 20 54 29 45 88 10 81 93 28
72 49 33 44 7 83 10 38 16 54
69 78 28 89 65 37 20 35 81 83
84 41 41 35 2 91 79 25 57 88
54 69 86 9 8 35 20 55 70 4
89 92 31 22 26 59 83 53 71 83
18 50 44 89 35 32 19 57 18 72
46 49 52 34 13 11 25 22 29 7
79 63 74 25 69 80 23 72 10 18
64 75 75 48 96 59 16 20 91 44
35 61 84 12 94 52 96 5 69 51
91 68 59 79 37 28 63 51 17 90
93 6 55 22 71 85 15 47 60 65
18 18 32 18 31 34 16 60 12 68
13 76 42 66 53 2 27 73 4 20
40 83 48 42 7 88 72 28 10 41
60 33 39 80 88 77 71 85 56 65
29 70 70 98 62 40 81 1 39 1
Size
9 8 2 9 4 6 5 3 7 9
6 2 4 7 5 5 1 4 3 10
4 2 1 2 5 10 3 3 8 8
1 6 2 3 7 10 7 7 6 1
7 10 1 10 5 5 10 3 6 4
9 9 9 7 2 8 4 6 1 7
9 9 2 7 1 8 10 1 6 7
5 7 8 10 6 9 3 5 2 1
5 10 5 4 1 6 9 7 10 9
5 3 7 3 1 6 3 9 6 1
10 7 2 8 10 7 2 7 6 3
8 1 4 6 7 6 10 9 9 5
6 3 9 6 3 8 7 7 1 6
7 8 6 8 3 5 5 8 7 1
6 6 4 1 10 2 10 3 9 6
5 4 9 1 4 9 9 6 8 6
6 5 6 7 3 1 6 9 3 3
9 4 8 8 2 10 8 1 9 10
3 7 9 5 8 2 1 9 10 1
1 7 3 6 7 1 3 6 7 5
10 10 6 8 10 10 9 3 9 3
3 7 10 6 3 1 9 5 8 9
5 6 4 4 8 6 7 6 6 5
5 3 7 9 9 6 10 10 9 6
3 4 3 7 7 7 10 10 7 3
1 6 3 5 3 8 10 9 8 5
4 2 5 5 6 9 6 7 9 5
5 10 8 1 6 3 2 6 6 8
1 9 8 3 4 9 8 4 3 7
6 6 6 7 1 1 3 4 3 1
6 2 5 1 4 4 1 4 6 1
8 10 10 4 8 7 6 3 6 6
4 5 2 4 5 5 8 8 7 7
7 4 4 8 3 6 8 1 1 10
9 5 10 9 4 9 3 1 10 6
10 3 6 4 8 7 1 1 5 7
6 10 9 10 4 7 4 5 1 8
1 5 1 6 9 5 10 3 1 9
4 4 1 4 9 2 7 6 3 3
3 8 4 4 4 5 4 10 1 1
6 10 9 10 3 10 9 2 2 2
5 2 9 6 8 2 9 7 10 2
1 3 6 3 7 7 1 2 1 1
10 1 5 3 2 8 7 3 7 10
1 4 2 8 9 2 6 5 6 7
6 7 2 10 1 4 9 1 10 10
6 8 8 8 5 9 2 2 6 8
5 4 8 5 7 3 1 2 7 9
2 9 5 5 2 7 9 2 1 10
7 10 9 4 8 2 10 7 9 8
8 8 1 7 6 6 4 1 10 1
4 9 1 4 2 4 2 4 4 1
3 5 1 3 5 2 3 7 1 2
7 5 10 10 8 2 10 4 7 4
1 6 7 4 1 4 1 5 9 9
1 7 7 6 3 3 1 6 2 6
10 8 3 10 7 1 4 4 5 3
5 5 6 1 6 3 7 6 6 9
4 9 8 6 6 6 7 6 7 5
4 6 10 7 3 1 4 2 5 5
9 4 4 1 10 2 8 4 7 1
6 1 9 6 5 3 5 1 9 3
3 8 6 3 4 9 6 1 7 10
2 7 5 2 3 10 4 2 10 9
1 2 4 7 3 6 8 7 1 6
8 9 3 9 6 5 5 8 5 2
5 8 3 5 9 3 10 2 3 10
4 2 2 9 10 1 4 10 3 8
3 3 9 9 7 8 9 7 8 5
5 6 9 7 2 3 4 4 7 6
2 3 10 8 4 10 5 3 4 2
9 4 8 1 8 4 6 8 4 6
3 3 5 10 5 9 3 4 3 6
2 2 6 3 10 4 10 10 10 7
6 8 10 2 2 1 10 1 2 10
1 5 3 4 7 10 1 4 8 2
6 6 7 7 8 5 6 4 5 3
3 6 3 7 10 9 10 8 7 9
8 6 2 6 4 6 5 8 4 4
2 1 5 10 9 2 3 2 4 3
5 3 9 10 8 7 5 6 7 7
3 7 7 7 3 4 8 3 9 7
1 6 6 3 2 1 6 9 10 5
4 8 5 3 10 4 10 3 6 2
10 3 10 4 5 3 4 5 8 5
7 6 1 6 4 2 5 4 8 2
8 10 8 3 6 3 3 1 6 3
9 7 3 10 4 5 10 3 7 1
3 3 1 5 6 9 3 9 10 8
4 7 4 1 1 7 4 5 9 5
5 7 5 5 7 8 4 8 8 8
7 1 1 3 10 5 5 4 7 3
6 3 2 5 6 3 7 5 8 8
6 3 5 3 10 5 6 3 2 10
5 10 6 8 5 3 5 2 4 10
6 2 9 10 10 7 3 1 1 6
10 1 8 9 6 8 3 7 7 1
1 4 4 5 8 1 6 1 6 1
3 1 5 4 10 3 4 9 9 3
10 2 5 6 7 10 10 4 1 1
