n 100
m 10
cap 20
Processing
5 91 44 88 46 85 48 50 59 25
82 74 81 7 53 27 76 18 3 1
62 96 60 30 47 34 36 36 73 16
79 43 89 38 70 87 69 81 28 3
12 61 81 57 92 65 58 15 43 11
74 18 84 94 20 67 46 38 77 64
100 61 53 88 80 72 32 2 36 7
58 15 37 66 84 67 89 86 19 90
11 55 42 49 18 98 33 32 46 84
40 51 39 35 4 34 13 53 37 73
56 18 47 96 70 76 28 61 87 9
35 12 59 70 79 30 41 65 21 14
87 32 72 16 55 98 16 16 21 56
42 6 1 82 4 100 25 48 24 3
79 13 77 68 57 62 64 71 92 41
15 72 94 47 69 29 86 98 85 66
86 94 100 62 5 83 81 5 98 64
63 12 26 17 14 94 6 72 93 63
74 20 18 70 61 61 7 9 48 27
36 17 45 84 87 27 11 62 82 10
35 81 58 75 71 18 85 73 10 52
24 46 12 16 8 84 69 22 9 98
47 63 41 47 3 18 84 38 33 87
45 69 50 13 58 84 46 81 7 55
21 35 2 43 37 1 7 37 7 22
27 22 87 99 15 91 63 38 20 77
98 46 63 46 91 61 51 24 5 26
68 13 19 26 2 94 4 6 51 51
2 49 67 8 48 26 50 76 59 94
64 22 52 37 78 39 28 91 99 92
8 16 54 84 23 21 77 92 79 26
25 66 23 12 19 36 48 40 69 48
80 85 32 3 6 37 72 8 100 89
35 59 8 18 33 40 7 64 20 97
10 86 13 2 90 66 28 95 45 13
1 76 20 44 86 68 1 93 77 2
31 76 82 16 39 32 18 31 52 58
78 50 30 70 39 48 80 99 77 72
91 70 66 86 62 13 33 15 1 29
36 51 18 14 30 68 40 56 6 4
11 31 5 21 22 96 14 42 29 82
16 27 11 43 100 45 31 100 50 14
88 98 45 100 62 14 56 57 57 78
15 15 80 82 22 23 54 52 60 32
67 17 13 39 55 14 98 66 41 59
63 59 68 55 80 81 64 71 40 99
79 19 92 45 92 25 99 29 83 32
64 5 51 77 54 19 2 72 60 99
27 35 15 24 28 30 61 68 62 22
2 97 99 75 36 63 99 80 65 34
8 29 62 59 1 16 85 37 38 92
66 69 4 8 77 7 62 69 15 94
13 32 18 77 17 7 65 10 50 58
85 71 32 87 49 42 57 81 69 70
69 2 3 65 79 1 95 76 46 97
63 68 38 89 7 61 9 12 76 82
83 84 96 48 94 100 91 63 5 59
36 47 5 4 88 7 57 25 33 67
15 45 17 79 82 68 64 79 6 8
51 63 44 4 77 49 13 1 54 15
85 2 27 95 5 83 74 94 4 2
23 70 77 13 53 8 63 17 73 42
72 49 93 8 96 8 97 44 52 75
60 22 96 99 13 50 39 21 66 25
52 74 40 13 93 6 81 26 2 85
41 96 65 72 87 95 98 95 86 65
21 92 41 75 40 75 98 66 79 97
22 76 59 5 53 25 22 97 3 42
19 58 82 2 59 6 20 53 46 100
34 73 23 77 41 36 60 10 75 43
24 50 81 72 40 83 94 94 14 3
45 8 38 2 60 45 56 96 41 70
81 21 56 1 6 72 42 32 93 38
12 80 44 60 99 17 87 98 80 85
96 12 95 100 92 62 73 36 100 71
45 45 13 63 62 13 61 22 95 40
24 2 79 52 54 46 66 54 19 47
91 85 37 27 83 39 5 62 53 38
71 85 82 77 17 89 74 28 56 87
43 92 95 82 7 49 100 99 85 18
90 77 8 2 46 63 88 5 99 60
10 36 49 86 50 16 94 18 75 90
83 94 67 71 20 90 65 34 18 30
31 60 49 64 34 76 46 14 5 88
88 28 28 72 50 44 40 31 95 85
85 73 75 25 63 34 38 91 100 53
45 20 93 85 77 98 92 3 40 93
11 62 37 12 36 15 81 46 19 44
40 76 33 37 37 52 15 13 97 71
63 66 13 24 86 61 1 74 4 35
27 83 87 57 36 81 72 38 96 78
52 49 59 89 58 55 90 2 70 7
91 49 32 15 52 15 99 21 48 82
58 57 4 89 64 94 84 96 53 26
18 3 27 44 79 35 14 95 79 3
49 51 96 70 9 97 82 53 91 30
88 83 39 54 12 69 68 52 13 52
66 20 44 18 98 49 42 63 60 45
38 46 88 34 91 7 35 66 55 86
70 81 97 91 66 40 34 9 38 37
Size
10 2 3 6 2 10 3 4 10 9
4 5 4 1 6 9 6 9 10 9
3 7 5 6 4 5 4 9 2 1
7 9 8 6 5 4 2 10 5 4
2 4 5 9 1 8 6 7 6 7
10 6 1 2 6 7 2 2 9 1
2 4 6 10 5 9 3 8 8 3
6 3 3 5 9 3 5 5 4 3
8 4 1 2 2 1 10 10 9 3
5 1 6 7 4 8 7 2 8 6
5 7 5 4 7 8 8 9 3 6
3 5 4 2 3 10 3 1 10 3
2 9 6 1 10 6 6 2 5 7
9 9 7 7 4 9 7 5 8 2
3 10 5 9 6 10 1 3 1 4
7 4 2 3 5 5 5 5 8 2
5 8 7 9 8 2 3 4 3 5
5 9 2 3 8 6 10 2 5 3
8 8 3 1 6 8 8 4 4 9
2 5 3 7 3 9 1 5 2 10
6 2 6 6 8 7 10 4 9 9
3 6 6 3 5 4 5 1 5 4
8 6 7 7 8 1 8 1 4 8
5 8 7 1 3 7 10 1 3 3
9 5 8 4 7 1 3 5 9 3
7 5 7 6 6 3 6 10 1 5
7 2 3 9 4 4 8 5 3 8
3 6 2 7 2 2 8 5 2 4
7 2 3 4 5 9 1 9 1 8
4 6 2 1 9 8 6 9 1 6
5 4 8 5 10 3 7 7 9 9
6 1 9 7 3 5 5 3 6 4
3 4 6 2 5 8 5 3 5 6
9 10 5 9 1 6 8 7 7 7
7 5 9 6 8 6 2 6 5 1
4 1 3 8 2 6 5 4 2 1
3 3 6 8 8 5 8 1 10 3
6 8 5 1 9 5 7 4 6 9
7 5 7 5 8 7 3 8 10 4
7 6 3 10 8 7 1 10 10 10
5 10 4 4 4 7 7 5 6 10
7 9 10 3 4 3 10 3 1 1
6 4 5 8 9 6 3 7 10 7
4 5 2 1 9 2 2 9 7 9
3 10 4 1 8 7 5 9 10 5
5 1 8 7 3 10 5 2 8 8
5 6 10 6 10 9 6 9 1 7
3 3 8 3 6 3 3 3 2 8
4 8 2 7 10 8 2 3 10 3
3 9 3 2 10 10 2 6 1 3
6 9 4 9 4 3 10 2 6 9
4 10 2 9 4 4 5 3 8 9
8 5 5 4 8 1 1 10 5 4
4 8 4 8 9 6 6 10 1 10
10 6 1 6 10 10 2 1 4 8
1 2 7 2 8 9 10 8 7 1
6 9 5 5 4 10 10 8 4 5
6 1 6 6 9 9 8 5 5 10
4 5 7 6 2 9 1 10 7 8
2 2 8 9 8 8 2 10 3 10
5 7 3 3 6 2 9 5 4 9
6 6 2 1 10 7 8 1 9 9
1 1 4 1 5 3 10 7 2 3
8 1 5 3 4 10 1 5 10 10
10 9 8 9 2 7 6 6 6 10
5 3 4 9 7 8 6 6 6 9
1 1 7 10 5 9 10 2 7 10
5 3 5 5 10 9 7 1 2 7
4 10 2 6 1 7 6 6 9 10
9 5 6 6 5 2 1 5 3 10
1 8 1 2 4 6 7 1 4 10
9 3 2 8 9 1 10 3 9 9
7 3 5 9 8 9 1 9 4 4
3 3 9 3 4 8 9 10 3 2
7 4 9 3 4 5 8 7 1 1
4 4 5 8 6 4 8 2 7 4
4 6 10 6 4 2 7 2 4 1
2 4 8 1 4 10 1 3 1 4
8 1 10 9 4 9 8 7 9 10
10 2 10 8 2 8 8 4 6 2
4 7 8 1 5 4 9 6 6 5
6 5 1 6 6 2 3 9 9 10
4 8 6 5 10 5 4 10 6 9
9 8 9 10 10 3 4 8 3 7
9 8 3 7 4 4 3 5 7 3
10 4 4 8 1 9 5 4 1 1
8 4 4 10 3 4 5 3 2 4
5 4 9 4 3 9 3 10 3 8
8 6 8 10 7 2 3 2 10 8
10 9 5 6 3 2 9 3 7 6
8 8 3 5 8 7 10 7 2 5
7 6 8 3 4 1 1 2 5 3
7 10 3 3 10 6 4 4 10 9
4 2 9 7 6 6 2 10 2 9
5 8 8 2 6 8 5 1 1 5
3 4 3 3 10 8 7 8 9 7
2 7 4 9 5 5 3 2 10 3
8 2 4 5 8 2 7 3 9 6
10 4 9 9 4 9 6 8 9 5
7 4 9 5 8 4 5 1 1 9
