n 100
m 10
cap 20
Processing
61 72 79 16 20 2 50 62 81 30
78 77 92 56 60 97 64 89 51 17
51 86 49 13 87 61 42 15 81 79
74 36 1 4 67 33 27 94 38 97
19 64 7 54 28 99 4 96 12 21
65 62 50 62 42 7 73 9 54 42
58 25 100 31 59 98 76 4 39 45
84 58 21 38 35 78 89 19 24 100
21 8 33 5 75 67 55 26 49 94
38 96 98 66 19 1 51 31 82 51
98 5 12 20 15 49 11 37 35 47
2 4 13 80 12 39 9 28 87 41
48 44 91 97 28 3 69 33 10 79
20 82 76 45 81 81 18 72 73 33
1 41 22 80 70 31 71 93 32 78
57 75 70 62 23 46 35 69 79 38
46 30 60 62 11 42 11 72 41 39
14 66 100 96 5 55 15 50 21 10
47 96 17 28 77 91 21 8 70 53
36 99 20 81 90 72 23 12 8 82
10 3 57 90 76 72 38 56 8 29
6 62 51 29 78 46 80 97 84 38
38 41 71 27 25 92 15 84 25 96
27 64 97 92 7 92 44 94 40 44
86 76 59 54 56 3 26 73 77 81
46 23 83 35 92 11 14 24 77 45
58 60 99 8 17 68 45 80 74 5
73 91 28 26 80 98 24 72 74 48
10 40 59 16 63 14 100 11 67 30
47 53 6 34 37 61 90 50 48 71
34 48 83 66 91 4 79 72 28 19
71 45 27 55 42 12 100 41 96 81
96 79 49 85 20 66 78 15 1 33
69 13 61 18 8 34 12 63 18 16
46 8 56 42 40 60 96 20 9 89
62 100 12 82 91 9 30 20 67 51
54 91 66 59 47 83 54 5 86 42
29 77 28 70 46 42 81 3 36 39
55 61 98 84 21 73 84 83 46 45
59 32 10 58 35 94 49 91 2 4
29 24 69 14 31 82 13 2 57 90
22 47 77 18 10 94 64 26 73 5
40 79 76 51 45 17 93 15 81 42
69 23 82 58 88 77 51 16 97 22
18 27 94 40 10 19 49 79 65 61
50 77 88 32 14 50 92 56 62 40
11 42 32 46 32 26 19 50 24 20
72 53 75 7 40 4 53 74 22 14
49 98 42 9 64 67 73 39 76 23
8 55 57 10 74 45 95 63 83 59
41 1 62 55 71 67 59 79 89 98
92 36 39 74 85 79 89 97 23 81
82 16 9 12 38 83 52 83 46 32
100 34 63 8 9 56 7 97 72 43
81 24 72 25 78 5 27 66 75 58
1 100 36 78 98 3 12 99 69 7
4 10 11 9 14 78 94 52 67 80
48 65 65 2 65 75 23 78 5 85
12 52 100 90 40 48 53 62 40 92
73 16 38 5 22 40 19 92 62 58
1 93 75 92 54 85 47 17 44 87
87 23 91 61 20 32 15 93 24 59
48 57 49 27 58 27 45 78 52 84
44 68 65 13 64 2 21 86 46 28
68 81 95 18 26 45 9 52 87 24
97 52 68 75 59 92 32 90 11 27
70 90 34 45 43 57 17 90 85 15
86 67 47 85 32 49 17 29 91 72
76 36 29 71 30 84 93 10 87 69
15 14 99 51 36 4 27 39 27 23
1 28 16 90 33 57 53 25 83 41
7 80 74 89 21 4 8 80 74 31
12 32 42 67 11 69 87 22 79 27
100 96 61 94 46 12 100 64 72 52
98 58 85 36 4 68 22 65 48 41
58 36 18 79 57 18 45 87 53 7
80 29 75 29 39 82 54 89 14 42
3 45 19 54 48 4 54 67 60 19
71 37 7 89 37 66 60 15 63 6
73 72 41 21 28 62 83 7 90 72
33 59 20 93 98 5 82 13 36 10
75 53 51 34 66 89 37 68 52 80
66 39 6 40 7 74 2 91 59 65
35 16 58 15 38 56 23 54 97 11
3 83 20 8 43 61 32 100 87 35
34 16 94 22 15 20 94 70 70 25
36 41 22 73 24 98 95 51 13 30
39 36 7 40 44 29 10 47 85 62
40 12 86 70 28 43 36 2 35 78
72 40 44 20 99 100 44 38 86 53
88 51 26 31 16 8 32 88 87 57
6 99 54 61 98 58 15 64 78 70
96 22 87 36 40 25 2 97 8 83
86 2 69 47 67 30 60 78 49 30
98 4 78 47 76 4 34 68 54 62
82 7 49 8 55 53 54 57 3 81
51 42 60 42 49 76 13 62 57 9
77 49 55 8 65 32 66 65 18 20
71 59 75 77 84 37 23 74 40 62
53 94 87 11 78 85 15 47 89 33
Size
1 4 3 4 8 3 1 9 1 9
10 1 9 3 3 9 2 7 8 8
5 9 4 5 2 10 2 6 10 9
4 6 5 10 10 9 6 9 6 1
10 8 7 3 8 9 1 3 4 5
1 4 4 4 10 6 5 2 1 5
6 10 9 3 4 7 4 10 9 10
7 5 5 7 8 7 5 1 9 8
4 1 8 2 6 4 4 4 10 9
3 9 1 8 9 1 10 8 3 5
10 6 7 6 9 9 5 6 1 9
5 8 9 4 6 5 7 1 10 10
2 8 3 6 10 2 8 7 5 10
1 2 7 10 7 7 6 2 5 4
1 6 9 7 3 10 5 7 8 6
3 1 2 1 1 2 6 8 6 8
8 9 1 3 3 5 5 6 8 8
8 9 9 4 8 5 10 9 4 7
10 1 9 7 5 1 3 6 1 1
1 7 8 4 9 9 2 6 2 9
5 4 9 1 4 6 7 4 2 1
6 1 8 6 7 6 4 1 1 1
7 4 5 6 6 10 7 3 4 6
4 5 5 7 8 3 3 1 9 8
6 1 8 3 4 9 8 1 7 10
4 9 6 7 3 4 10 8 5 7
1 10 8 7 2 4 6 7 4 7
5 10 5 6 10 10 10 8 5 1
3 1 6 3 9 3 6 7 3 2
4 7 10 5 2 4 5 2 2 3
6 1 9 2 2 9 8 9 9 9
2 3 1 4 1 7 8 10 10 2
10 2 4 9 2 10 9 1 6 2
2 2 8 9 6 2 2 4 10 4
6 2 7 7 5 10 8 3 9 3
6 4 1 2 3 3 10 8 6 10
2 5 4 3 2 7 2 2 1 7
2 6 2 10 2 4 9 4 1 5
6 7 7 5 3 1 10 8 7 5
2 7 5 6 5 3 5 4 4 6
1 9 1 1 7 6 10 2 8 4
10 8 5 3 10 7 4 10 7 4
5 3 8 10 3 6 7 5 5 6
6 10 1 7 6 5 4 4 8 8
8 5 3 7 3 2 5 8 7 9
9 10 7 9 6 8 7 2 4 6
2 8 8 9 5 2 10 6 5 8
4 9 6 7 10 6 9 1 8 6
7 5 5 10 3 4 2 2 5 5
7 4 6 9 5 9 8 10 3 3
3 10 3 3 3 3 2 2 6 10
8 7 6 2 3 6 5 3 10 1
9 10 4 1 7 10 7 3 10 8
9 1 10 3 2 3 1 1 5 10
4 5 10 5 7 1 5 1 10 9
2 6 9 9 10 7 6 1 9 9
1 6 6 4 9 9 7 6 10 1
2 3 5 1 3 6 2 9 9 3
8 10 4 6 7 1 7 8 9 10
3 1 5 1 7 2 10 8 8 7
6 3 6 6 8 5 9 2 4 1
2 3 7 10 10 2 2 6 5 3
9 6 4 9 3 2 9 7 2 10
6 3 10 6 5 2 6 4 10 5
3 1 1 8 1 6 7 7 5 3
2 2 1 1 9 8 10 6 4 6
7 5 9 9 10 9 2 5 1 3
4 4 8 2 5 3 6 3 7 7
4 9 1 7 4 8 1 3 10 9
1 3 5 4 9 8 8 2 1 5
2 5 8 4 8 5 5 9 3 2
4 10 2 1 1 7 4 6 2 10
6 7 8 7 3 6 5 3 1 3
4 2 5 3 9 1 6 4 6 9
2 2 10 5 7 4 8 3 6 7
7 3 4 5 3 3 1 6 4 9
10 9 3 8 1 7 6 5 1 1
2 4 3 9 7 3 7 1 7 1
1 9 6 9 2 8 3 1 5 2
2 3 2 1 4 2 4 1 6 6
7 7 4 7 8 6 10 9 2 8
6 3 10 8 2 9 7 5 1 4
4 5 5 6 8 7 6 7 1 9
1 1 2 6 4 6 10 7 8 10
9 2 2 8 7 4 3 8 4 6
6 3 4 2 7 2 4 4 9 1
9 1 5 9 8 7 5 1 5 9
2 10 2 2 3 4 8 5 5 7
7 7 3 9 5 7 3 8 6 8
10 9 3 3 4 5 2 2 7 4
2 3 10 8 10 5 4 3 2 2
9 6 5 9 4 8 3 8 9 3
10 2 6 3 2 1 5 3 6 8
3 10 1 5 6 7 8 6 2 1
5 7 4 10 1 5 8 10 4 4
8 7 3 8 5 7 1 6 3 1
5 7 8 5 6 8 9 3 3 9
2 3 1 9 3 6 8 4 2 8
1 9 2 1 9 3 5 8 5 9
10 9 3 8 3 4 4 5 1 5
