n 100
m 10
cap 20
Processing
40 72 60 85 3 64 5 75 33 95
67 47 93 45 88 12 47 6 99 4
97 51 35 6 11 8 2 76 83 3
74 61 12 8 52 10 57 88 49 64
11 41 11 78 11 49 79 79 33 83
39 34 84 67 4 26 1 45 39 57
39 66 7 41 86 68 6 88 18 25
55 88 56 87 94 13 34 69 48 42
40 83 97 61 88 36 99 1 9 42
48 92 54 56 14 2 4 94 58 67
62 37 37 72 73 78 34 25 3 54
80 17 26 48 30 7 90 35 52 73
18 88 37 57 31 39 31 40 29 26
22 3 54 78 85 75 82 90 65 65
19 58 80 38 58 81 97 10 47 34
44 36 61 17 23 99 24 29 49 15
43 82 24 7 54 83 14 63 67 42
52 5 35 96 11 99 77 78 10 36
3 44 5 57 22 58 86 56 37 30
17 53 43 92 56 16 30 7 73 59
85 3 18 95 69 74 33 63 10 67
64 34 98 95 68 34 46 91 34 76
63 84 49 18 99 43 53 85 75 7
70 30 36 87 48 28 48 30 98 20
32 41 47 49 57 64 63 10 65 73
86 50 71 6 40 16 4 99 48 49
13 80 87 88 67 12 24 33 24 42
5 47 49 5 6 11 1 81 73 80
15 21 6 14 8 20 75 34 14 13
86 56 5 78 76 50 84 100 39 30
47 88 66 23 37 54 29 22 47 85
92 31 54 51 59 72 34 84 32 58
87 49 11 77 38 96 74 32 25 1
12 7 89 34 44 7 48 11 53 27
88 10 26 71 20 67 50 58 33 32
99 56 77 83 52 3 48 42 55 78
20 42 19 10 49 90 29 59 78 68
70 14 1 51 29 32 88 77 49 22
45 2 71 21 16 81 72 17 63 34
21 48 72 34 55 48 57 20 47 51
47 57 84 6 11 66 70 60 27 17
70 2 35 87 22 50 17 1 34 33
98 100 73 48 87 96 100 19 81 76
4 63 94 55 58 12 5 45 7 37
94 45 47 39 62 12 52 46 11 39
10 71 23 37 56 93 41 91 1 27
83 34 81 35 81 69 73 68 4 91
65 82 41 46 88 54 80 6 43 6
45 7 24 54 61 24 80 14 70 70
52 48 89 77 80 10 6 5 87 85
44 56 95 51 82 11 60 8 12 80
96 66 36 82 41 75 72 63 48 96
63 63 54 32 56 31 87 83 86 7
73 15 60 71 26 18 11 98 56 96
45 61 60 56 4 84 78 89 87 38
59 26 41 41 37 71 20 62 34 9
87 88 89 66 21 63 97 31 10 2
26 66 11 5 98 41 16 65 24 65
39 95 72 34 27 11 45 87 51 48
44 47 41 51 27 47 73 31 75 94
40 5 44 21 15 79 50 47 9 40
74 38 53 77 40 4 49 94 27 59
26 51 59 35 85 31 60 42 75 23
4 89 2 39 76 81 22 77 79 33
19 65 63 56 69 56 44 28 33 51
41 34 67 95 88 44 57 19 82 98
40 90 88 25 100 22 64 83 24 61
5 77 48 67 67 8 20 40 60 24
70 91 73 100 31 74 72 72 93 56
70 5 47 59 1 5 90 77 98 84
32 56 56 14 2 60 99 59 5 94
56 65 72 24 88 14 83 96 88 23
45 32 6 42 22 46 81 55 50 9
33 76 65 69 78 94 34 9 63 74
41 4 25 40 65 2 69 43 64 22
20 67 24 64 35 71 37 30 48 15
38 11 49 73 66 16 59 19 51 26
49 53 37 15 26 99 32 79 51 94
61 25 44 51 19 95 32 1 78 53
5 32 93 76 96 62 97 94 26 36
92 48 81 45 40 35 21 90 15 34
7 11 58 41 13 16 62 78 68 30
54 8 12 89 68 77 26 36 14 65
98 77 47 56 27 94 84 81 26 8
37 84 32 79 32 11 56 31 66 6
94 14 67 100 17 86 56 44 5 55
88 42 4 72 67 39 82 24 75 74
43 53 19 39 49 52 14 24 35 90
43 62 43 33 76 85 67 97 85 86
23 46 40 62 27 62 38 93 31 88
64 34 27 29 15 17 94 8 28 34
72 20 13 76 41 44 15 89 12 31
33 57 90 11 75 71 89 82 69 60
90 5 26 12 43 30 67 70 75 98
41 3 23 39 92 8 57 11 56 22
36 78 14 51 24 57 53 44 25 48
64 87 5 27 14 77 88 58 60 40
51 28 37 29 31 71 42 23 6 67
44 55 81 87 74 4 19 20 13 91
32 11 26 18 93 48 16 44 53 10
Size
9 3 2 7 10 2 2 5 4 9
4 9 8 1 10 6 1 5 9 8
7 9 8 8 6 8 7 9 2 6
1 7 8 10 8 3 4 1 4 3
6 8 2 4 7 7 1 2 2 9
10 10 8 5 7 6 5 8 1 4
1 9 10 4 6 2 5 6 5 7
8 8 3 7 4 9 1 5 9 7
3 3 1 8 3 2 9 5 10 5
6 10 5 4 3 10 1 10 5 5
2 7 7 9 7 9 9 4 2 4
6 9 2 4 10 5 2 4 8 9
7 8 3 3 3 2 9 4 5 3
5 9 1 7 10 8 5 9 1 10
7 6 10 9 8 5 7 9 1 3
10 8 1 10 3 7 3 10 9 2
6 5 5 7 5 9 5 8 6 8
2 10 4 3 8 8 1 6 5 7
5 5 1 9 6 8 4 3 9 9
1 3 1 3 7 2 8 9 7 4
2 3 8 6 8 6 4 9 4 7
1 6 9 1 5 10 5 10 4 4
4 6 5 6 1 7 1 4 5 9
5 5 3 2 2 2 4 3 6 8
8 3 3 5 9 10 6 8 6 2
10 10 8 10 5 8 10 5 9 9
4 6 1 6 1 9 2 9 2 9
1 1 9 8 9 4 10 2 1 1
10 1 5 2 6 2 10 7 4 8
1 3 5 2 9 6 5 8 2 4
9 4 8 6 1 2 3 6 3 9
2 3 2 5 3 9 2 6 1 4
6 5 7 6 6 2 6 1 8 4
4 1 6 2 4 5 5 4 1 1
10 7 1 7 5 5 6 6 2 5
2 10 5 6 9 10 3 10 10 10
2 6 5 9 2 5 9 8 6 8
2 4 5 4 4 5 8 3 1 9
5 3 2 10 6 4 4 10 9 5
5 10 7 8 4 6 9 3 5 7
9 6 8 10 7 3 1 2 9 7
10 9 10 7 4 1 3 8 6 4
10 4 3 1 7 9 3 3 1 7
8 6 5 1 5 2 2 5 6 9
10 9 1 8 5 8 9 5 3 2
2 9 3 5 8 10 3 10 8 9
10 5 8 7 9 3 4 7 2 1
7 4 8 7 10 5 4 2 6 10
9 3 8 6 1 4 8 3 3 7
7 5 8 5 5 6 3 1 10 6
9 8 4 10 7 7 6 1 5 9
4 2 5 4 8 4 3 4 6 2
8 9 4 2 9 5 1 10 9 7
3 7 10 10 8 2 5 10 10 6
1 8 10 3 10 6 7 1 5 7
1 8 7 6 9 5 6 8 3 8
8 3 6 1 7 2 1 1 7 5
4 3 6 4 8 10 3 4 8 10
2 9 8 5 7 3 2 5 2 9
2 8 5 2 4 6 9 2 8 10
4 8 2 3 3 2 5 9 10 9
7 4 10 2 2 8 3 10 10 5
10 10 9 6 5 7 10 1 5 10
9 5 4 7 5 3 1 1 8 6
10 9 5 7 9 5 5 7 9 1
10 5 8 4 5 4 1 2 4 1
8 1 4 4 6 2 5 4 5 8
1 3 7 9 10 8 10 5 10 1
6 10 1 2 8 10 2 9 3 5
9 7 4 1 9 1 1 8 10 8
8 8 7 5 1 5 10 9 5 1
7 2 9 10 5 8 7 9 5 2
6 5 4 9 10 7 9 1 4 9
1 1 5 5 10 1 4 6 3 2
2 10 6 6 6 4 8 7 2 10
3 5 10 5 4 1 10 6 2 4
8 6 1 9 8 1 7 7 9 4
10 5 10 5 3 10 4 2 9 10
6 5 1 6 1 6 9 6 7 4
10 6 1 8 8 8 2 5 3 6
1 6 2 4 2 1 1 9 9 6
7 10 9 8 6 6 2 2 2 4
4 6 4 7 6 4 8 2 6 2
1 7 5 4 10 9 9 4 8 7
7 10 9 1 7 1 9 4 3 5
7 10 10 3 6 7 7 1 7 10
1 3 3 4 1 9 7 5 7 3
4 6 7 4 5 5 8 6 10 1
10 1 10 10 4 8 6 10 2 4
3 8 5 1 1 6 5 2 1 3
7 1 3 3 10 1 1 5 8 9
5 10 2 6 7 5 9 10 3 9
10 2 7 8 10 1 3 8 1 1
8 6 1 4 3 8 10 7 10 9
5 1 3 6 1 6 1 7 3 6
8 5 8 6 5 6 8 4 3 2
5 9 1 7 10 8 5 3 5 1
1 8 7 10 3 3 5 9 3 1
5 9 7 8 4 5 9 5 7 3
2 9 8 2 3 2 5 8 3 6
