n 100
m 10
cap 20
Processing
79 3 76 16 84 87 88 90 29 87
57 2 52 25 49 62 91 96 43 71
19 72 30 12 59 57 51 15 36 74
68 63 60 23 17 26 75 88 44 42
39 82 83 98 26 81 30 80 93 56
35 89 58 20 52 85 47 76 72 36
27 75 79 16 48 66 98 71 63 22
82 53 10 43 65 43 91 17 27 11
31 58 90 26 6 16 58 69 48 54
18 45 92 24 37 20 23 65 27 13
17 29 41 72 90 89 86 82 92 51
81 93 7 38 41 74 2 25 44 79
71 55 5 50 60 19 41 40 17 54
50 93 9 50 24 70 87 39 29 78
90 52 26 38 8 80 89 42 65 13
29 91 70 85 42 56 6 55 88 24
34 60 20 20 22 12 28 25 72 38
56 31 32 22 26 17 16 3 65 36
93 76 93 41 74 25 2 4 98 92
95 85 97 51 39 62 42 65 56 87
87 91 100 93 76 95 47 50 94 81
9 5 71 27 70 31 15 95 94 83
45 16 50 71 41 91 52 63 22 58
93 91 47 28 25 46 4 8 86 1
50 9 46 6 13 11 43 9 21 77
81 65 36 1 33 69 11 25 64 29
54 89 29 87 45 51 12 31 31 91
35 60 59 87 81 42 77 93 91 72
48 18 57 48 42 84 70 21 58 30
45 59 1 5 5 65 61 77 29 38
19 70 83 56 55 86 93 70 16 92
65 32 74 26 31 4 51 29 51 8
24 92 80 54 22 41 69 48 6 53
59 17 20 36 97 21 64 16 71 91
98 14 79 90 63 17 57 35 40 17
9 89 46 81 97 50 80 95 74 99
39 71 56 5 4 10 71 53 71 33
30 27 26 75 91 17 46 3 41 21
52 42 71 93 2 54 32 47 42 14
29 69 78 44 34 84 3 54 3 67
57 3 8 29 15 100 5 96 59 8
53 55 59 74 47 77 8 67 79 22
43 11 97 70 35 72 26 76 58 54
1 85 82 13 64 20 5 88 65 80
32 81 19 12 8 4 34 72 99 80
91 69 39 76 80 83 92 50 98 54
75 33 8 61 56 82 50 8 67 22
93 47 85 34 77 31 71 44 78 84
40 48 18 68 29 39 7 65 71 14
60 66 83 37 46 6 43 19 22 49
32 20 21 29 55 93 69 15 44 41
80 10 54 21 90 83 81 40 94 27
46 50 37 87 63 6 94 100 91 22
95 11 79 94 74 72 99 88 69 92
10 67 87 61 97 51 23 3 41 54
32 6 75 49 61 49 10 94 4 24
48 37 49 11 46 71 17 40 87 59
8 62 9 61 5 50 42 4 72 95
4 45 22 27 9 68 3 62 41 86
30 5 80 2 84 15 98 6 26 79
98 83 60 35 79 39 60 15 79 18
87 28 25 79 62 38 60 83 48 51
18 56 67 66 28 51 64 59 16 67
64 20 79 5 3 100 24 77 46 85
69 65 19 71 33 90 28 72 33 8
94 55 8 62 6 35 2 19 5 37
30 28 19 47 57 5 43 6 50 12
94 25 99 42 90 67 40 28 47 77
100 38 51 51 63 64 69 82 65 35
43 30 23 86 90 55 53 87 4 21
76 68 1 97 67 76 47 70 7 35
94 48 39 39 2 91 63 53 55 83
86 98 1 12 28 1 6 30 99 16
23 89 77 48 62 22 43 76 23 65
53 3 78 25 32 65 58 33 95 51
11 16 6 32 100 26 20 84 41 19
57 99 46 79 44 58 31 100 14 83
29 35 35 90 86 29 69 59 5 59
83 11 91 24 99 39 5 90 48 81
8 33 3 17 5 79 47 57 24 77
23 21 99 34 30 58 94 74 39 98
14 61 62 47 94 31 43 44 24 88
12 7 46 82 9 53 62 79 17 69
75 97 78 51 100 30 48 10 61 88
36 52 64 41 14 48 62 22 50 11
100 5 19 10 9 92 59 44 21 38
7 78 47 22 38 66 11 6 64 60
92 5 35 31 18 85 65 12 58 21
28 21 71 14 63 6 54 21 9 62
21 73 53 60 65 10 86 52 74 33
26 75 44 41 77 98 70 12 37 36
54 90 28 95 77 51 7 99 96 73
17 72 69 65 39 39 30 58 44 81
40 70 81 96 44 96 75 59 40 15
88 76 97 49 3 21 96 73 55 76
19 68 47 10 48 71 52 68 78 19
15 44 27 83 39 16 71 50 13 15
44 9 66 19 59 35 11 60 54 35
58 15 55 93 24 82 57 6 19 95
76 49 5 97 31 3 55 68 86 22
Size
8 4 1 8 7 10 1 3 6 5
7 3 10 6 8 4 8 7 7 6
1 2 7 3 5 6 7 5 4 1
2 6 6 7 7 1 1 1 9 6
8 9 7 5 8 4 9 7 8 6
10 7 1 10 10 5 2 5 7 2
8 1 8 5 2 7 8 1 9 10
3 9 3 4 8 9 4 9 6 10
9 8 2 4 3 9 2 8 2 6
10 7 2 4 4 8 2 2 5 6
7 1 3 5 8 3 1 9 9 10
9 7 7 5 5 6 8 2 6 4
8 7 6 5 7 2 6 5 6 1
1 4 1 6 4 5 4 5 10 8
5 7 7 10 5 8 10 8 10 5
4 10 6 3 10 1 10 2 10 3
1 2 1 9 8 9 7 5 4 5
2 1 8 10 6 2 4 7 5 1
1 9 8 2 3 1 7 4 7 4
8 10 4 6 5 6 7 8 6 1
6 4 2 1 5 7 10 5 8 3
3 5 2 1 9 5 2 3 8 7
7 2 2 4 6 7 9 2 8 7
1 3 3 6 5 6 9 5 4 1
5 1 9 9 3 6 3 8 6 7
9 9 9 3 4 3 7 10 10 9
7 1 5 3 4 9 1 10 7 6
1 7 5 9 6 7 9 6 6 8
3 2 4 6 2 9 6 10 3 6
4 3 2 9 9 7 1 3 9 1
3 5 6 4 7 2 6 7 6 5
8 6 5 5 1 10 2 3 7 8
3 8 5 4 2 5 7 1 1 5
2 3 4 1 3 8 9 6 1 10
9 9 9 5 10 7 3 7 7 7
2 6 4 7 8 2 9 3 1 2
10 6 6 1 10 4 1 6 10 8
7 4 6 10 5 5 6 9 7 4
10 9 4 7 7 4 6 1 10 4
3 6 1 6 4 8 9 8 7 8
8 1 6 8 10 1 6 4 5 3
7 5 1 6 4 1 2 9 1 2
3 1 7 3 4 7 2 2 7 8
3 3 7 2 8 7 4 1 4 10
10 7 10 2 2 4 6 1 6 2
1 1 6 7 3 6 1 8 9 3
1 9 9 7 10 9 8 1 3 2
9 7 5 4 5 2 8 6 9 4
3 7 4 4 4 5 3 10 3 4
8 5 2 10 1 7 8 5 8 8
4 10 5 3 10 3 6 4 5 3
6 5 1 2 2 2 2 3 8 1
3 2 9 2 4 4 1 8 10 1
4 10 6 6 6 1 7 2 9 10
3 9 2 4 10 4 3 7 4 2
10 4 2 9 7 9 3 1 9 9
5 3 4 1 2 10 5 3 8 5
7 10 9 10 2 6 9 7 5 3
1 3 3 1 4 6 4 9 2 9
8 9 2 6 9 7 1 9 3 6
4 3 5 8 1 6 6 6 6 7
1 3 1 3 8 1 10 4 5 9
5 2 1 3 2 7 1 2 2 5
9 5 6 6 6 8 10 8 6 6
1 4 7 8 2 9 5 9 1 7
6 1 4 6 3 2 8 8 10 5
2 9 9 1 6 6 4 9 8 6
10 3 4 3 3 3 4 7 6 5
7 2 9 10 5 9 1 1 2 8
2 4 10 9 1 3 5 2 6 7
4 9 1 7 4 9 4 5 8 4
1 9 2 4 7 2 10 4 5 2
5 10 8 1 10 4 3 2 3 6
2 5 6 10 4 8 3 4 9 7
5 7 4 7 4 4 7 10 1 1
2 4 2 1 3 9 5 6 6 7
5 5 8 2 3 4 3 3 7 10
4 4 3 10 8 1 8 1 3 3
6 3 7 5 3 10 9 4 2 9
2 3 1 9 4 6 1 7 4 8
9 2 6 10 3 3 1 5 4 2
10 3 4 6 6 10 2 4 1 6
4 3 1 1 8 9 5 10 9 8
6 2 10 9 9 7 6 3 6 6
7 5 5 3 1 4 8 7 7 2
1 8 5 9 3 6 4 4 4 2
10 2 7 1 4 1 1 8 8 3
1 10 7 7 3 9 5 6 4 3
7 3 1 7 8 4 6 1 7 2
7 7 2 3 4 5 2 2 2 1
7 9 3 2 4 9 8 6 2 1
6 1 9 2 1 2 6 4 1 8
5 5 2 5 2 5 8 2 4 2
5 2 9 3 6 10 1 3 7 1
8 10 2 10 6 7 8 6 3 2
9 10 6 8 9 8 10 9 8 10
10 6 4 9 3 4 2 2 1 4
4 8 6 10 10 7 1 4 5 8
1 4 9 3 4 7 7 1 5 2
1 8 4 1 3 4 7 3 3 9
