n 100
m 10
cap 20
Processing
65 91 70 13 40 95 37 44 100 13
69 66 40 50 6 86 61 23 39 98
37 4 54 15 5 88 50 64 53 64
26 56 82 98 21 35 8 14 88 37
75 50 91 17 73 67 83 46 49 84
91 75 75 32 100 84 65 88 35 14
15 53 6 22 17 96 5 86 33 65
71 54 99 56 65 49 82 50 43 19
56 1 87 32 14 82 65 46 48 18
21 23 56 62 28 16 70 2 26 87
29 45 31 5 31 99 66 14 23 86
6 66 19 7 42 100 79 56 27 97
72 98 14 51 5 59 12 58 52 36
57 54 82 39 61 64 6 29 5 4
14 56 35 22 59 12 78 29 91 2
44 52 79 74 100 55 40 78 1 14
98 54 90 5 41 62 87 7 50 84
71 39 77 92 67 82 47 66 53 97
67 65 96 47 88 91 49 30 36 86
91 7 99 41 8 9 91 47 82 78
47 29 33 46 44 81 2 77 43 10
88 83 4 51 51 98 57 45 72 72
57 16 6 7 33 73 100 91 99 21
39 46 48 92 14 68 11 91 64 4
61 39 30 95 62 30 11 78 70 86
16 90 54 87 94 97 30 33 18 24
60 15 44 41 23 65 87 35 3 64
100 88 93 15 96 88 27 14 100 34
39 24 88 30 39 72 90 67 17 10
18 75 47 57 31 41 51 99 92 61
66 38 46 32 91 46 74 86 10 96
33 36 90 55 22 6 15 67 19 13
18 89 72 95 34 65 19 55 62 10
88 55 40 48 93 46 30 47 6 3
99 64 8 11 89 69 31 96 62 87
34 62 81 37 97 6 35 13 61 51
15 50 31 58 62 92 59 83 83 63
34 87 83 74 15 53 17 87 23 42
50 10 45 89 37 66 24 30 33 36
15 36 55 30 79 41 62 60 52 20
29 45 26 13 76 53 75 84 3 66
24 95 4 41 18 26 23 82 29 3
45 30 96 2 11 55 17 76 87 51
26 68 99 39 43 19 82 17 46 66
12 99 65 20 63 99 43 89 15 62
33 22 40 70 37 100 39 33 46 30
43 47 36 83 51 19 96 15 82 45
56 69 86 13 28 6 41 46 13 17
8 52 96 20 59 84 82 14 68 69
83 28 13 67 69 86 91 68 81 51
73 88 27 25 80 22 2 87 93 15
66 85 50 76 2 61 40 36 89 78
92 79 48 32 69 9 28 24 65 82
58 87 15 27 19 95 27 73 80 99
23 12 35 33 56 88 22 79 12 28
57 98 25 63 62 25 60 75 60 12
46 48 24 67 20 37 18 90 32 33
27 97 99 20 38 38 97 21 68 89
90 6 31 86 14 50 29 56 29 65
92 92 48 27 67 42 75 53 11 84
4 9 28 79 16 71 38 6 96 97
56 48 88 94 45 76 67 50 91 8
24 76 38 25 38 86 7 10 50 65
58 56 36 46 19 27 94 50 19 44
14 6 10 70 71 37 74 8 70 48
94 49 54 86 55 34 60 41 70 99
99 28 32 35 61 59 52 40 95 90
100 34 85 36 57 28 7 2 98 77
47 84 73 78 62 40 58 52 57 23
89 22 73 79 87 45 14 91 15 58
21 23 54 45 24 24 85 46 39 61
84 3 98 85 14 37 69 91 31 46
43 84 81 56 21 12 23 68 21 13
45 21 58 93 32 42 24 2 99 84
47 34 16 83 11 46 53 57 38 82
24 9 31 21 75 41 65 57 68 56
93 56 63 31 95 51 10 68 2 30
86 81 55 49 40 97 97 24 97 21
49 65 6 90 30 70 86 60 4 41
46 63 57 29 52 11 1 36 95 81
35 14 36 67 52 56 69 7 98 76
77 83 35 54 2 46 43 46 98 61
3 24 17 4 19 30 63 52 52 7
58 23 91 44 2 76 25 14 55 20
19 11 85 83 31 43 91 93 98 75
68 98 48 45 48 85 96 91 14 100
66 82 64 97 5 48 22 78 6 57
8 70 43 40 44 47 47 83 56 27
11 71 100 29 45 4 4 75 21 12
45 81 3 81 79 2 10 53 48 21
63 50 96 76 40 79 14 77 10 48
31 92 74 79 97 85 67 32 48 43
8 12 17 10 56 67 3 11 4 4
48 23 55 23 46 3 46 87 33 61
57 88 95 69 48 93 54 9 83 73
21 69 10 17 73 75 76 30 38 10
17 88 64 26 40 51 48 40 45 43
28 48 59 41 63 85 89 69 77 38
2 9 83 40 42 11 45 12 33 70
54 17 75 69 34 70 45 58 55 37
Size
4 8 7 8 9 7 8 1 7 8
9 3 9 5 4 1 10 9 7 2
4 6 2 4 4 2 5 2 8 1
5 9 3 4 10 7 8 1 3 1
9 10 4 8 6 1 6 8 10 5
9 1 3 3 6 2 4 7 5 6
2 7 9 8 10 10 8 1 3 3
5 3 9 6 7 6 9 6 3 2
6 1 5 10 6 7 9 3 5 5
5 2 7 3 4 6 5 2 1 2
10 6 1 6 5 5 8 6 2 8
7 6 7 3 1 4 8 3 5 10
5 5 4 6 2 6 8 3 5 10
2 2 4 10 10 2 9 5 10 2
10 7 2 4 10 5 4 8 6 1
1 6 7 7 8 6 7 1 2 1
6 2 2 1 3 6 7 9 3 1
8 8 7 4 3 6 8 8 2 9
1 2 1 3 9 10 6 2 9 2
4 9 7 7 1 2 4 3 9 5
3 4 7 9 6 4 4 7 7 3
5 5 7 2 10 7 10 8 6 7
7 6 8 8 5 7 3 1 9 7
3 2 4 7 10 10 5 6 3 9
8 1 6 7 6 6 5 1 6 1
9 7 8 3 8 6 7 1 7 9
8 3 5 9 10 2 5 6 5 5
3 7 2 3 1 6 2 5 8 10
4 9 5 7 5 3 6 10 6 2
10 2 1 7 1 3 9 1 5 9
9 1 7 1 7 8 1 4 2 2
9 4 6 7 2 10 1 6 6 7
4 6 3 4 6 8 10 7 7 8
8 7 7 4 6 5 3 5 7 7
7 1 10 4 4 6 10 3 5 4
9 3 10 3 8 5 3 9 6 1
4 5 8 7 10 6 10 8 6 5
2 5 1 2 4 1 9 9 7 9
2 10 2 2 7 6 5 4 6 4
6 3 6 10 4 7 9 2 5 10
5 2 5 3 6 9 10 6 2 9
3 3 7 5 2 3 8 4 8 5
6 8 3 3 4 2 3 7 4 2
7 4 8 7 2 4 1 3 2 2
5 4 3 2 6 2 6 2 4 5
10 5 5 9 3 1 9 1 6 6
8 6 9 6 10 7 3 7 8 1
10 9 8 2 7 3 8 3 1 7
2 7 8 10 2 6 2 6 4 3
5 4 3 7 5 10 1 7 6 5
8 5 2 1 8 7 10 1 10 2
8 1 5 8 3 5 1 2 6 4
5 2 6 1 7 9 5 1 9 2
3 5 7 9 8 7 4 7 7 8
3 9 3 4 5 7 2 6 4 6
8 10 8 2 2 6 9 9 9 7
8 2 5 6 10 5 7 8 10 9
6 5 2 8 5 8 8 6 6 10
9 2 2 6 5 10 7 4 2 3
7 9 7 4 3 3 7 9 4 4
6 10 2 2 10 2 5 5 8 7
7 4 9 5 10 5 2 8 1 9
1 9 6 4 2 6 2 7 3 1
7 9 3 1 2 2 1 7 2 5
2 4 3 4 1 9 2 1 4 7
9 3 10 2 4 7 1 5 6 4
10 8 8 7 4 8 2 4 10 6
4 2 1 5 6 6 8 2 9 1
2 7 3 5 7 8 2 6 4 5
7 10 9 3 4 10 6 7 5 3
3 8 10 4 5 7 8 1 2 2
5 1 6 2 7 6 8 7 6 2
9 5 5 6 1 1 1 7 8 9
2 2 1 9 4 1 5 1 4 4
9 7 9 5 6 3 1 7 6 7
7 10 3 6 10 4 3 6 6 2
10 10 4 10 7 5 8 1 4 10
1 2 2 8 5 8 1 1 4 6
10 1 8 2 8 8 4 6 4 1
1 1 9 3 8 5 5 9 5 7
9 5 1 4 7 10 4 5 4 2
5 3 6 7 10 5 9 4 5 5
2 7 6 7 8 2 2 2 5 10
5 6 9 3 9 3 4 7 5 7
5 2 7 5 8 2 6 9 5 9
10 5 7 8 7 3 8 5 1 6
7 8 5 7 7 4 5 6 8 7
4 2 5 9 8 8 4 4 3 2
8 8 2 3 6 10 6 8 1 9
1 2 6 1 2 3 10 10 3 8
2 4 3 10 6 7 8 5 2 10
4 4 10 6 2 2 8 5 5 5
10 3 9 4 3 2 6 10 4 10
10 5 1 10 4 2 9 10 5 7
3 8 3 1 6 1 2 9 10 7
4 5 10 5 7 1 6 1 2 3
1 1 3 5 1 4 1 4 1 8
1 2 6 3 2 10 9 9 10 9
5 5 8 7 6 9 5 9 7 8
9 2 8 4 2 8 4 8 2 10
