n 100
m 10
cap 30
Processing
99 99 92 85 68 65 99 41 2 65
52 94 57 32 69 16 66 12 88 35
97 97 74 72 88 52 24 4 87 99
86 29 50 1 3 34 100 30 80 100
37 41 40 43 36 19 28 19 43 94
84 39 24 86 33 68 2 99 76 30
3 99 11 78 20 10 4 91 50 84
6 27 57 1 43 97 2 61 65 86
22 37 97 56 99 61 93 94 88 51
81 50 65 26 91 32 65 55 68 51
7 96 16 93 41 54 88 99 67 68
26 11 97 26 60 66 83 86 88 45
62 21 16 71 51 16 49 6 61 74
68 94 86 26 76 80 56 47 25 97
72 49 54 94 54 63 16 4 81 82
94 15 9 37 26 71 100 18 75 46
3 60 87 63 83 64 35 68 64 45
99 58 45 100 59 9 8 64 77 32
87 83 12 88 44 50 82 84 82 20
33 71 40 100 74 43 83 6 43 84
61 78 88 94 70 20 93 97 1 41
99 56 8 32 25 67 92 63 50 41
71 7 22 98 94 53 40 42 28 80
29 42 35 60 34 73 85 75 91 28
84 59 22 8 24 70 28 20 79 83
7 26 70 22 63 6 9 22 90 88
70 88 86 9 39 30 60 34 37 13
42 71 44 84 66 77 38 21 84 28
70 18 7 78 41 47 89 36 26 24
5 82 75 99 85 49 69 27 52 16
60 15 71 57 2 88 59 88 59 32
69 44 10 80 79 81 19 32 33 23
15 63 50 19 29 79 100 26 22 24
21 55 9 95 87 56 42 60 5 56
48 31 51 46 24 18 24 17 81 94
55 43 51 81 51 83 78 39 50 24
49 78 93 45 80 96 22 22 7 3
37 28 9 10 46 36 60 89 35 67
47 96 88 45 17 39 27 35 18 49
3 43 8 77 89 73 57 74 76 33
50 18 85 67 71 26 18 50 7 94
31 76 18 63 64 25 45 3 51 41
51 54 35 8 25 90 93 50 52 65
66 59 63 77 84 36 42 28 77 46
82 34 74 19 14 31 57 29 9 28
92 33 75 14 14 70 21 28 23 14
17 6 1 63 64 17 20 9 1 25
16 86 51 10 89 3 8 56 99 25
61 29 82 95 10 22 78 14 3 98
43 37 51 32 93 40 91 7 88 49
32 58 85 65 21 27 14 78 18 72
63 35 51 41 89 15 56 97 79 91
47 55 16 52 95 36 10 16 74 17
59 68 36 48 37 82 79 81 93 22
28 37 41 15 12 60 39 31 67 72
22 65 87 13 84 82 95 76 51 90
31 48 2 90 54 40 22 18 68 9
39 81 21 70 10 70 58 97 61 76
17 94 28 22 10 76 67 85 95 64
35 83 56 12 90 85 78 29 36 58
54 11 79 84 3 25 61 92 18 46
18 65 90 15 38 83 19 1 99 25
95 28 87 92 83 19 88 79 31 56
26 92 65 33 29 49 15 98 80 71
10 85 16 81 28 45 2 3 95 76
14 64 79 75 78 35 66 59 79 60
50 9 49 72 74 2 87 51 50 71
66 47 74 100 90 36 43 87 26 10
66 82 33 63 51 39 16 2 6 62
59 21 9 76 62 85 16 56 100 44
74 44 18 10 48 66 82 97 43 89
34 76 39 59 70 87 46 99 27 8
99 90 26 63 43 63 56 4 17 63
13 67 51 55 90 13 40 94 55 6
89 36 95 8 27 25 93 88 88 80
46 45 41 64 72 70 3 76 71 9
10 40 63 39 42 2 64 75 66 61
82 3 43 37 19 88 56 17 65 57
35 44 3 70 64 73 58 21 54 68
76 6 66 42 94 20 6 51 3 38
56 49 26 98 43 83 10 3 42 12
4 56 87 86 61 17 13 80 47 76
75 5 3 15 53 69 61 81 5 16
40 78 87 86 38 60 19 39 17 76
84 20 59 56 14 96 65 36 24 1
22 76 57 2 74 49 41 51 64 12
30 1 27 16 87 99 95 61 74 56
20 7 99 42 37 41 3 75 9 84
16 20 45 76 65 13 31 40 63 57
82 94 79 89 93 43 81 67 82 80
82 78 68 61 74 45 2 13 37 45
9 70 22 69 64 59 44 41 91 90
2 51 71 35 72 31 65 83 80 51
85 51 76 54 8 36 24 38 3 68
65 86 40 11 17 94 48 67 55 62
59 62 76 7 56 52 72 54 81 67
11 40 46 7 58 79 81 45 75 40
11 72 69 64 57 49 13 71 7 60
73 16 82 6 7 97 71 93 75 52
35 12 80 59 97 78 72 96 83 15
Size
5 2 2 4 2 6 8 9 5 6
2 5 7 3 2 6 9 8 4 3
8 4 2 4 10 10 1 5 4 7
5 4 3 4 10 4 8 5 1 9
9 8 3 3 4 2 10 3 8 6
4 1 2 2 7 9 6 8 8 4
10 1 1 10 7 6 7 8 2 6
5 4 4 1 1 1 3 7 2 8
2 3 6 8 8 7 7 5 9 1
9 8 2 9 3 3 9 10 2 1
2 6 9 2 8 3 1 10 2 5
10 8 9 1 7 8 6 1 6 1
10 4 6 5 6 5 5 2 2 6
6 10 2 5 8 1 10 7 6 3
3 6 6 4 1 3 2 8 3 5
8 4 2 8 10 9 3 9 8 2
8 2 8 6 4 6 5 4 6 8
1 2 4 5 2 7 7 3 2 2
4 2 2 2 5 3 7 8 6 10
9 9 6 9 5 10 2 8 4 5
9 8 8 5 3 4 2 10 8 5
3 3 1 9 9 8 2 7 7 8
5 7 4 5 6 7 7 3 3 5
8 6 9 2 5 10 1 8 4 2
7 7 4 7 5 4 7 9 6 6
9 2 8 1 6 1 8 10 4 8
3 3 5 1 7 5 1 2 9 5
3 2 8 8 7 5 2 2 10 2
3 3 4 8 8 4 10 1 8 3
8 2 4 8 4 9 1 4 8 2
1 10 2 9 9 2 5 4 10 5
7 6 1 1 6 8 7 8 2 4
5 9 1 4 1 8 4 3 5 1
4 7 7 3 7 10 2 4 4 8
4 10 7 8 1 2 4 3 5 6
5 3 5 3 6 7 8 5 8 8
3 5 7 7 7 5 3 4 8 4
8 3 6 10 4 6 10 7 8 6
6 10 10 9 2 2 9 10 1 4
5 2 3 8 5 6 7 1 2 5
9 5 2 10 9 1 8 1 10 3
7 7 9 7 4 5 1 3 6 4
4 4 2 10 3 1 7 10 3 2
2 10 3 6 10 7 6 10 10 6
7 8 2 1 6 6 4 9 9 5
5 4 9 9 2 7 3 5 5 8
10 2 3 3 8 3 1 7 9 3
5 3 6 8 6 3 5 2 10 10
7 4 2 2 6 8 9 7 10 2
4 2 8 8 1 2 7 8 4 3
10 2 8 3 2 9 1 8 10 4
1 5 5 1 5 8 4 10 10 2
5 5 5 10 5 1 6 3 2 4
1 8 1 5 1 3 2 10 7 1
6 10 10 6 3 7 9 6 4 8
3 5 4 3 4 3 5 10 6 7
9 5 4 7 4 8 3 8 1 4
5 8 5 3 9 10 7 1 6 2
9 4 4 7 6 7 3 3 6 3
5 9 7 8 7 3 9 7 3 4
2 3 2 4 4 1 7 5 6 7
3 2 2 4 5 2 2 1 10 10
2 3 8 7 2 9 4 9 8 8
9 5 8 2 9 3 3 1 6 2
1 5 5 8 9 10 8 6 7 1
10 10 1 9 7 10 3 4 10 3
10 9 8 9 10 6 8 3 9 1
7 8 4 8 6 2 7 5 6 6
1 2 10 8 5 7 9 2 5 3
2 1 8 4 7 4 4 8 7 1
7 4 2 10 7 3 5 6 1 2
2 3 5 7 3 4 7 9 8 4
4 7 2 2 7 7 8 2 5 9
10 7 4 6 8 6 7 7 5 1
10 4 7 1 7 6 7 5 10 1
9 7 3 5 6 7 9 5 4 7
1 8 3 6 10 2 4 9 2 7
1 9 10 5 1 8 6 7 9 1
5 3 7 1 8 8 10 2 2 1
7 8 6 9 10 10 6 8 10 3
9 1 2 6 6 7 6 8 9 10
3 9 9 1 9 5 6 6 9 5
4 6 1 10 7 9 8 5 6 6
3 7 10 4 3 7 10 1 2 7
8 5 9 7 9 6 10 4 2 7
3 7 9 8 10 7 3 3 8 6
10 6 1 2 2 10 2 3 9 1
3 2 4 3 10 1 7 4 1 8
4 1 8 10 8 9 2 9 8 4
3 10 3 2 3 8 8 2 8 2
6 5 7 4 5 10 8 8 6 8
5 2 7 8 5 7 6 5 4 8
6 1 4 5 4 2 1 1 9 8
3 5 10 7 4 8 4 5 9 3
7 5 1 5 4 7 1 4 9 2
4 4 5 7 8 9 2 8 7 3
9 3 1 1 10 1 2 5 6 4
1 1 7 4 10 8 4 2 2 6
5 9 7 7 2 1 3 6 9 3
4 6 7 7 1 3 5 8 6 9
