n 100
m 10
cap 30
Processing
81 30 32 52 75 84 42 21 85 94
77 3 4 48 19 63 38 27 91 71
72 40 45 2 57 12 52 12 19 66
74 72 13 76 58 88 40 18 36 8
50 21 59 24 27 47 89 63 46 63
73 20 42 46 71 20 73 79 10 64
15 14 81 28 15 73 60 66 12 58
62 47 96 30 39 14 16 73 78 31
29 47 67 39 22 63 62 15 31 29
92 10 26 67 32 25 55 23 75 77
50 48 54 77 70 14 85 40 57 72
22 49 41 15 21 34 78 81 36 81
46 92 3 92 39 59 24 13 5 42
30 73 79 15 93 1 21 14 27 45
37 19 43 53 67 97 85 96 9 83
94 62 50 63 8 35 66 75 71 27
76 12 81 9 95 20 64 2 17 79
80 97 9 45 47 82 59 16 20 40
14 63 78 44 92 1 35 33 17 78
46 64 14 54 65 18 41 6 34 55
23 47 40 85 57 51 2 42 57 42
51 4 77 95 81 78 62 92 88 92
89 69 91 82 81 89 54 82 74 58
57 54 22 32 79 3 99 44 62 54
66 81 92 54 83 59 16 43 2 57
62 35 87 98 100 54 88 62 43 39
67 30 3 46 19 61 83 100 68 79
92 74 87 22 25 91 7 69 55 34
27 4 7 34 59 22 80 100 69 1
38 98 77 22 8 95 87 79 62 38
88 1 71 36 37 95 11 87 23 2
77 26 36 60 79 8 34 61 32 43
25 28 17 74 100 21 74 80 90 15
68 71 8 18 30 49 31 4 57 36
29 5 10 74 51 8 14 82 58 70
4 74 73 41 67 10 39 52 95 27
20 57 72 60 34 14 48 62 46 21
64 90 36 37 11 3 30 30 43 13
12 83 75 68 43 18 55 2 39 73
15 40 11 34 14 31 82 17 36 27
88 34 51 38 44 48 37 20 45 61
20 39 93 27 66 18 15 28 87 80
31 100 3 63 47 26 56 37 65 70
38 13 56 25 2 16 35 52 51 93
67 32 24 55 85 37 25 12 16 85
71 21 79 92 36 98 92 73 62 71
94 63 43 35 54 15 97 81 89 29
39 94 20 11 1 90 69 55 7 57
15 61 16 47 74 22 23 25 15 86
42 27 88 56 100 2 45 50 15 79
7 36 35 56 87 6 63 64 85 31
8 85 18 6 13 46 67 99 20 50
9 95 94 29 10 18 31 40 99 53
29 92 44 1 65 28 42 38 11 51
28 54 3 82 36 66 81 95 73 18
46 27 88 68 13 57 72 39 67 96
53 35 2 17 85 80 39 11 20 2
65 40 27 53 55 38 21 1 76 41
38 70 89 48 67 26 73 12 63 38
87 49 34 26 78 43 29 50 46 40
62 92 14 18 22 53 35 57 61 33
47 41 44 84 7 55 72 19 28 5
29 60 71 57 50 39 75 76 44 55
49 100 12 68 20 16 2 83 94 27
7 3 99 30 49 53 81 42 12 43
67 19 9 9 37 22 17 55 51 93
3 26 8 19 33 38 82 26 62 38
20 88 2 82 17 9 44 47 47 91
33 29 76 51 60 47 29 92 94 60
8 91 96 30 56 73 64 47 81 26
20 76 31 43 54 69 80 75 49 97
48 49 14 61 86 16 57 5 29 26
28 84 86 12 88 64 4 43 51 58
14 59 13 33 74 74 80 77 31 30
91 83 94 81 12 44 74 89 95 45
77 18 27 64 5 64 35 42 14 81
46 69 99 80 8 82 20 93 21 22
51 60 9 55 83 31 54 30 79 58
85 48 10 66 8 80 39 46 70 77
24 51 81 72 60 56 43 31 81 59
24 8 63 72 53 9 16 27 40 76
65 64 1 52 17 89 82 20 61 45
65 13 54 79 16 42 52 40 63 6
57 92 80 72 69 21 48 76 93 40
65 75 95 90 15 10 62 1 68 45
58 80 69 36 62 39 72 74 55 71
9 12 40 22 46 92 5 55 94 37
76 33 36 87 46 68 17 57 58 82
14 88 35 5 69 62 79 64 51 1
30 53 3 40 70 79 45 82 8 71
9 46 20 83 60 21 24 62 85 75
69 44 28 67 86 23 40 35 68 62
47 9 41 40 96 86 20 94 98 25
33 96 24 61 81 36 57 33 93 74
2 68 31 11 4 14 89 31 14 85
74 35 15 41 75 6 29 82 30 76
94 55 61 52 1 95 56 17 32 14
64 58 3 65 95 5 90 38 81 65
8 89 100 15 33 22 80 67 53 50
42 6 19 38 52 96 51 52 26 90
Size
3 1 2 6 8 9 4 10 9 1
6 2 5 4 8 4 2 1 9 8
8 3 3 8 10 1 6 1 5 2
2 8 6 4 8 7 4 7 10 10
1 6 8 2 7 3 6 9 6 4
10 5 5 1 5 8 2 4 2 4
10 5 9 2 6 2 6 10 8 3
5 5 10 3 9 10 6 1 1 9
3 8 2 1 4 2 6 8 3 2
6 8 2 4 3 10 1 8 6 9
3 10 5 3 5 4 1 5 6 10
6 10 5 7 2 7 4 5 9 9
1 8 2 1 7 8 3 5 6 10
1 3 8 7 9 1 9 4 9 2
7 6 2 3 3 8 5 7 7 4
2 9 10 8 6 8 2 7 1 1
1 5 6 5 7 2 7 7 8 10
8 5 8 2 3 8 3 5 5 2
6 3 3 3 6 7 6 3 8 3
6 8 10 3 7 7 9 5 2 9
1 3 4 7 8 8 7 9 3 9
3 10 8 1 3 3 4 8 7 4
6 8 8 5 2 6 8 10 6 5
7 5 10 2 7 10 4 8 7 7
2 9 10 5 3 6 1 4 3 6
5 9 1 2 9 4 5 2 2 10
5 2 2 5 8 2 3 10 9 8
8 2 6 5 3 10 7 5 3 2
5 10 5 8 4 7 10 2 8 9
3 8 1 7 4 3 2 6 3 4
8 7 8 8 2 3 7 7 7 5
5 8 5 2 8 8 10 5 6 5
3 2 2 5 9 1 8 2 2 6
7 2 6 7 10 2 4 1 8 10
6 6 2 6 3 6 10 5 1 3
1 2 5 5 3 9 1 4 3 10
10 4 5 5 2 2 2 8 2 5
4 5 9 5 5 2 8 4 2 5
3 9 5 4 3 3 10 6 8 10
1 10 6 4 4 7 1 9 7 3
1 7 3 6 10 2 10 10 3 9
5 10 2 8 1 2 1 5 8 8
9 2 6 4 8 6 6 2 6 8
3 2 3 9 5 5 3 8 10 10
6 4 4 8 6 9 6 3 9 5
2 5 9 3 4 8 1 1 7 5
10 4 10 1 10 10 8 8 6 6
9 7 10 9 5 6 3 9 10 9
4 7 7 2 7 1 4 1 8 1
10 6 8 6 3 2 8 1 5 8
3 6 5 2 8 10 1 10 4 8
5 5 5 1 6 3 3 9 5 3
9 7 2 7 10 5 2 6 8 2
6 3 1 6 9 5 6 8 5 5
3 1 10 9 2 6 5 1 2 2
3 8 7 10 10 8 5 7 2 7
1 4 9 2 4 2 7 10 2 9
1 2 10 10 7 2 4 1 4 1
5 7 4 2 5 9 5 5 4 3
8 8 8 6 2 7 4 4 1 3
9 3 2 9 4 6 9 5 7 5
7 6 4 1 9 2 5 7 2 1
9 6 3 7 6 3 1 3 4 3
6 4 10 9 6 9 9 1 2 8
6 6 8 10 3 10 1 9 3 10
8 4 10 7 5 3 9 8 2 2
7 7 4 8 7 8 1 3 6 1
5 10 4 7 6 3 1 1 4 10
1 6 10 7 1 8 7 1 5 2
9 8 4 10 6 4 8 7 7 1
4 1 9 6 10 3 9 4 6 6
5 4 8 8 7 2 1 6 3 3
6 7 4 4 10 9 2 5 2 2
6 6 7 5 7 9 2 4 1 8
4 3 7 8 9 8 4 4 1 10
1 10 6 8 10 1 6 10 4 8
1 9 2 1 1 2 10 7 3 7
4 8 7 9 6 2 7 7 8 5
7 7 2 8 5 8 6 5 3 7
1 7 2 8 1 7 8 8 10 9
1 10 8 10 4 5 1 8 9 3
9 10 4 8 9 3 9 7 1 6
8 8 7 4 4 6 7 3 5 9
6 8 7 1 1 9 3 8 10 10
3 6 2 3 1 2 10 1 2 4
3 6 6 4 7 4 6 3 4 10
9 2 1 6 10 7 9 5 8 2
6 1 9 10 4 9 5 8 9 1
1 10 6 7 10 2 1 1 2 3
5 10 8 7 3 7 2 9 9 10
1 2 7 8 6 1 2 6 3 4
2 5 8 5 10 6 10 2 8 10
8 4 5 10 8 3 8 6 5 7
2 5 3 6 8 2 2 2 5 5
4 3 5 7 6 4 3 6 3 9
5 5 7 2 9 8 10 2 8 2
7 4 8 3 1 3 1 2 1 10
5 8 4 8 3 3 9 5 7 2
7 9 5 4 3 2 2 4 4 1
5 6 5 1 1 6 7 2 7 3
