n 100
m 10
cap 30
Processing
3 83 84 54 6 99 6 17 21 78
1 40 75 4 93 2 60 60 20 4
30 71 99 65 56 18 54 27 14 16
23 89 9 92 66 97 72 43 87 53
59 28 58 79 70 47 4 39 4 64
56 85 11 87 57 80 33 85 81 70
10 28 96 93 26 53 81 32 82 46
12 80 74 20 40 15 90 38 16 8
4 19 93 5 1 67 61 10 5 21
85 69 91 77 92 72 84 94 34 97
84 19 97 2 6 84 44 28 100 39
30 5 45 15 92 44 53 88 47 13
66 36 25 77 50 48 27 68 48 29
100 70 42 24 48 49 85 51 61 36
59 63 4 91 8 79 64 49 57 52
73 18 95 50 81 38 43 95 94 60
82 47 9 57 12 6 3 34 21 16
36 85 97 50 25 89 50 52 95 87
59 22 31 5 33 30 21 96 83 15
9 3 9 13 88 78 71 91 11 71
21 49 61 5 86 64 91 25 55 88
82 70 94 96 66 81 18 87 51 32
90 53 18 60 13 70 79 82 58 6
38 42 99 56 69 71 33 58 35 9
44 50 75 89 69 100 3 64 5 3
46 40 34 52 71 16 14 50 20 92
16 11 97 61 80 25 42 86 19 8
88 31 24 53 69 71 5 89 53 71
23 20 25 49 68 64 100 71 53 11
34 25 90 41 61 54 62 35 86 8
52 40 86 68 29 83 15 85 34 3
90 35 79 37 47 76 42 29 41 85
56 89 73 93 39 96 70 58 20 13
44 61 55 46 85 32 16 6 20 54
95 41 57 24 91 43 14 9 95 58
15 65 23 15 64 9 96 54 77 77
31 36 14 79 21 81 64 33 93 76
87 44 49 49 27 62 76 96 80 74
52 35 44 38 5 74 12 51 76 8
30 58 13 37 18 29 51 35 3 27
16 28 82 68 20 58 43 43 46 21
78 70 89 33 16 41 53 38 82 4
77 37 8 32 67 97 59 47 92 76
66 85 68 11 51 53 50 58 28 62
48 68 71 22 48 32 7 47 2 58
34 65 54 99 47 17 30 8 12 22
36 24 22 45 41 61 71 87 79 18
36 14 10 32 56 72 79 68 41 59
90 44 28 89 28 50 71 73 62 47
10 7 31 29 29 21 4 43 93 100
74 85 12 55 14 25 61 60 93 42
12 87 23 99 19 10 95 88 39 33
31 67 5 21 45 98 21 48 37 19
17 73 66 80 75 47 10 69 8 67
7 68 76 8 89 70 40 86 90 88
95 67 16 6 65 53 58 72 84 59
98 25 42 82 4 35 16 3 10 80
78 2 29 31 92 73 87 14 52 50
65 42 23 72 29 81 53 25 61 97
31 97 60 65 49 32 31 42 49 64
6 57 12 43 43 71 65 62 81 30
50 80 70 81 66 80 35 71 94 97
64 12 64 30 35 61 4 95 83 49
98 34 96 20 74 68 79 34 5 96
36 30 64 27 91 53 62 55 32 31
68 25 13 20 89 42 39 50 23 11
53 92 100 28 53 4 51 90 48 3
51 71 36 52 50 55 24 93 89 46
92 58 66 41 95 88 18 46 11 18
65 30 33 21 75 26 91 16 19 100
64 28 17 89 51 82 17 79 72 23
83 58 62 24 49 6 6 69 63 51
76 88 29 86 75 95 37 24 85 98
77 5 11 28 9 86 13 89 22 95
88 77 15 46 82 74 90 56 34 45
9 74 2 60 14 38 64 5 57 73
58 13 8 44 66 17 54 65 10 18
6 66 50 37 93 48 33 14 80 13
87 35 98 40 61 66 25 80 9 4
58 88 62 3 10 53 72 1 64 72
92 84 95 84 64 64 21 53 30 3
59 47 41 17 92 99 76 42 76 25
63 64 95 64 86 4 59 40 76 33
32 34 98 94 93 90 28 44 61 100
56 78 81 9 86 69 86 50 83 64
70 30 1 50 58 15 98 85 50 46
51 69 49 60 42 76 40 24 74 2
90 84 45 79 93 12 79 100 69 32
98 54 16 23 50 26 20 84 52 23
36 54 83 27 31 15 78 81 13 40
95 50 12 71 55 87 58 25 30 64
61 33 29 25 30 100 43 23 49 5
4 71 16 10 19 84 51 74 83 78
22 23 62 4 8 4 16 84 26 99
14 77 46 44 17 97 85 88 3 62
97 29 30 14 89 52 91 26 86 33
97 63 46 68 61 32 48 53 97 86
38 64 89 73 7 98 52 42 28 56
18 40 62 2 35 5 43 52 23 18
5 5 94 9 50 23 87 37 34 71
Size
3 3 5 3 2 4 6 8 10 2
8 6 1 3 4 3 6 6 6 1
7 8 5 5 5 9 1 3 5 9
2 8 9 7 3 2 7 8 9 3
6 5 8 4 6 5 6 7 2 2
4 4 2 3 3 6 6 1 7 6
1 2 1 5 8 2 3 2 3 8
10 4 1 3 5 8 3 1 3 4
8 4 6 7 10 9 1 3 5 4
7 7 9 7 9 2 9 7 4 3
5 8 3 2 7 2 5 3 5 5
5 3 7 10 10 9 1 4 3 8
8 1 1 2 8 5 6 2 2 8
7 4 10 3 9 7 4 7 9 6
5 3 7 5 6 2 8 7 10 4
4 9 6 6 1 2 4 4 8 1
6 5 1 3 9 3 7 3 7 7
8 8 3 8 3 10 7 1 1 5
3 3 8 5 5 2 8 2 2 10
3 10 7 6 9 2 4 6 4 5
5 6 9 9 5 1 9 10 4 10
3 10 3 9 10 2 2 3 1 7
5 9 8 3 5 10 2 2 7 3
4 6 8 8 1 8 8 7 1 7
7 1 3 2 2 4 2 1 6 7
4 10 6 7 7 9 5 10 8 9
10 5 4 3 6 4 5 3 6 5
3 7 5 9 2 2 4 6 10 8
8 6 6 4 8 2 1 3 10 7
2 7 5 5 9 8 10 6 8 3
6 9 7 10 9 4 8 7 3 7
4 5 4 9 2 3 9 1 2 3
9 5 2 9 2 4 9 8 9 7
4 9 3 9 5 8 5 3 2 4
7 1 1 10 10 10 2 6 9 10
2 7 5 8 3 9 2 10 10 3
5 3 6 6 8 7 1 6 2 2
6 9 7 5 1 6 7 1 1 7
6 3 8 6 2 3 4 4 1 1
10 4 4 10 9 10 9 1 2 4
10 2 6 7 7 6 8 3 10 9
7 6 6 7 8 8 10 3 1 4
4 4 6 5 3 10 9 7 9 10
6 6 8 4 9 5 4 10 9 9
3 9 10 7 9 3 9 5 1 3
2 9 2 9 9 8 1 8 10 5
3 1 7 4 8 7 7 8 1 5
1 5 1 2 9 6 8 9 10 6
3 1 8 10 6 4 1 7 8 2
4 7 2 7 8 6 5 8 7 10
4 5 1 4 7 4 9 6 3 7
5 9 4 7 7 9 1 10 3 3
10 7 8 10 9 1 1 6 3 7
3 6 3 7 1 7 6 10 9 4
5 6 3 7 1 6 10 3 1 5
3 1 1 1 10 5 3 7 7 10
8 4 1 1 1 2 1 7 4 3
2 4 4 3 5 5 7 9 10 7
8 10 2 9 6 3 5 10 10 6
3 9 4 3 7 1 2 1 6 9
4 1 6 6 3 1 1 5 8 2
10 1 10 1 1 5 1 9 8 5
6 5 3 9 2 7 1 4 6 6
6 3 8 9 5 3 2 7 1 8
1 9 6 3 10 2 1 9 5 4
5 3 5 7 10 3 9 4 8 1
8 4 1 6 8 4 5 5 5 9
4 9 9 4 8 10 5 4 6 8
8 1 8 8 1 7 1 3 2 4
5 2 7 5 2 7 2 6 1 7
8 10 2 6 3 1 5 2 4 9
7 7 6 4 9 3 3 5 2 7
7 10 5 6 6 2 8 10 9 1
3 7 9 10 1 2 4 1 2 6
5 2 4 2 4 10 1 1 2 5
9 7 1 2 1 2 6 3 5 6
8 7 1 4 6 6 8 6 4 5
1 8 7 10 8 3 10 7 4 9
2 3 10 2 4 5 9 10 9 4
4 2 1 1 3 7 3 8 5 2
4 4 9 8 2 9 6 8 4 8
9 3 2 1 9 2 4 6 6 8
10 1 5 10 7 6 4 1 8 2
4 2 7 6 10 2 5 3 4 8
4 1 7 2 7 10 7 4 2 5
5 2 3 8 3 4 7 8 10 8
5 10 8 5 4 3 10 9 7 1
3 4 4 5 7 7 4 2 8 1
5 4 10 2 5 9 7 10 9 1
8 4 7 4 9 7 1 1 2 5
6 8 8 1 8 6 3 8 9 7
2 9 4 1 6 4 2 3 6 9
8 5 10 2 6 7 1 1 6 6
7 6 1 5 5 9 4 3 5 1
5 3 8 9 7 2 5 3 5 2
5 6 8 10 10 2 7 10 6 7
10 8 10 8 8 2 3 7 3 10
6 8 5 3 7 3 8 1 4 2
4 4 7 6 3 1 8 6 5 8
3 8 2 10 7 9 7 3 6 6
