n 100
m 10
cap 30
Processing
42 50 38 22 35 17 4 68 68 91
34 68 61 4 83 28 71 81 48 59
41 33 55 78 44 51 3 83 52 74
3 100 51 95 25 87 98 40 15 24
78 25 15 87 23 76 30 82 58 18
11 75 34 70 82 90 92 94 79 77
19 36 27 96 22 62 87 84 30 82
20 72 98 83 90 39 100 100 31 8
83 35 32 10 7 13 82 43 60 1
90 80 55 56 11 91 35 82 81 85
7 52 22 55 32 8 98 68 73 23
32 39 83 63 91 84 65 37 59 84
39 39 100 6 3 22 88 54 94 61
64 21 28 52 13 43 84 6 71 24
49 85 34 33 99 19 16 44 9 61
84 92 5 3 60 11 96 42 14 10
83 32 99 77 18 25 88 61 60 80
1 59 93 41 57 45 12 42 15 54
31 16 48 10 60 68 33 50 67 71
67 68 68 3 58 30 85 75 74 52
37 88 44 40 93 98 42 14 91 2
40 6 99 80 2 75 96 85 60 91
14 87 93 29 49 67 90 43 60 55
17 96 4 30 97 39 81 3 63 10
78 40 43 5 67 81 14 21 76 63
88 37 11 90 9 9 78 7 11 6
49 88 62 98 40 62 11 71 70 83
32 21 68 53 80 84 43 44 5 68
82 58 1 90 26 77 12 34 46 5
79 96 98 8 10 28 2 49 8 95
2 15 39 79 81 68 97 67 59 82
48 48 66 30 87 97 85 75 31 48
12 27 13 55 37 23 97 65 52 78
72 83 77 87 75 70 57 81 58 72
19 44 52 64 32 3 73 12 55 23
72 97 14 91 49 52 31 8 70 44
11 3 19 8 76 40 82 32 61 55
98 29 13 53 14 23 57 25 7 29
81 59 19 82 38 76 18 82 43 23
69 3 72 95 7 88 66 69 76 95
39 85 17 31 50 67 35 62 21 70
81 28 83 3 60 31 70 49 86 10
43 53 5 43 99 16 45 31 82 86
26 30 14 47 63 15 53 40 42 45
31 33 17 83 95 18 17 76 11 48
66 48 59 7 9 64 26 61 48 16
23 34 54 80 20 47 13 59 7 1
2 12 32 5 25 30 84 46 48 16
27 87 77 33 8 38 98 58 25 34
25 15 49 6 87 51 88 93 59 100
17 27 10 10 46 67 22 29 59 38
81 91 1 27 22 94 68 63 90 94
63 76 79 29 61 15 32 24 26 23
81 96 44 83 27 49 36 94 28 64
82 39 48 97 3 10 40 42 53 30
18 34 55 74 23 67 89 50 53 50
52 46 23 93 24 6 36 75 87 1
24 42 93 27 90 92 12 4 41 81
98 10 44 73 58 13 46 20 65 65
32 4 37 39 67 79 43 76 27 79
25 89 92 9 71 52 24 68 57 20
37 8 77 20 20 93 50 42 9 30
50 42 27 93 71 36 74 99 9 56
84 43 49 64 52 51 67 24 60 27
81 12 8 5 35 65 5 53 22 96
57 94 36 25 96 56 37 56 91 21
10 78 95 79 53 61 86 93 42 72
54 66 52 58 89 56 51 17 26 32
44 71 100 54 83 77 27 49 16 31
53 25 80 44 14 70 49 16 68 84
60 26 81 52 38 92 81 10 76 65
5 15 60 94 5 65 8 20 36 33
56 35 43 29 74 17 10 77 78 33
51 75 77 42 86 66 52 78 87 71
97 87 80 51 49 74 43 45 90 19
6 32 28 67 88 91 3 98 55 81
7 69 36 48 27 15 12 97 99 99
24 21 24 10 17 2 20 53 81 60
83 86 67 58 65 82 56 29 87 47
13 18 86 36 28 75 45 23 44 67
93 89 67 89 20 55 14 57 4 50
20 2 18 42 20 6 34 69 90 92
57 90 79 17 91 55 29 57 58 69
42 31 67 10 12 29 85 9 51 97
4 56 4 81 87 24 60 80 33 86
82 95 11 91 33 65 60 62 40 39
76 84 82 20 88 43 90 11 12 78
31 8 67 92 64 25 31 64 25 97
26 22 6 70 58 81 64 25 51 93
98 97 57 37 20 34 99 42 96 67
5 89 49 73 32 54 58 32 68 24
83 57 21 64 79 28 68 52 10 72
45 3 95 2 86 83 65 27 50 4
75 76 15 26 8 53 51 13 82 46
62 55 55 45 98 18 89 72 56 56
12 55 39 51 42 83 45 65 77 47
42 80 38 81 95 27 29 50 91 66
32 63 70 51 88 71 44 26 66 13
10 90 5 30 23 82 97 61 82 92
90 29 17 89 34 78 84 86 82 81
Size
4 7 3 10 3 8 3 4 7 3
5 10 1 7 10 2 1 10 4 6
10 4 1 7 4 7 4 2 5 5
2 4 2 1 1 7 6 10 3 2
3 1 6 2 7 3 8 2 5 4
2 8 10 2 5 2 6 5 6 4
8 1 10 4 10 8 6 10 9 6
8 4 6 3 9 2 10 8 4 1
9 4 8 2 6 1 4 3 3 8
5 1 2 4 5 2 6 3 9 4
8 6 5 9 4 6 2 8 6 3
4 5 4 2 9 9 5 7 4 9
8 2 8 10 8 10 8 10 9 4
9 3 3 7 6 10 8 3 1 9
9 6 2 9 8 10 10 2 7 10
7 5 3 9 4 9 3 6 6 3
1 9 10 7 10 2 1 10 5 2
4 3 1 5 10 4 6 8 7 2
1 1 2 7 1 2 8 7 1 4
7 10 7 2 10 8 10 8 10 7
4 3 8 8 8 4 5 4 1 2
9 9 8 7 7 5 1 6 6 9
2 4 7 8 5 7 6 10 9 2
9 3 6 8 7 4 2 7 5 1
1 5 1 1 2 4 2 10 9 9
8 4 1 10 1 10 2 9 3 1
10 2 4 1 5 8 6 10 9 6
3 10 10 4 7 7 4 8 8 2
8 3 4 5 5 3 9 6 10 7
1 3 6 2 9 4 10 3 3 5
6 5 4 4 2 3 5 7 1 1
1 9 3 10 9 10 6 6 9 10
8 8 8 3 9 5 8 1 2 10
9 3 6 3 1 6 7 10 5 3
1 4 10 9 10 3 6 10 2 4
10 4 10 8 7 8 10 6 9 9
2 4 2 4 4 5 4 4 9 1
2 4 9 6 4 5 8 1 4 10
5 2 6 3 3 10 7 1 4 4
10 9 9 4 7 8 4 10 10 7
1 1 4 5 3 1 4 4 1 7
6 3 4 2 3 4 5 5 8 9
5 3 9 5 3 7 3 7 5 1
7 9 6 9 3 6 1 10 8 7
3 5 2 3 8 10 3 5 8 10
3 7 7 1 1 4 9 3 4 10
9 1 4 8 5 9 8 10 2 10
5 3 10 6 10 7 4 4 4 5
9 5 9 10 1 4 1 7 3 4
3 7 4 4 2 6 10 10 8 9
5 7 6 3 2 2 8 8 8 6
10 9 5 4 6 5 1 6 9 5
1 4 1 1 9 3 9 9 10 9
8 10 9 8 9 1 2 3 5 3
5 2 2 1 10 1 8 10 2 9
2 6 10 1 9 6 10 8 10 9
4 10 2 5 7 8 9 3 7 2
9 5 9 5 9 10 6 1 7 6
2 2 4 8 9 3 3 3 1 7
8 5 3 2 1 10 8 3 1 1
4 10 3 9 9 4 3 8 2 4
4 6 1 6 4 1 3 4 5 5
5 9 6 6 2 5 10 6 6 3
7 8 6 7 3 9 7 1 8 3
7 1 3 5 8 1 6 5 4 7
10 6 10 5 5 5 6 4 1 7
4 8 4 5 5 6 9 1 2 6
8 6 4 8 2 1 10 8 7 2
2 4 9 3 4 3 10 9 1 2
10 10 5 6 9 6 6 1 2 1
2 5 3 4 10 4 6 9 10 9
1 3 10 3 1 7 6 1 5 2
5 10 5 1 7 3 10 6 10 10
8 10 2 10 8 7 3 3 1 8
9 4 10 1 10 9 2 6 7 3
9 2 6 2 10 4 7 1 5 2
3 3 4 4 7 8 7 10 5 6
6 7 10 10 1 3 7 1 9 6
8 2 5 8 8 9 3 1 1 8
1 8 2 8 2 5 8 6 2 4
5 9 5 1 5 1 7 6 4 8
9 8 10 2 3 3 9 8 10 3
3 8 4 5 10 4 5 6 5 1
3 4 10 2 8 3 5 6 9 7
5 2 7 4 4 7 5 2 8 7
4 8 9 5 3 9 10 7 6 5
7 10 10 6 1 5 10 5 2 3
3 2 10 6 4 10 6 5 5 6
8 7 1 4 8 9 8 4 5 8
1 4 6 6 2 2 9 2 7 9
9 2 2 3 2 6 4 5 6 9
5 7 8 2 1 7 4 6 1 5
5 3 3 8 7 7 7 3 2 2
8 10 7 1 4 5 10 3 4 7
10 3 5 3 2 5 6 7 6 4
3 9 4 3 4 8 9 3 2 5
8 9 3 7 10 2 5 5 7 9
6 4 7 10 2 1 2 1 1 8
8 1 7 5 7 4 3 6 3 7
1 5 7 8 6 4 4 7 5 2
