n 100
m 10
cap 30
Processing
99 64 28 92 77 59 37 15 91 92
79 57 49 26 92 85 82 84 82 21
75 74 89 13 6 93 79 24 40 86
37 63 63 22 28 61 39 83 53 23
64 84 90 87 52 20 22 27 38 93
46 66 4 68 40 27 79 56 97 55
3 87 23 50 77 80 13 87 82 18
88 32 55 35 6 66 88 89 72 22
2 18 55 92 16 43 30 40 60 46
83 78 25 90 64 84 90 50 7 13
36 95 64 36 84 14 36 13 8 23
80 68 75 37 36 43 17 91 22 3
2 30 96 3 84 45 4 88 25 94
83 10 71 18 16 100 15 35 49 18
15 44 59 88 49 24 3 58 78 14
67 3 32 1 41 36 98 40 23 87
95 47 62 48 56 18 15 70 81 87
43 7 78 57 7 99 100 39 47 12
51 87 99 24 73 64 52 27 3 58
76 90 64 30 7 31 78 100 49 14
58 56 29 28 58 69 3 4 22 54
24 59 66 16 51 66 51 28 94 27
98 30 50 15 54 87 46 27 29 62
70 62 61 34 1 36 81 15 26 25
38 74 97 100 88 71 55 81 24 51
47 4 6 96 90 49 10 48 31 45
28 76 13 26 64 74 32 14 33 50
70 27 60 68 62 36 60 49 42 68
42 48 5 1 60 41 61 100 85 84
25 14 87 28 25 40 92 70 80 100
8 56 15 82 41 85 8 2 67 17
27 77 25 75 10 45 43 67 9 78
91 16 6 72 94 48 1 95 52 79
27 41 82 71 88 41 60 57 90 47
37 92 86 71 46 24 29 13 63 94
1 64 39 1 8 52 30 15 67 20
20 37 77 46 69 55 44 27 76 83
7 88 62 61 17 74 44 77 2 89
68 30 27 71 25 53 24 60 58 2
98 26 44 44 50 71 81 20 22 85
31 66 39 67 50 88 29 58 53 90
93 63 11 23 32 57 87 42 77 87
69 11 26 94 88 38 7 29 66 99
1 6 25 84 24 50 59 27 12 53
43 34 81 65 82 100 92 37 82 18
86 99 91 66 50 50 100 29 67 16
71 40 52 34 17 58 94 94 36 69
61 69 35 25 58 81 88 30 34 78
73 77 74 73 54 7 12 56 96 46
64 58 50 32 78 20 42 9 14 24
71 30 65 33 38 32 86 11 61 56
85 94 6 17 50 9 81 81 71 88
95 57 52 73 31 66 14 31 59 38
56 74 87 85 86 64 20 75 75 45
48 77 16 31 75 4 10 83 75 90
58 49 5 88 55 50 13 3 53 53
17 22 52 63 41 75 21 5 25 70
23 49 74 65 96 58 72 14 3 20
19 11 89 39 47 90 6 16 97 80
55 56 26 96 72 93 73 22 46 73
36 70 97 17 7 78 15 24 22 80
16 90 20 38 86 12 49 30 47 93
6 2 58 66 95 76 66 24 35 47
79 40 90 3 27 33 75 35 3 55
1 75 55 88 81 16 25 76 16 86
54 76 94 43 30 25 6 20 3 77
99 35 19 68 84 82 62 94 13 34
4 84 91 74 12 7 7 80 19 12
2 8 2 64 100 89 16 96 15 82
39 67 39 92 94 52 36 77 78 100
57 49 59 48 15 66 61 81 62 31
8 24 11 72 43 65 80 67 87 29
58 72 10 85 86 48 17 91 90 98
95 4 92 89 24 41 93 20 42 9
2 54 93 34 15 26 60 3 87 99
4 69 19 30 39 51 100 41 60 28
2 65 54 26 30 12 22 19 1 96
97 29 99 95 100 80 19 41 92 24
26 77 79 8 78 97 56 10 4 68
38 77 59 33 95 30 52 17 79 15
92 63 31 86 45 42 10 31 66 47
92 18 1 64 13 31 87 73 4 29
6 88 30 27 82 100 75 89 40 22
40 77 43 20 25 2 30 39 58 99
82 78 16 29 72 37 72 55 85 63
13 34 54 78 24 63 44 8 64 12
79 48 84 68 68 58 35 92 64 3
64 72 6 82 12 35 80 30 19 64
5 6 33 56 85 1 3 56 25 82
67 28 45 62 78 89 73 80 55 38
11 53 32 30 32 95 40 69 51 100
4 46 65 44 55 3 17 59 16 75
68 52 99 22 54 34 53 70 37 23
1 3 50 74 57 39 6 92 5 74
66 94 17 83 18 71 20 72 3 36
93 68 49 4 99 24 53 72 86 15
25 69 10 10 75 14 4 4 95 57
91 42 93 99 25 31 45 52 45 32
88 61 77 69 82 23 7 59 45 88
78 73 15 83 90 79 89 10 75 37
Size
3 4 3 9 1 6 1 10 3 6
7 2 2 3 7 2 3 3 6 10
2 3 9 2 2 5 1 2 5 4
8 2 1 6 6 7 4 1 9 10
10 8 8 1 4 7 8 5 7 6
1 5 6 2 7 7 3 10 7 6
5 5 10 2 7 6 8 2 3 2
5 5 8 7 10 10 8 1 8 7
9 8 5 5 10 1 9 2 6 2
5 9 3 1 10 10 7 2 3 3
10 8 8 4 6 6 2 3 6 7
5 7 4 6 4 4 6 3 6 3
5 2 5 6 1 8 8 9 3 8
1 8 3 7 4 2 1 4 5 2
5 1 1 10 1 7 5 6 4 2
7 5 10 4 4 7 10 8 8 8
6 3 2 1 9 8 7 3 9 8
6 5 3 8 5 10 2 8 1 3
8 3 3 9 2 5 4 4 5 9
4 6 7 3 6 9 4 1 7 10
3 4 1 10 8 8 5 2 4 3
7 7 5 2 6 2 10 2 10 9
10 1 9 6 1 5 1 4 7 6
2 1 8 6 8 10 1 3 5 1
6 5 5 8 2 7 3 6 5 6
2 5 10 9 4 10 2 4 8 6
5 4 9 8 5 3 5 8 7 9
7 5 9 5 1 1 10 1 8 2
3 7 5 5 10 2 6 4 2 4
9 5 4 8 9 6 8 10 6 9
2 8 4 8 2 10 8 1 8 8
8 2 2 6 5 2 8 10 8 8
9 7 4 9 2 1 6 1 8 3
6 1 10 4 7 6 8 7 1 8
9 5 1 6 9 3 7 9 4 10
9 3 4 8 4 4 9 1 6 5
2 6 6 7 1 7 9 2 8 3
2 10 2 7 10 3 10 3 5 9
9 10 1 4 8 5 8 1 2 10
10 9 2 7 3 9 1 6 6 8
3 2 8 10 5 1 5 2 5 6
7 1 1 1 5 9 2 10 9 6
2 1 5 6 6 5 2 3 3 7
4 5 8 7 8 8 1 8 7 1
8 7 7 6 5 5 5 9 9 9
9 1 9 6 1 2 7 4 9 9
1 1 2 8 1 5 2 10 4 2
6 4 5 5 6 3 9 6 1 7
6 3 10 9 7 1 1 1 1 4
9 2 4 8 9 10 4 6 4 3
1 3 8 2 8 6 3 6 9 3
9 6 8 7 2 10 2 9 9 8
8 4 1 5 9 4 7 9 9 1
9 6 9 4 2 5 7 3 8 8
4 3 1 1 10 4 5 8 6 8
4 1 2 6 4 9 4 8 7 2
3 8 2 8 10 7 10 2 3 8
6 7 9 6 5 7 10 1 2 10
3 3 6 9 7 8 7 5 4 3
7 10 10 8 2 5 9 5 1 1
2 2 2 5 3 8 1 9 4 1
2 5 4 9 1 9 4 10 3 8
1 2 6 10 3 5 5 5 2 9
5 6 4 4 10 1 3 2 8 5
10 1 7 4 7 6 8 5 3 3
1 5 2 9 6 2 3 5 7 6
2 4 7 3 10 6 8 10 5 9
7 6 4 6 10 9 8 3 8 4
2 6 7 4 9 6 9 10 1 10
7 5 3 4 6 4 4 4 7 7
1 2 3 4 4 4 4 6 2 4
6 3 1 3 4 1 1 7 4 9
3 9 8 8 1 3 2 8 5 8
6 6 2 2 1 6 1 9 1 7
9 2 9 4 4 3 1 2 1 5
5 7 10 4 3 6 10 10 10 8
2 8 2 1 8 3 2 8 1 8
5 1 1 9 4 1 3 5 10 6
2 5 2 8 7 1 4 5 2 10
9 6 6 2 10 2 3 10 3 8
2 10 6 9 10 4 1 3 3 5
3 1 9 10 7 6 3 1 1 3
5 7 3 4 8 10 4 6 8 7
4 2 2 5 9 2 2 7 5 5
6 2 4 3 10 10 8 6 10 8
4 2 4 3 2 5 6 2 2 3
4 5 2 4 1 3 9 6 8 2
5 8 2 7 2 7 10 6 4 8
9 2 10 9 10 1 10 8 3 2
5 6 5 7 4 4 10 7 10 1
2 8 2 4 7 2 3 3 9 4
5 8 5 8 9 6 9 7 7 6
8 5 8 3 8 5 2 8 7 8
2 9 7 7 1 1 4 3 7 8
4 6 6 9 6 9 5 6 1 6
10 7 10 10 2 6 2 3 3 1
6 1 2 6 5 10 5 5 8 6
7 9 10 6 10 10 8 3 2 3
2 7 4 8 9 4 7 3 2 7
9 5 1 10 3 10 4 3 6 10
