n 100
m 10
cap 30
Processing
96 11 42 81 75 17 1 6 35 33
64 84 28 26 48 98 31 38 25 95
92 12 36 13 72 57 37 71 3 58
76 13 12 42 45 1 74 96 41 92
48 30 66 36 81 97 33 62 17 50
1 12 88 91 30 11 72 71 3 75
53 85 66 5 92 40 75 35 58 25
17 42 63 88 22 8 29 66 80 96
17 8 33 4 47 2 19 98 42 25
92 83 77 71 25 79 4 94 78 46
99 39 28 18 17 12 66 71 50 18
16 57 77 22 78 30 17 2 57 62
54 32 29 16 72 39 57 15 98 88
63 96 21 82 39 68 3 54 34 89
85 97 7 38 88 88 73 14 60 98
37 93 6 86 53 73 100 24 3 98
55 45 31 8 48 26 39 77 52 4
60 98 37 84 87 8 11 95 80 12
21 85 6 91 64 46 43 96 90 45
30 75 17 97 67 70 83 3 60 39
68 68 81 7 69 19 55 52 100 37
15 64 46 29 12 99 89 81 78 57
99 35 48 58 81 23 36 67 14 52
48 89 82 80 21 9 16 68 50 37
91 38 25 79 81 3 9 19 58 75
9 43 81 20 68 53 56 24 84 9
37 66 35 83 67 81 22 29 14 65
16 73 91 39 73 45 84 60 56 91
41 52 49 9 57 47 62 65 70 43
57 4 94 95 38 1 61 42 10 52
22 64 75 98 21 33 22 31 82 8
86 60 65 94 27 93 18 31 59 57
83 99 48 48 88 54 21 8 65 31
80 46 30 32 88 22 38 87 97 73
69 28 31 12 12 37 72 70 38 6
34 98 18 95 83 79 92 43 51 45
94 13 81 18 8 87 77 55 72 49
31 91 57 95 51 26 65 84 28 76
82 56 80 76 40 28 5 41 93 26
12 63 77 29 25 17 82 70 100 13
97 19 12 62 71 64 70 64 2 76
70 30 30 32 84 48 88 71 73 20
85 4 80 7 92 71 70 61 42 68
2 82 81 98 76 11 7 93 71 72
92 84 70 94 12 7 56 83 95 24
89 83 24 35 14 70 87 61 21 1
37 42 70 22 28 96 46 30 18 22
86 58 100 84 91 62 32 44 73 25
99 62 93 29 65 25 9 30 43 36
4 70 9 63 78 88 92 85 53 31
52 97 97 67 1 73 9 92 12 62
13 12 67 62 21 85 96 42 7 24
49 11 10 24 4 88 70 88 30 57
42 79 5 23 76 24 71 92 38 34
9 34 65 82 97 99 75 6 26 96
94 37 28 36 91 81 93 83 57 50
96 14 49 16 49 66 46 72 5 91
28 69 58 91 81 81 52 76 23 33
89 11 90 70 63 97 94 69 16 61
45 74 69 57 54 6 75 33 58 22
26 58 65 31 89 9 83 12 9 94
47 52 87 31 73 68 37 43 10 58
65 1 53 60 67 18 54 39 59 33
99 68 67 25 37 6 87 75 66 79
9 65 89 21 72 69 12 93 16 29
99 37 98 50 51 96 46 76 64 6
82 64 5 88 26 55 92 27 24 81
51 56 74 36 96 60 97 75 75 62
72 81 16 60 43 21 17 38 2 45
51 11 19 99 31 8 75 12 11 47
46 93 64 14 93 30 64 70 38 68
37 29 84 24 23 63 14 21 85 11
76 49 78 50 75 35 26 9 75 12
78 6 8 14 39 13 46 57 94 95
10 72 71 29 32 52 41 17 5 90
13 90 97 35 77 82 39 17 82 66
35 2 37 73 56 1 98 60 94 39
92 15 29 74 38 42 95 45 99 20
15 43 54 79 57 90 26 3 20 94
58 94 35 30 100 66 91 69 55 58
4 70 87 77 76 19 56 8 3 38
1 28 44 38 59 48 71 65 1 94
75 55 60 70 3 31 74 65 30 30
70 32 57 39 47 9 64 72 86 20
13 100 52 1 93 52 12 76 97 71
47 68 14 78 44 24 14 35 62 29
53 48 90 63 12 29 67 20 99 48
35 60 73 51 86 18 20 56 4 37
28 16 48 44 8 10 36 18 71 86
50 51 69 96 49 49 83 71 36 14
10 41 89 63 33 87 42 59 100 77
63 21 33 90 76 65 31 48 5 99
74 65 69 2 30 46 96 68 82 36
18 96 17 46 53 47 35 85 76 98
21 91 11 85 7 13 52 98 50 46
85 95 77 56 56 87 8 94 96 50
1 59 15 24 2 34 79 96 4 6
39 61 36 99 35 9 49 44 98 51
57 50 43 95 12 49 66 89 45 86
53 66 15 62 43 21 34 57 51 6
Size
2 4 4 5 7 1 3 9 8 1
7 4 7 7 9 9 7 4 9 2
10 5 3 10 7 4 1 7 3 9
1 9 7 5 6 2 7 8 9 9
10 1 10 2 10 6 6 7 9 8
2 2 1 5 8 2 1 3 3 1
6 2 5 10 1 7 1 3 1 3
9 8 6 4 8 4 1 9 5 7
1 8 7 9 1 5 10 1 3 6
6 6 3 5 3 7 4 5 7 9
9 6 5 8 9 4 9 6 5 3
10 4 1 1 4 2 3 7 7 6
4 7 1 1 5 9 8 1 4 8
3 3 4 1 4 6 9 9 8 3
8 3 9 3 8 6 1 6 9 7
3 10 5 1 9 9 4 2 4 4
2 1 9 7 3 3 2 5 3 5
7 4 3 2 1 6 6 4 9 7
2 2 4 10 7 7 3 5 2 4
3 3 5 6 3 8 3 1 6 1
8 6 5 5 2 10 9 8 7 10
10 10 5 7 6 4 2 5 10 7
1 6 4 7 6 3 3 4 5 5
8 3 10 3 10 6 3 5 1 2
8 1 1 6 6 3 3 10 4 3
10 7 2 10 1 5 2 3 7 3
5 8 9 1 5 2 3 6 3 2
1 2 7 8 9 9 3 1 7 8
2 7 9 1 7 3 3 6 6 1
2 5 10 3 4 7 9 5 3 9
2 10 4 6 10 7 4 6 8 10
6 10 6 9 7 3 3 2 5 8
10 3 3 3 5 4 7 7 7 2
10 10 9 10 7 6 1 5 7 6
8 4 6 2 6 6 4 4 10 5
7 6 6 7 6 7 9 7 5 7
4 9 8 10 2 2 7 3 3 3
2 4 4 5 8 5 3 9 3 4
2 3 1 8 9 4 2 5 10 4
7 7 8 3 2 2 6 1 4 9
4 4 2 6 9 5 1 2 4 5
2 4 7 5 2 7 1 7 10 7
4 3 9 8 10 2 7 6 8 5
8 8 8 6 5 4 6 1 3 8
8 1 6 6 7 4 8 2 7 7
7 4 7 5 1 4 2 1 6 3
9 5 2 5 7 5 5 5 10 9
9 4 3 3 3 9 4 5 9 10
1 5 5 8 4 7 8 5 4 2
6 10 4 10 8 7 6 8 8 2
7 3 8 6 3 8 1 6 4 10
4 4 9 8 1 10 9 1 9 10
5 9 8 10 1 8 6 8 3 6
6 4 8 10 6 9 9 10 8 6
6 1 4 3 3 8 10 4 10 9
6 3 4 7 10 7 2 9 6 7
4 2 6 2 3 7 1 3 10 3
1 8 5 10 8 5 3 3 1 10
2 5 4 9 6 7 9 1 10 7
6 2 1 3 6 3 4 5 3 9
2 2 2 9 3 6 7 2 10 3
6 6 5 10 6 4 3 10 6 6
8 9 1 10 3 9 10 9 7 6
5 3 9 2 6 7 4 1 4 6
8 4 1 1 2 8 3 1 6 2
7 3 3 1 5 3 3 2 6 7
4 6 2 4 4 6 3 5 6 5
7 8 3 3 2 8 10 7 7 7
8 10 4 5 1 1 3 1 8 6
6 8 8 9 6 10 3 10 9 3
4 5 5 7 2 1 2 10 10 4
9 1 1 2 2 6 10 6 5 7
1 5 1 3 6 5 8 9 5 9
8 1 3 5 6 9 7 1 7 2
8 9 4 2 3 2 10 6 5 1
3 1 1 9 3 8 3 2 1 3
2 5 5 8 3 9 6 2 1 5
6 6 2 4 3 5 5 7 2 3
9 2 10 6 3 4 2 5 9 10
4 8 9 10 2 5 8 6 4 5
5 10 6 4 8 5 7 2 6 7
10 1 6 7 3 3 9 1 4 7
5 10 1 2 10 8 9 6 8 2
9 9 10 4 1 2 5 2 6 10
3 9 1 8 7 2 2 9 6 6
4 8 7 7 9 2 2 2 2 9
1 2 6 10 9 3 8 9 6 9
4 1 6 3 7 8 6 1 2 1
3 8 7 4 10 1 7 9 2 8
9 6 6 2 7 5 9 9 8 3
9 5 6 1 4 7 8 6 6 9
5 1 8 6 1 8 1 6 5 9
2 5 10 5 3 2 3 2 10 9
8 1 9 5 1 8 7 2 6 10
3 8 1 6 4 4 6 8 10 8
7 1 2 6 2 7 10 8 6 1
1 1 4 10 8 3 4 2 7 3
5 9 8 9 2 5 9 1 6 10
6 9 1 9 6 8 6 6 2 8
4 6 2 7 10 6 1 10 9 5
