n 100
m 10
cap 30
Processing
40 4 64 70 21 26 28 81 23 100
37 2 88 59 69 21 34 95 64 15
44 65 60 68 1 5 93 64 64 93
33 64 6 53 5 58 15 90 72 78
45 5 87 69 72 65 16 47 27 13
27 19 52 54 75 99 70 20 7 46
80 78 85 84 94 21 3 73 52 83
59 97 52 45 52 100 97 46 64 58
82 1 68 40 32 9 94 25 8 69
70 66 88 17 42 12 60 17 20 1
82 99 22 29 16 61 85 8 66 85
50 19 93 22 80 64 93 58 78 71
30 84 46 97 23 56 69 85 84 2
83 12 54 58 59 39 73 63 60 36
7 41 10 79 88 47 35 74 67 48
61 50 50 50 49 63 67 26 27 81
7 81 43 89 40 6 4 43 37 92
64 69 59 78 89 63 47 66 5 94
16 98 41 67 55 70 13 85 95 56
53 68 68 27 6 93 68 34 8 67
89 80 53 85 4 95 12 62 33 79
61 39 40 48 79 8 75 91 83 96
85 21 46 39 54 80 31 76 21 18
40 80 99 17 62 82 10 26 70 69
37 93 56 10 43 71 17 44 42 59
60 69 75 30 81 68 9 95 46 33
54 6 22 37 7 32 27 57 71 9
93 36 69 10 23 35 44 10 65 82
31 72 70 1 58 66 60 73 82 68
12 97 19 80 47 86 21 69 57 18
3 45 98 16 24 50 30 97 37 77
85 91 22 62 91 19 62 34 70 66
49 46 64 42 5 1 78 71 64 17
61 66 90 69 98 1 83 64 69 62
39 43 26 61 46 78 25 27 19 97
56 33 29 73 53 38 48 75 93 52
48 92 54 23 2 68 40 51 8 53
38 61 67 61 88 72 31 55 38 86
3 64 98 14 10 69 92 67 27 70
15 96 87 76 88 18 58 92 58 84
84 16 72 3 7 63 12 10 9 55
6 70 68 96 86 5 54 19 35 4
41 26 60 77 16 88 85 87 66 61
75 92 16 2 58 43 3 25 88 94
14 93 17 44 4 2 12 18 69 81
29 98 100 84 35 45 79 7 33 6
74 84 73 8 86 93 45 64 42 72
88 22 69 39 25 21 8 35 5 94
59 58 34 43 16 27 56 97 78 33
94 16 97 87 89 70 6 84 44 40
88 92 58 87 84 99 4 17 96 59
79 41 95 99 96 100 9 63 84 3
46 68 27 83 65 3 15 48 77 86
48 34 16 42 80 31 38 100 48 34
64 56 24 3 18 51 73 72 64 55
75 44 8 15 1 98 40 89 3 55
20 52 73 71 66 39 57 53 6 17
82 12 38 73 61 68 99 16 39 2
22 15 44 90 86 27 95 11 17 92
79 71 3 73 17 11 22 73 84 69
68 26 25 67 62 60 32 14 50 64
76 66 99 79 14 84 74 57 57 90
48 65 70 49 56 26 12 33 16 63
80 64 73 25 58 34 44 6 83 3
19 70 57 20 100 23 55 78 98 40
61 99 78 31 11 93 68 9 97 99
34 49 31 11 10 50 58 60 38 42
16 6 48 74 1 20 57 12 46 54
27 96 18 42 58 36 27 27 36 2
53 62 25 37 52 67 36 94 19 24
76 21 14 11 93 8 20 69 26 27
58 48 21 35 28 24 30 66 5 42
95 92 49 12 58 53 96 56 1 21
89 19 84 57 94 3 47 30 76 11
27 94 97 21 86 31 21 40 93 97
34 41 82 35 33 17 33 91 72 83
54 24 60 57 50 88 82 28 5 17
20 57 40 62 12 17 44 10 33 50
41 88 35 57 64 82 61 86 92 5
45 16 17 95 60 38 23 29 73 44
37 20 69 78 2 12 84 6 76 92
38 15 94 54 28 83 56 2 45 87
97 55 8 20 39 18 67 81 22 6
47 83 28 37 17 55 63 94 32 39
76 24 43 92 86 14 86 90 66 76
78 75 25 42 97 61 40 20 82 40
88 91 14 85 50 94 6 12 47 36
91 55 91 15 99 54 58 34 76 2
24 46 2 48 31 54 88 42 97 35
1 64 34 53 91 94 64 26 43 87
80 26 61 41 14 8 100 3 22 78
59 13 72 49 27 91 81 29 14 66
15 18 99 54 99 77 86 66 82 19
91 90 85 92 83 42 95 2 12 7
96 99 23 1 100 21 13 79 20 43
33 82 59 58 97 18 4 38 89 52
5 98 90 60 44 90 3 33 38 92
23 60 80 13 24 61 2 64 55 57
97 68 33 51 38 66 22 66 67 49
28 38 57 22 32 92 16 63 40 92
Size
1 6 2 4 1 2 1 8 9 5
9 10 6 4 7 5 5 5 6 9
5 1 7 2 8 3 4 1 7 9
9 2 3 9 4 5 7 4 8 7
2 3 4 3 3 10 6 3 4 5
5 4 1 6 10 6 4 7 4 8
3 3 2 9 5 5 3 9 1 2
5 6 2 1 10 9 9 4 2 4
6 10 4 9 8 4 9 2 10 2
1 2 10 9 5 10 1 2 5 2
4 10 9 3 10 1 7 3 7 1
10 10 2 7 4 8 1 5 3 3
6 7 10 6 3 1 7 4 5 9
4 1 3 9 1 1 8 7 7 6
7 10 9 3 7 5 10 7 5 6
9 9 3 8 6 7 7 7 4 3
7 9 6 5 10 5 5 3 9 6
1 2 1 7 1 3 8 2 4 3
10 7 9 9 3 2 6 6 8 10
3 8 3 9 6 4 6 3 10 7
9 5 6 9 6 5 1 7 5 4
7 8 10 1 6 3 7 4 4 7
9 8 10 2 9 2 4 9 7 2
10 9 8 2 10 4 5 2 1 4
5 7 10 10 10 4 8 7 9 6
2 4 8 2 8 5 10 9 2 8
5 2 3 5 8 6 8 9 3 1
1 1 6 8 10 1 5 3 8 3
6 3 9 1 10 10 2 8 10 6
9 10 1 7 4 6 6 5 5 9
8 9 3 9 1 1 4 10 2 7
7 2 1 8 8 4 4 4 6 6
10 4 3 7 10 8 8 2 10 8
10 5 2 6 3 8 1 1 10 8
10 9 1 5 7 9 6 7 1 2
6 9 3 6 6 4 6 5 5 3
9 8 2 9 8 5 2 5 5 3
2 5 7 6 2 3 6 6 6 7
1 8 4 2 7 2 7 7 9 8
4 2 8 9 9 8 1 9 1 9
5 8 10 2 10 5 5 1 6 2
9 7 8 6 6 8 8 8 8 6
5 1 6 7 7 6 10 3 2 10
2 8 4 6 2 5 1 2 7 1
2 8 9 7 10 5 10 1 1 5
4 1 1 1 1 7 3 3 5 8
5 5 2 10 5 10 7 8 2 3
2 6 8 10 3 2 7 7 2 2
10 3 9 4 7 8 4 6 4 6
4 5 8 10 2 4 9 3 3 5
3 7 7 2 6 4 1 1 3 1
6 6 8 3 5 3 2 1 1 4
3 2 5 2 3 8 2 6 8 8
7 2 2 5 7 9 1 3 3 3
1 1 5 4 2 8 3 9 3 5
4 7 1 7 8 1 1 3 2 1
7 9 1 1 9 4 9 8 6 9
8 7 9 10 8 4 8 1 6 5
7 9 8 6 1 3 10 8 10 6
1 2 6 7 3 9 3 6 9 5
6 7 3 9 1 5 3 10 7 4
10 4 7 9 4 5 9 8 5 3
1 9 7 4 3 5 4 3 10 1
3 10 9 6 6 2 7 10 4 5
2 1 7 10 2 1 10 10 8 8
6 10 7 8 3 10 8 3 10 1
1 4 9 1 7 1 6 6 1 1
1 7 2 4 6 1 1 8 6 7
10 2 1 9 1 2 2 9 7 6
8 6 6 2 5 10 4 1 5 9
10 2 10 5 4 9 5 10 7 1
5 1 7 6 9 2 8 9 10 8
9 2 10 6 10 8 5 2 8 9
6 1 8 6 6 2 2 2 2 1
3 10 3 10 7 6 6 8 8 3
8 4 4 4 2 8 7 2 10 8
10 7 10 10 5 4 8 4 10 8
7 4 6 1 2 1 7 9 7 6
6 8 1 7 2 6 10 3 1 9
8 2 10 3 1 4 6 9 6 1
8 3 8 9 2 7 6 4 7 2
4 9 1 5 5 8 9 5 9 5
3 1 8 5 3 9 2 6 8 2
6 7 4 5 10 5 8 5 7 7
2 10 10 2 8 9 2 7 8 7
7 2 2 2 6 7 4 4 5 7
3 8 1 6 7 4 8 2 3 9
2 7 8 5 4 9 4 10 9 2
2 1 7 7 4 1 2 7 5 3
2 5 7 9 1 5 8 1 7 4
5 8 8 7 10 10 7 5 2 4
6 2 9 8 2 4 4 7 4 4
3 4 4 3 6 3 6 4 10 1
8 6 6 1 2 7 8 2 1 8
8 5 1 8 7 10 10 10 7 7
1 6 3 5 5 6 10 5 4 3
10 4 5 3 5 8 2 6 7 7
1 3 2 5 7 4 3 8 3 3
4 1 8 9 4 2 10 8 2 2
3 5 1 9 7 7 10 9 3 6
