n 100
m 10
cap 30
Processing
53 68 73 75 56 28 72 9 75 2
66 57 45 6 41 24 20 5 80 73
34 85 80 58 57 79 64 92 96 27
51 61 70 49 2 84 35 32 45 48
60 1 80 11 54 75 94 69 23 39
36 69 76 87 37 47 94 98 70 62
46 61 2 38 87 71 79 60 51 95
8 16 81 9 14 16 8 8 18 32
29 63 16 2 47 70 27 26 83 79
4 88 47 38 56 66 54 63 1 3
3 37 39 75 70 18 96 86 88 16
2 31 26 62 60 80 80 9 49 12
25 94 93 54 4 9 49 52 32 92
50 5 30 13 17 21 29 38 39 11
73 40 78 89 14 91 27 27 50 42
100 31 84 13 51 37 46 44 98 33
55 100 100 63 43 16 47 8 66 48
65 32 79 75 36 22 100 95 8 22
9 27 50 26 13 86 7 9 27 43
59 80 36 52 11 2 50 65 6 93
12 33 53 64 36 67 98 78 75 28
46 48 35 93 55 75 33 69 78 70
67 12 73 77 21 3 83 82 65 62
29 62 55 89 59 78 91 9 35 86
29 82 8 80 64 40 17 26 97 68
100 50 58 93 90 89 35 86 4 78
34 65 81 42 64 71 41 29 46 89
98 58 64 10 81 12 39 24 87 40
84 22 44 4 45 32 85 21 99 59
76 68 100 34 19 87 12 12 80 88
53 49 75 1 63 24 71 68 96 68
55 49 6 75 47 45 64 99 45 89
16 80 35 24 70 98 84 21 87 39
93 13 14 2 32 7 51 1 67 12
2 13 100 55 66 75 100 1 72 20
29 30 14 56 69 31 27 53 70 93
66 80 46 33 64 59 45 87 100 11
39 1 58 67 61 46 35 68 93 70
22 72 6 92 18 38 26 12 94 32
43 22 19 8 75 35 17 25 46 31
46 80 8 17 14 73 32 34 75 63
40 40 77 74 27 24 42 66 47 96
10 32 42 80 13 51 71 38 16 79
85 63 72 64 55 38 49 68 59 53
37 23 100 70 4 99 48 86 36 53
22 91 43 71 11 26 2 24 19 61
19 8 7 68 41 79 2 4 86 25
66 99 97 38 29 29 37 47 46 2
55 70 15 88 61 61 86 54 26 25
72 73 96 6 16 98 50 25 28 80
87 50 76 74 97 35 51 10 26 58
5 44 26 20 93 70 81 63 11 98
74 51 57 13 46 19 58 23 63 48
36 75 54 17 16 91 16 88 34 46
9 10 98 58 64 63 79 30 28 21
10 64 70 100 64 41 90 38 45 82
46 37 24 41 31 91 31 34 64 13
75 69 47 87 85 19 94 19 33 55
81 91 9 90 22 55 65 86 37 91
57 71 69 61 65 65 100 55 48 57
10 15 28 56 88 14 92 22 56 66
11 95 67 65 74 11 94 75 6 73
47 85 11 35 16 36 75 51 50 80
62 9 36 81 15 40 89 96 24 29
16 1 78 26 52 54 32 5 72 50
93 60 89 75 79 4 37 49 76 70
87 79 41 69 38 72 39 94 47 97
96 89 80 84 3 91 33 20 48 64
91 12 75 74 8 70 95 38 93 19
48 18 34 6 85 25 11 2 72 74
74 31 66 20 25 14 46 75 72 75
29 19 47 95 82 91 65 79 82 67
21 100 45 44 40 96 89 27 17 81
46 53 83 94 60 64 48 35 100 24
76 62 20 46 13 99 51 1 13 88
55 3 99 94 10 36 78 5 68 10
82 73 54 2 75 14 40 36 78 2
49 85 37 85 56 34 37 38 29 62
5 91 84 28 98 93 79 18 26 70
39 18 89 42 92 10 71 32 90 50
60 4 96 30 68 92 35 43 14 16
56 74 99 73 73 8 15 27 78 88
55 54 88 3 77 21 10 23 30 53
91 63 24 3 7 64 83 5 43 40
92 84 47 82 65 53 30 90 73 67
70 38 65 1 92 43 11 95 15 44
12 89 97 63 73 84 6 87 67 29
15 34 30 77 37 98 57 79 21 66
62 40 73 86 7 47 94 17 26 20
21 70 9 31 86 98 3 31 79 11
87 80 33 2 52 19 98 63 21 30
50 6 1 63 81 60 58 76 8 48
88 65 16 32 91 4 45 57 84 51
31 86 40 15 89 92 43 54 27 77
84 43 83 73 52 50 84 22 14 42
17 10 16 64 75 95 56 44 1 93
60 72 75 42 31 22 74 54 38 40
25 12 27 40 53 27 76 11 21 40
13 48 58 100 53 17 58 80 62 86
29 47 42 43 33 1 29 32 19 35
Size
8 9 10 2 3 7 4 8 6 4
5 2 9 6 6 6 6 1 7 7
7 6 8 8 7 4 10 4 3 8
4 2 2 7 2 7 2 9 5 8
4 9 9 1 1 5 4 1 7 1
6 10 8 3 1 9 6 6 4 3
3 1 6 1 10 7 5 2 6 1
10 2 10 8 4 9 9 2 4 8
1 6 4 2 5 6 4 7 6 8
1 3 6 4 10 8 6 7 9 5
3 6 2 9 7 10 8 10 10 2
8 6 6 10 4 7 3 2 1 4
8 3 1 7 1 5 8 8 7 6
1 2 3 2 6 2 1 1 1 3
10 1 9 8 5 4 2 1 3 8
10 6 7 1 10 4 3 6 8 4
1 8 10 7 4 1 4 9 10 8
1 10 2 8 8 2 3 6 9 8
6 10 7 2 9 6 10 9 5 10
10 4 9 6 5 8 9 10 2 10
2 7 9 1 4 4 1 7 8 6
4 8 1 4 5 7 9 2 1 3
2 6 4 7 7 5 4 2 6 10
8 6 9 1 9 5 5 10 6 1
5 4 4 3 5 7 5 9 6 3
6 2 2 7 6 2 5 9 7 3
10 3 5 7 10 3 8 6 2 1
9 5 3 5 7 6 7 4 1 9
2 10 6 4 4 5 3 5 10 3
10 2 3 3 10 6 4 5 9 3
5 2 8 5 7 4 2 1 7 5
6 8 2 8 1 4 2 3 5 8
3 9 10 3 5 3 4 6 4 7
3 2 3 2 10 6 6 6 10 2
9 7 9 1 8 2 7 3 7 7
7 8 1 4 7 2 3 6 8 4
5 10 7 5 9 2 9 6 9 7
5 7 4 4 10 6 6 3 5 6
2 10 5 4 2 9 8 5 3 10
7 9 2 7 4 3 5 9 1 2
2 7 6 6 8 2 5 5 3 1
9 10 3 5 9 3 5 6 5 10
1 5 8 4 1 3 4 3 6 5
3 10 3 9 1 10 10 8 1 8
3 7 7 2 8 9 5 2 10 4
2 1 7 2 10 1 4 5 9 5
8 2 9 3 7 4 5 9 10 3
3 1 10 6 3 9 1 9 3 1
7 4 7 7 1 5 1 10 10 7
3 4 9 6 3 5 3 3 8 8
7 8 8 2 8 3 6 1 4 4
1 7 1 3 4 5 9 2 4 4
10 8 9 1 4 3 2 8 6 4
10 5 3 2 2 9 4 4 5 7
4 9 3 2 1 9 10 8 7 7
5 3 10 3 10 6 10 9 1 5
10 7 4 9 6 2 10 3 3 1
2 6 1 1 4 2 9 6 9 9
4 1 1 9 1 6 7 1 1 10
8 5 2 8 7 8 8 9 5 6
7 10 5 6 9 1 7 10 2 9
9 10 1 2 4 1 2 2 6 3
1 3 2 7 4 7 4 5 9 8
10 3 3 6 6 5 9 7 3 8
2 4 6 8 8 4 4 2 3 4
10 9 5 2 10 3 2 2 9 7
8 2 10 5 10 6 2 7 5 6
4 10 10 8 2 6 5 6 1 6
10 7 3 6 8 2 7 1 7 5
5 6 5 7 4 1 2 9 4 9
1 9 9 4 4 3 7 4 3 6
4 9 5 7 5 3 3 1 8 5
7 6 1 6 3 9 7 6 2 7
7 9 3 8 5 7 4 4 3 5
9 2 2 5 6 6 10 6 6 10
2 7 4 7 6 8 6 5 3 4
3 4 9 1 3 7 10 3 10 10
4 2 5 8 4 7 9 4 8 9
3 5 6 2 6 10 9 1 6 3
5 10 2 7 10 3 1 6 6 2
10 6 10 3 8 9 8 10 10 7
3 10 2 6 2 1 9 7 3 9
7 3 6 10 5 6 9 9 1 5
4 1 3 4 10 2 1 3 6 6
9 5 8 9 7 6 9 6 7 8
3 8 8 8 2 9 10 2 10 4
10 10 10 1 7 9 1 6 9 3
6 4 2 1 9 3 6 2 2 4
8 5 7 5 10 2 9 5 8 6
6 3 1 7 10 3 3 3 3 3
3 10 2 7 4 1 10 2 5 9
6 7 1 10 6 4 1 5 9 7
1 7 9 6 4 9 10 4 10 9
10 2 10 2 3 8 10 6 7 5
2 5 7 7 5 2 10 6 1 6
1 9 3 7 7 3 5 8 8 10
10 2 1 1 9 4 4 9 1 7
4 8 10 9 6 9 4 8 1 2
8 4 4 9 1 5 3 9 1 7
6 7 7 10 2 1 10 5 5 4
