n 100
m 10
cap 30
Processing
33 1 14 35 37 12 80 31 49 19
80 25 82 66 71 48 56 85 37 28
5 61 82 23 52 87 99 64 85 17
89 95 76 43 77 24 37 77 46 48
18 76 10 7 1 4 1 6 7 73
11 63 80 40 95 84 80 12 74 29
10 54 95 19 16 57 1 79 48 22
92 49 84 12 92 44 87 68 62 12
6 52 19 55 33 8 12 74 67 68
14 7 23 71 63 12 81 97 1 98
36 56 28 75 19 69 4 15 28 2
3 86 85 1 17 11 94 71 28 39
42 19 56 96 96 38 73 79 24 7
50 60 53 47 76 33 39 86 27 64
11 88 39 40 34 91 36 94 84 53
64 16 90 57 31 3 41 1 64 48
33 31 65 75 58 20 67 47 9 2
29 93 13 89 22 76 67 21 32 30
8 57 63 44 62 28 30 99 74 77
63 26 20 32 2 51 58 6 82 94
15 4 89 21 44 85 89 53 17 14
99 42 32 42 40 52 61 19 30 99
97 9 86 10 59 19 3 7 76 72
81 92 42 15 74 31 68 14 64 42
23 60 88 44 29 77 51 22 96 40
65 89 64 65 8 53 33 61 55 23
15 78 71 35 47 59 79 3 63 28
64 42 25 72 65 84 59 20 96 55
37 40 6 45 84 78 99 72 40 9
32 83 34 23 86 41 5 77 71 83
94 29 28 100 31 2 57 81 44 52
55 55 26 48 67 82 83 83 76 29
69 49 84 78 90 13 74 39 87 72
58 3 30 59 2 85 17 3 19 89
7 1 90 41 86 75 41 66 17 93
75 62 47 56 40 47 34 4 71 2
65 76 77 3 70 4 50 25 95 43
2 95 66 70 88 100 43 34 29 98
44 62 91 61 75 82 47 17 79 95
17 29 34 3 19 78 21 78 14 80
79 97 41 71 20 15 21 88 42 50
5 97 79 92 67 41 9 71 84 13
43 22 13 66 100 43 81 81 78 60
67 66 29 83 65 80 3 18 59 86
39 68 36 7 8 19 23 39 23 70
17 78 54 53 45 10 72 70 80 74
39 70 7 50 65 40 18 67 80 99
85 20 8 54 38 86 57 100 27 15
62 38 97 100 21 51 85 52 53 43
3 19 8 6 24 39 32 98 58 45
100 71 21 87 96 79 38 39 8 6
58 41 4 73 74 48 99 13 59 70
87 24 23 91 97 63 4 7 98 64
65 18 84 59 78 95 96 97 59 53
80 59 80 40 67 34 17 52 57 99
67 61 31 38 18 28 23 27 45 39
53 26 3 37 65 93 90 26 2 92
98 3 90 52 23 92 66 85 21 96
43 94 29 91 63 77 11 49 95 9
47 78 32 71 89 31 17 96 16 32
55 97 78 63 75 50 86 41 99 46
46 91 47 66 3 39 79 1 2 52
75 1 92 57 47 7 58 83 2 23
17 37 100 86 49 48 49 96 35 73
65 85 63 87 98 99 67 21 85 42
78 4 28 66 5 64 69 95 79 61
25 93 62 25 66 62 34 25 3 60
49 89 88 6 18 32 56 23 57 41
18 43 90 13 73 99 76 84 94 30
4 49 95 100 93 90 23 14 96 10
29 31 86 41 74 39 25 85 63 89
36 87 29 15 91 71 95 9 65 74
94 100 6 24 96 42 7 4 91 1
19 21 4 55 12 6 63 71 41 59
14 24 64 31 82 47 39 22 87 40
92 8 11 65 88 91 22 8 9 5
55 31 83 66 92 89 33 72 72 4
92 8 26 53 78 68 71 51 78 76
58 77 81 47 45 5 48 20 67 82
23 87 70 42 9 32 64 12 72 45
50 61 43 80 12 78 19 38 4 59
35 16 5 89 38 15 6 55 17 9
67 3 97 51 15 30 87 41 46 98
41 5 44 29 54 60 66 46 69 71
23 42 60 45 66 42 62 100 84 94
64 28 10 8 51 49 100 61 86 5
68 98 14 51 49 69 44 95 7 64
9 21 49 60 12 79 66 86 95 31
55 56 77 50 87 69 92 15 3 50
99 7 33 19 16 95 93 65 73 38
15 60 13 10 56 33 49 89 89 15
62 64 47 57 1 92 15 68 74 26
56 9 15 38 29 60 68 10 29 84
83 34 69 86 18 38 87 86 19 92
60 12 97 18 44 36 78 25 1 3
93 29 9 7 65 22 61 98 7 47
86 79 52 77 61 76 85 15 44 7
67 44 33 49 71 58 60 29 30 83
70 7 49 8 26 6 45 57 8 14
69 87 21 71 15 84 9 62 78 23
Size
9 4 4 1 9 5 7 9 10 2
5 7 7 5 4 10 5 10 3 6
3 8 1 3 4 4 2 1 4 2
6 7 9 5 6 1 3 2 2 7
6 3 1 5 9 8 6 10 10 10
4 9 8 3 7 6 9 10 4 5
10 6 5 4 1 1 5 10 1 10
2 3 3 1 2 3 4 5 10 6
9 5 7 9 10 4 1 6 1 9
5 1 9 9 9 5 3 7 4 2
4 2 2 4 8 2 5 1 3 7
8 9 5 4 6 5 7 10 9 1
8 5 6 6 10 3 7 5 4 4
7 2 1 2 10 9 7 8 10 3
9 7 10 8 3 6 4 3 5 5
4 7 10 8 1 3 1 5 1 5
10 1 9 5 5 2 6 2 6 1
9 1 9 8 9 8 8 5 8 10
7 5 3 10 10 4 6 6 5 6
7 3 10 6 10 6 1 2 6 10
9 5 7 9 4 4 8 5 5 10
9 4 5 6 8 7 5 2 6 1
1 8 3 3 10 1 7 5 1 7
3 2 5 10 5 1 5 3 8 8
10 8 6 4 7 5 9 10 7 3
10 10 3 10 6 2 10 1 8 5
5 4 7 2 10 3 7 2 6 5
1 10 8 7 9 10 7 10 5 1
6 2 3 6 10 9 5 7 10 9
6 10 3 10 2 2 7 9 8 9
2 10 1 10 8 6 7 1 7 2
6 9 7 10 1 9 2 8 6 7
10 10 1 2 4 4 6 1 5 8
3 7 4 4 6 10 1 6 8 6
2 3 7 7 5 9 4 6 1 3
6 6 3 7 9 5 6 9 8 2
5 9 1 6 10 3 2 6 1 6
10 4 7 6 7 6 1 9 8 7
9 8 7 6 9 8 10 7 4 7
8 5 1 6 6 8 1 10 6 7
3 5 7 4 4 3 6 10 3 2
5 10 8 10 5 7 5 2 3 6
7 4 7 3 2 10 8 6 7 4
1 2 8 6 5 1 6 3 1 6
8 5 3 2 4 10 4 8 4 1
10 6 8 4 7 7 3 7 2 6
6 8 10 3 6 6 10 2 1 7
8 3 10 4 8 5 7 10 1 2
3 1 9 3 1 6 7 2 7 2
1 7 6 4 4 9 5 1 5 2
7 1 2 4 6 8 4 7 7 7
8 8 2 7 1 2 10 3 3 5
7 3 3 3 5 6 6 8 4 2
7 4 2 7 10 7 8 2 8 6
7 10 10 2 6 6 10 6 9 5
2 4 4 1 6 4 1 6 6 1
5 6 7 3 6 4 10 2 2 7
8 2 1 8 4 1 10 3 8 9
5 10 5 6 7 5 9 2 10 2
4 1 6 9 1 4 3 2 5 7
5 3 9 8 9 5 9 7 2 8
4 5 3 2 3 3 6 1 9 2
3 3 1 3 1 7 10 9 2 8
9 6 9 1 7 4 4 6 7 7
8 3 9 3 4 10 7 8 7 7
10 9 1 3 8 5 8 8 4 6
6 4 2 5 9 6 10 3 8 7
10 9 2 5 1 6 8 1 5 3
6 2 2 7 7 9 5 1 8 5
5 3 5 7 7 8 10 1 3 1
10 8 4 3 4 10 5 7 8 1
4 7 9 10 10 2 10 1 9 10
6 8 6 10 7 2 4 9 9 9
4 7 6 6 4 9 2 8 9 10
3 2 8 2 5 10 10 1 9 6
4 8 2 6 2 6 5 10 1 10
10 8 10 1 7 2 4 5 3 6
10 4 5 4 8 4 10 4 4 4
3 7 6 8 4 5 9 3 8 10
7 1 2 10 7 3 3 3 5 5
2 7 5 5 7 1 9 2 4 7
4 9 2 10 6 1 10 6 9 3
4 4 4 10 1 4 6 9 2 3
9 4 6 2 9 10 7 4 10 10
7 2 6 1 3 6 5 4 6 1
2 2 10 6 2 7 4 8 10 1
3 2 9 10 8 6 1 7 6 7
10 9 9 6 8 4 8 6 10 4
6 2 9 7 2 8 9 4 3 10
7 7 9 4 8 10 5 10 5 7
7 2 6 6 7 4 1 1 2 6
1 10 6 4 8 4 6 3 8 5
1 3 10 3 10 5 5 9 2 6
10 7 5 5 3 8 7 4 2 5
8 4 4 10 8 3 1 4 5 6
1 5 10 4 2 9 6 6 3 9
10 1 5 6 10 8 4 4 8 5
7 4 3 10 5 7 7 3 7 4
7 10 8 4 6 1 3 7 9 7
2 5 9 8 3 5 8 2 3 3
