n 100
m 10
cap 30
Processing
86 98 37 53 20 56 46 24 34 63
69 85 61 75 24 100 65 29 30 31
63 21 80 26 83 51 1 2 48 30
92 81 64 83 25 49 20 98 89 72
85 1 53 98 89 60 45 17 61 49
71 96 20 10 47 100 12 53 21 30
38 46 86 100 40 31 3 55 30 100
43 69 66 24 50 92 40 81 76 72
76 86 77 51 8 50 10 21 84 66
41 44 65 53 51 95 51 9 30 45
32 24 15 13 62 49 44 89 88 55
24 37 46 30 7 90 93 5 50 8
39 34 29 4 72 14 43 50 83 28
69 27 78 35 83 92 70 10 28 85
64 3 55 81 75 40 75 86 95 23
33 23 32 92 60 7 40 97 91 48
19 79 81 39 80 50 64 5 17 54
1 35 75 85 80 14 55 21 77 68
22 100 40 43 33 89 60 48 96 92
3 11 78 61 88 48 8 94 8 40
82 35 38 11 99 12 26 53 79 64
88 90 90 18 86 18 77 48 97 84
11 87 70 28 88 30 48 34 85 59
45 96 30 50 15 55 75 47 62 19
41 11 83 97 23 91 64 16 5 41
38 50 38 48 3 77 64 79 24 13
30 100 39 46 52 45 53 96 64 43
10 56 50 31 90 43 75 75 28 8
23 76 89 39 87 70 7 76 90 11
24 82 88 34 33 71 87 96 53 55
27 26 59 13 63 30 96 85 82 96
42 6 56 57 88 43 47 68 10 11
35 82 20 13 47 25 95 66 28 81
77 18 43 21 96 6 81 59 64 89
11 7 93 3 6 50 41 51 82 93
93 49 28 99 20 19 39 26 33 88
19 60 99 37 61 100 27 33 70 83
77 41 100 62 48 55 44 70 13 28
69 50 36 4 50 27 69 38 65 38
81 3 29 32 89 83 13 77 47 28
68 35 45 11 11 76 61 66 84 14
64 27 100 57 94 69 35 98 14 24
35 67 71 70 19 38 11 4 84 65
27 59 17 24 40 28 19 29 24 12
34 4 50 33 71 3 20 31 99 27
29 89 83 44 97 2 54 3 98 46
60 71 77 30 67 75 79 52 38 23
14 6 56 74 5 96 84 74 71 22
34 78 11 63 21 1 82 20 16 31
73 86 80 40 44 49 59 17 49 4
27 34 36 13 62 2 32 30 75 48
46 52 73 38 73 37 56 59 94 68
24 23 28 48 48 76 78 76 30 71
43 59 50 43 43 70 39 6 9 81
64 14 30 31 27 95 87 35 98 7
80 99 21 40 57 24 41 13 100 10
64 54 5 79 20 27 95 82 7 49
9 22 35 87 32 59 54 93 32 64
23 96 39 87 42 2 66 50 50 1
83 83 98 88 77 79 84 10 82 94
73 98 100 32 97 33 87 42 54 1
93 21 6 62 56 25 16 78 43 43
75 6 89 91 9 46 73 46 67 15
94 49 27 14 64 50 64 57 49 69
45 40 65 39 85 77 17 10 79 70
3 42 47 16 58 69 3 3 29 78
32 2 8 65 18 20 82 72 63 57
87 52 89 69 80 57 86 48 48 66
32 23 69 31 94 57 20 40 72 90
26 69 97 21 52 14 17 68 40 51
47 45 84 38 13 3 88 26 6 86
1 56 88 85 68 99 77 82 5 84
2 92 2 39 49 58 43 68 14 57
10 44 5 99 85 2 79 86 65 47
73 38 1 22 63 79 12 46 94 17
10 74 56 100 57 7 47 86 50 60
59 24 37 69 39 12 42 76 38 63
70 32 71 97 75 19 84 75 77 17
10 35 59 6 74 82 73 58 53 54
75 14 41 91 66 13 80 69 59 43
91 45 71 99 61 31 4 28 56 89
83 63 24 29 79 61 60 61 27 20
36 52 32 18 3 56 54 91 89 44
39 12 56 22 8 4 79 66 100 41
18 34 28 80 84 52 60 73 77 88
1 62 32 68 39 82 59 97 25 93
99 52 78 100 63 78 22 65 83 58
61 18 47 34 51 72 48 15 95 51
79 77 30 1 49 28 76 72 52 22
62 32 24 51 67 54 59 80 67 62
92 18 36 75 65 90 63 7 8 58
22 49 18 76 6 59 1 4 6 10
96 84 75 100 62 38 63 92 9 68
79 94 68 72 90 24 97 17 79 3
10 93 54 33 48 46 96 39 11 2
14 3 50 70 35 14 83 27 26 29
93 87 81 18 18 36 2 51 34 66
81 20 40 94 18 71 7 89 59 99
85 48 93 17 8 47 89 77 74 1
57 50 92 40 75 33 7 31 10 49
Size
2 3 7 10 10 3 2 4 5 6
2 3 4 10 4 6 3 4 9 8
2 2 7 9 9 8 10 4 5 9
9 10 10 9 1 4 10 9 7 7
1 6 5 8 4 9 8 3 3 1
6 2 2 7 7 6 4 8 5 4
8 9 4 5 10 2 7 4 6 3
9 8 1 7 3 3 1 7 8 5
10 5 6 2 5 3 1 6 7 3
6 5 10 1 6 6 6 8 1 3
6 3 4 2 3 7 1 7 1 4
5 10 6 4 2 2 3 2 8 3
5 1 6 10 2 2 4 4 10 9
4 4 7 2 1 9 7 3 8 5
2 4 10 1 4 7 1 5 5 2
1 1 7 9 2 8 10 3 5 1
9 4 2 10 2 3 7 2 5 9
5 6 9 4 10 7 4 10 10 1
2 6 8 8 1 8 1 7 2 3
8 7 5 3 10 5 6 9 4 4
7 7 7 6 10 2 4 10 6 2
7 7 1 6 7 8 3 5 8 4
3 6 8 10 6 7 6 3 6 10
1 5 3 8 3 2 1 6 9 3
1 7 1 3 9 6 3 8 8 8
10 3 6 3 4 9 1 2 3 4
1 3 1 4 8 7 4 7 5 2
2 7 1 7 2 1 5 10 7 3
2 7 7 9 3 9 7 2 4 10
10 10 3 8 3 1 7 6 9 5
8 10 2 2 2 1 10 6 2 2
5 3 6 4 6 5 9 9 8 5
10 10 4 8 9 8 2 3 9 4
7 9 2 1 3 3 3 5 1 5
3 2 6 7 2 5 3 7 3 10
2 5 4 10 7 2 8 3 7 1
2 7 9 9 3 9 1 9 4 7
1 8 10 6 10 7 4 9 3 8
10 8 5 7 9 2 1 5 4 8
1 3 7 6 5 9 1 3 9 1
6 1 6 4 10 4 2 7 5 8
7 8 5 3 10 1 10 7 6 10
2 7 2 1 7 10 5 3 8 7
8 7 2 1 4 10 8 10 1 8
6 5 10 8 5 5 1 2 5 7
7 6 9 1 5 3 5 9 8 10
5 3 8 3 8 2 4 9 4 3
5 7 10 5 4 1 5 3 7 7
9 8 9 5 9 7 5 10 10 2
10 3 7 8 7 3 10 4 8 6
7 6 6 6 5 7 3 5 7 7
10 5 10 1 10 4 9 1 9 10
8 6 1 6 2 6 9 8 4 9
5 4 10 2 2 2 4 8 9 9
8 7 3 7 3 4 4 5 2 9
4 1 5 7 2 9 2 3 5 10
10 3 5 7 10 3 1 4 8 10
8 7 7 2 6 2 4 5 8 6
4 10 9 9 10 6 6 9 3 2
2 4 8 8 1 2 6 1 6 10
1 7 7 7 9 5 7 7 9 9
9 4 6 8 3 3 5 2 7 2
7 4 2 10 8 7 3 4 10 5
5 9 3 4 1 8 9 9 6 10
8 2 1 4 1 9 6 9 4 2
7 10 7 8 9 3 5 4 5 8
8 7 8 1 4 10 10 4 4 2
3 6 3 5 8 4 1 6 3 4
2 6 3 6 7 10 4 4 8 4
7 10 8 4 5 5 7 8 7 6
3 9 8 1 4 9 6 2 10 5
8 7 5 2 8 4 10 3 10 9
2 5 4 4 6 7 2 4 8 1
3 8 10 1 7 10 10 4 1 4
1 5 4 9 10 3 10 1 7 9
6 8 8 2 3 9 4 6 8 8
8 6 2 9 8 6 5 1 6 2
6 6 1 7 9 4 4 3 1 8
7 8 6 10 4 1 5 2 9 3
3 4 9 9 10 3 2 3 10 2
6 8 1 3 1 3 5 7 7 2
1 7 1 2 2 5 1 3 5 2
5 9 6 7 10 1 5 8 6 2
6 8 3 8 2 6 5 8 9 10
2 7 7 9 10 2 4 2 7 9
2 10 8 6 6 6 6 3 8 4
5 7 5 6 2 4 9 2 4 5
7 5 3 5 10 10 1 2 4 8
10 9 10 2 7 10 7 3 10 10
5 10 5 8 8 3 3 8 7 5
1 5 5 2 1 1 4 6 7 7
5 2 9 6 7 2 10 1 3 1
10 9 1 8 1 3 2 10 3 3
10 7 4 9 9 5 3 7 4 2
6 6 2 1 7 1 8 6 2 3
5 6 7 9 6 4 3 6 2 8
7 4 5 10 4 7 6 4 9 5
5 10 6 3 10 3 8 4 7 2
3 1 8 4 4 5 3 7 3 4
8 2 2 4 4 3 2 9 6 10
