n 100
m 10
cap 50
Processing
20 29 64 6 79 40 59 63 72 62
73 73 6 66 42 10 18 98 79 28
96 70 41 88 28 59 54 59 21 86
43 44 51 49 92 62 52 31 6 24
81 87 98 33 10 49 73 59 29 31
69 36 51 3 100 29 37 68 47 15
14 40 17 17 13 93 14 31 11 18
27 77 14 50 22 39 43 92 59 4
96 33 72 96 39 89 21 77 67 39
45 55 22 67 99 64 44 23 53 3
82 90 8 54 87 6 34 62 81 40
85 77 57 85 30 25 5 86 48 38
46 21 58 14 84 10 64 76 91 23
18 1 2 56 90 79 99 7 69 51
14 9 3 16 100 11 85 18 89 41
19 3 84 80 44 72 89 47 48 47
46 46 92 27 81 95 82 21 19 51
63 28 88 10 92 62 48 44 54 44
90 32 92 2 18 35 94 68 18 77
26 71 70 96 46 68 19 33 54 2
51 5 57 17 89 43 54 35 33 99
70 36 97 34 22 41 78 2 50 95
83 86 95 23 56 23 81 13 45 17
55 43 18 49 24 58 40 16 50 79
60 22 19 46 92 3 37 66 13 92
35 5 81 50 19 31 59 88 64 8
60 68 92 37 18 99 61 89 2 70
5 78 13 24 93 97 54 57 82 94
64 37 7 79 75 26 81 35 39 4
92 75 19 97 60 19 44 21 38 52
78 30 93 44 52 39 32 2 87 56
15 41 44 47 38 24 100 71 71 23
53 3 86 34 2 37 92 88 47 79
92 90 95 60 34 96 87 36 73 8
91 27 58 45 68 88 40 36 84 74
77 37 32 77 92 68 14 99 48 59
94 73 6 10 47 56 37 40 93 10
88 53 27 22 70 66 32 2 11 25
51 3 34 66 44 94 29 2 93 38
10 17 51 29 43 37 38 21 40 25
51 78 36 3 15 89 98 98 69 80
35 95 45 89 74 46 80 38 96 64
52 33 4 54 89 98 9 84 16 83
86 23 89 80 97 82 23 14 69 38
89 2 71 76 97 19 28 15 72 22
76 11 27 25 44 20 89 70 59 36
26 92 78 22 23 29 59 93 88 61
46 16 42 42 43 23 88 53 67 17
49 73 43 64 19 98 49 80 55 45
20 7 70 49 8 16 59 51 73 33
71 100 95 48 48 17 75 11 100 40
87 57 11 57 89 56 17 10 41 88
100 15 12 4 16 35 61 34 96 77
55 71 89 16 50 38 2 100 65 20
10 45 73 63 2 39 96 13 59 17
61 95 90 83 86 72 51 48 99 34
85 72 97 94 18 22 64 51 95 67
40 76 85 13 42 74 22 51 80 10
73 34 13 45 25 83 66 22 26 97
49 69 80 88 99 38 7 41 35 42
16 66 64 43 43 56 57 71 28 94
9 75 46 23 76 43 17 100 60 35
39 81 25 95 28 36 1 30 80 82
11 96 51 80 24 82 85 85 56 88
19 27 63 16 72 91 44 96 100 56
32 22 25 19 49 99 26 42 30 61
78 14 86 42 76 50 46 13 21 79
18 37 74 43 43 47 75 61 56 57
75 4 90 9 90 74 41 84 88 45
79 46 97 51 37 96 43 42 86 92
66 98 90 23 35 82 9 37 80 6
76 57 13 68 14 96 32 63 51 63
12 87 55 32 96 25 7 34 52 100
21 76 86 28 88 2 83 51 68 10
16 39 89 50 52 78 100 68 52 41
42 61 76 77 78 20 50 30 11 75
61 48 56 6 30 13 50 72 58 36
40 39 44 4 1 97 33 49 81 62
26 26 93 90 22 99 38 68 30 22
56 48 4 85 90 42 44 92 12 90
2 7 6 60 89 4 23 50 56 72
45 11 70 6 80 36 32 70 8 85
11 24 27 59 58 10 16 86 13 78
72 50 75 41 24 14 21 51 90 97
9 25 9 96 26 8 19 30 92 28
36 22 83 71 27 18 5 59 17 50
18 89 67 20 56 60 85 94 51 61
66 91 93 96 33 46 56 67 45 5
23 76 76 17 61 97 91 94 87 70
66 61 43 48 72 49 31 63 37 21
68 94 10 29 21 63 34 1 72 38
41 54 13 6 51 10 10 71 96 30
13 84 28 43 75 98 95 41 18 9
7 41 22 48 10 41 94 40 40 85
10 72 80 20 16 65 55 4 13 24
98 19 84 42 32 8 57 5 83 94
21 84 56 59 19 10 86 32 84 56
10 33 37 93 8 8 54 61 2 37
26 30 29 91 91 64 52 52 11 88
26 3 43 66 56 68 9 70 39 24
Size
4 3 5 5 2 3 6 4 2 8
5 3 1 2 7 2 6 9 9 4
10 7 3 8 3 6 5 3 5 4
10 8 5 5 4 1 8 3 9 7
9 4 10 5 3 4 2 9 5 6
8 4 5 10 6 1 10 9 2 10
5 10 4 8 7 1 7 1 6 7
6 10 2 8 4 1 5 3 6 7
7 1 8 1 2 4 2 6 7 3
10 3 8 9 7 2 6 7 2 9
10 3 9 9 6 5 7 4 3 1
8 9 5 2 10 2 1 8 2 2
10 9 6 2 7 1 4 8 8 5
3 2 9 4 9 9 2 5 1 9
10 8 2 2 3 10 10 7 5 7
10 2 1 9 3 1 5 9 10 9
4 10 6 5 5 5 9 9 8 9
6 2 5 7 6 4 3 8 8 8
9 10 10 9 6 10 8 10 9 2
9 6 5 9 3 10 6 5 7 4
4 10 9 9 10 7 5 6 7 6
10 9 6 4 6 10 5 5 4 8
6 1 2 1 5 7 5 9 2 8
3 6 6 8 3 10 10 5 3 6
8 4 5 9 4 4 9 3 6 8
2 9 3 3 7 3 8 6 1 1
6 2 6 10 9 10 9 7 6 10
10 10 1 8 6 8 9 8 4 10
9 5 6 3 6 5 10 6 4 1
2 4 6 1 8 6 8 5 7 6
3 3 10 8 1 2 8 1 2 9
9 1 8 8 7 10 9 2 4 6
9 6 3 8 4 8 4 10 5 4
4 2 4 8 1 2 4 2 4 9
8 6 9 7 5 3 6 9 8 8
1 3 10 3 9 9 6 2 9 5
7 8 3 5 10 3 10 1 6 8
10 9 6 4 4 6 5 8 9 7
6 9 1 4 8 7 8 2 10 9
2 2 9 5 7 4 9 4 2 7
9 4 8 5 9 5 1 10 8 8
9 8 4 6 8 3 7 4 7 4
7 7 7 2 4 8 3 2 6 9
8 1 6 4 7 5 2 8 6 6
1 3 4 2 8 9 7 2 7 3
9 4 7 8 6 1 3 10 9 9
3 8 9 7 5 1 4 10 3 10
4 10 3 3 4 6 1 1 4 2
4 5 5 5 10 2 10 3 10 8
10 2 8 9 2 7 1 9 9 8
8 3 7 5 4 9 7 5 9 5
9 2 9 4 10 1 6 3 10 2
9 4 8 10 7 3 4 2 5 10
7 8 4 8 10 8 5 5 10 7
5 10 4 3 5 8 1 2 4 4
3 8 8 10 9 5 10 3 5 2
8 2 5 7 8 8 9 7 10 2
7 10 2 6 3 8 9 2 4 7
7 7 8 6 10 4 4 4 8 4
2 3 2 6 1 7 9 8 9 3
3 1 4 6 10 9 4 3 9 2
1 5 10 3 4 9 8 9 5 8
5 10 5 9 5 3 9 3 9 10
10 1 9 9 9 2 10 2 6 3
10 6 1 7 1 2 6 3 3 4
7 10 4 1 4 9 2 9 8 3
10 4 2 9 4 3 7 6 7 4
10 4 6 5 5 6 6 10 1 9
7 9 5 1 10 3 1 9 10 7
7 4 10 3 4 9 7 4 10 4
5 3 6 1 1 4 10 6 9 7
10 8 10 3 9 2 7 5 1 5
4 5 2 9 2 6 1 6 4 8
4 6 7 5 5 5 2 2 7 1
2 3 8 7 7 8 1 2 3 7
3 4 7 9 9 2 9 10 1 6
6 4 3 7 2 1 5 1 2 5
10 4 7 4 10 2 5 3 8 9
7 9 10 6 9 7 9 3 5 8
2 8 1 8 1 5 4 10 3 2
8 9 9 10 8 9 5 10 9 5
9 5 3 1 7 6 7 3 8 4
2 1 9 7 2 2 9 6 7 2
10 4 6 3 7 7 4 2 10 5
5 2 5 4 10 4 2 5 10 5
9 3 8 6 6 5 1 7 1 3
7 4 8 7 2 5 1 6 6 9
3 7 9 9 2 4 2 7 3 4
5 5 3 9 5 1 3 10 9 10
4 5 9 8 1 3 4 5 6 1
10 1 1 8 6 5 6 9 10 9
10 7 2 1 7 3 7 8 4 2
8 1 1 9 9 1 9 4 1 4
1 9 5 8 2 7 10 2 4 4
8 6 6 9 3 2 10 9 7 10
4 8 10 1 7 2 1 4 5 5
10 6 3 8 2 9 10 7 8 9
10 4 9 6 10 2 3 7 4 5
4 5 2 8 8 5 8 10 6 6
2 5 6 1 8 4 2 7 9 2
