n 100
m 10
cap 50
Processing
43 92 12 8 72 80 29 28 27 35
79 46 25 74 26 62 63 76 54 30
63 93 13 88 85 68 25 14 9 72
89 68 10 2 44 29 40 73 66 59
74 14 81 23 11 5 18 23 89 70
97 58 68 27 89 87 77 67 92 41
56 48 25 57 93 92 29 1 64 85
49 78 36 56 76 86 18 28 57 53
1 72 72 82 80 25 27 34 59 27
80 8 54 98 13 53 46 89 46 77
32 63 68 60 74 47 68 67 4 24
62 54 52 4 41 25 7 72 50 5
99 40 96 69 44 46 28 54 49 65
11 91 23 81 21 46 36 86 75 85
43 76 10 95 94 76 53 88 41 21
42 76 12 15 24 51 74 26 78 23
53 1 74 67 11 76 8 91 14 78
30 52 34 94 16 45 24 71 65 39
88 29 75 26 14 80 16 60 72 39
79 81 24 18 2 98 36 7 64 95
4 89 99 44 16 35 42 74 80 87
31 5 84 2 54 48 74 69 91 22
28 79 88 21 32 74 22 99 52 49
54 21 5 18 50 42 85 53 51 62
28 46 92 79 97 83 68 63 81 45
99 85 92 70 18 24 71 65 72 28
31 92 35 79 47 69 77 22 24 57
5 35 51 39 77 70 52 74 56 63
98 5 6 44 8 64 49 46 82 51
75 54 69 44 83 30 63 89 18 17
74 54 87 61 51 82 10 85 99 5
77 29 74 17 50 43 88 62 17 26
33 34 49 31 72 53 17 4 88 92
32 59 43 9 88 3 17 92 18 3
34 75 43 40 80 24 73 42 51 19
38 61 4 77 59 92 16 73 50 12
93 95 70 90 95 71 97 47 87 15
43 48 31 24 79 45 59 42 60 68
51 12 34 16 100 55 44 26 54 32
26 92 1 78 63 69 40 84 78 71
5 62 58 83 31 92 55 82 33 11
100 33 21 16 10 92 26 84 78 76
55 8 17 76 39 11 43 82 19 29
45 67 39 65 34 2 6 98 11 60
65 67 46 2 33 75 55 53 79 8
23 79 63 84 63 50 77 67 69 77
59 81 49 76 38 40 19 48 88 49
69 80 64 26 49 56 90 84 29 77
82 93 56 79 45 76 48 67 89 52
94 74 66 79 22 29 10 48 1 14
46 87 84 40 29 30 83 6 55 91
13 87 55 93 33 99 97 29 3 98
77 45 52 7 84 20 80 59 26 43
100 21 99 21 95 87 8 78 68 55
97 36 22 81 59 68 83 5 25 79
29 46 9 26 3 69 49 76 48 95
83 14 34 67 8 87 28 66 12 83
59 65 93 52 21 41 4 51 57 5
28 2 33 42 99 75 61 38 75 61
4 84 95 73 9 65 19 24 23 33
79 29 86 69 53 43 68 33 39 27
79 4 15 62 79 99 82 74 7 56
41 46 96 72 5 65 33 52 6 77
23 34 91 74 96 67 73 39 87 4
38 32 71 10 1 12 22 72 61 9
34 96 47 87 75 91 9 93 19 24
62 53 41 94 7 12 54 9 78 89
99 36 67 77 83 97 30 24 7 43
62 55 77 45 34 12 17 15 26 56
91 35 27 12 72 27 86 18 32 22
5 77 98 55 20 21 75 79 68 69
16 69 71 10 68 59 15 79 61 49
41 43 72 34 90 35 34 33 53 8
26 96 13 59 91 66 36 12 54 31
28 54 47 69 55 44 21 40 17 16
30 96 45 52 70 77 23 72 85 18
22 14 49 64 9 42 81 39 67 37
74 39 58 89 12 91 33 40 20 60
69 89 26 84 97 71 47 85 48 67
32 52 16 31 21 15 60 6 100 22
16 58 43 85 11 54 84 68 27 57
53 63 46 73 46 81 71 87 19 89
7 8 13 3 67 39 63 36 47 92
32 62 55 30 45 96 18 43 73 18
10 64 58 31 30 47 45 12 99 63
86 42 21 61 58 77 39 60 55 54
61 100 1 59 71 36 61 86 58 81
57 45 50 69 60 11 48 67 5 8
67 53 50 43 46 22 87 11 28 56
41 19 56 71 54 36 58 23 91 94
67 92 6 22 3 6 92 40 26 11
55 44 52 38 25 71 31 66 39 84
47 17 86 100 44 86 30 79 87 36
97 58 49 2 63 1 96 84 65 12
70 19 35 28 59 20 71 100 59 36
29 40 61 36 70 22 22 23 77 74
69 16 60 69 44 99 55 54 63 79
47 61 71 6 30 44 32 90 96 53
59 97 49 49 28 41 45 48 32 2
16 90 17 7 68 11 77 39 75 1
Size
1 7 2 5 10 2 4 10 3 5
7 5 2 1 1 5 6 4 10 1
3 2 10 2 10 5 5 2 3 2
5 8 4 8 7 5 5 7 2 3
9 3 5 7 7 10 6 1 3 9
4 1 1 6 2 4 6 3 10 1
7 5 9 8 5 3 10 3 4 3
3 9 1 10 3 8 4 10 5 2
10 8 9 5 3 7 1 6 1 8
1 9 5 2 6 4 10 5 5 8
1 4 7 2 9 4 6 10 2 7
10 9 8 10 1 1 3 6 5 1
4 1 10 5 2 3 4 2 9 8
4 5 5 4 6 9 9 1 8 7
3 8 3 9 1 7 4 4 5 1
3 1 1 2 8 3 9 4 3 6
7 4 9 5 7 2 8 10 5 8
2 5 3 7 9 1 9 7 4 4
10 8 4 9 4 4 1 9 6 10
1 10 9 5 9 5 8 5 8 3
7 1 6 9 4 4 3 1 4 6
7 3 6 5 5 8 8 8 3 5
4 7 3 6 9 4 4 10 2 4
4 5 1 2 1 9 5 2 8 1
8 10 4 3 3 10 6 7 9 2
1 8 10 9 6 6 10 10 9 4
2 1 6 3 2 5 3 2 3 8
9 5 1 4 9 8 7 4 5 3
8 9 6 3 9 10 3 5 9 5
2 3 8 8 2 2 1 5 8 10
7 6 3 9 9 7 5 1 3 2
3 10 5 7 10 10 9 5 3 4
9 1 4 1 4 6 2 1 2 10
9 9 3 4 6 4 6 3 5 6
4 9 9 4 2 1 3 1 7 4
9 1 1 7 6 10 3 5 1 8
6 6 4 8 2 5 3 2 8 10
9 1 3 4 6 4 7 6 3 3
9 7 7 9 6 7 3 2 4 4
10 5 1 9 10 7 2 10 8 3
8 8 10 4 3 7 8 1 9 2
6 3 4 9 3 1 8 3 7 2
8 4 9 5 2 8 6 2 1 6
3 6 4 4 2 1 1 4 1 9
1 4 3 9 8 7 10 8 6 4
2 8 1 10 10 9 7 2 5 9
7 3 8 10 2 6 3 1 10 8
4 2 8 7 8 3 1 5 1 7
10 9 7 9 7 7 2 1 1 8
8 7 5 9 10 5 5 10 3 5
8 6 2 2 9 8 2 5 3 5
3 1 3 6 8 3 8 4 6 9
9 1 6 4 3 7 4 8 10 10
1 6 1 4 2 9 1 7 7 1
6 1 9 7 9 3 7 3 5 6
8 4 3 10 6 2 5 5 8 1
3 8 3 5 6 1 8 9 8 9
6 1 5 4 1 1 5 8 2 6
4 8 10 3 1 7 10 3 8 9
1 7 6 3 3 2 2 10 3 4
6 9 5 6 1 7 1 2 1 5
7 8 7 2 8 4 3 6 5 7
8 6 7 8 6 6 10 8 1 6
7 8 9 9 3 10 2 7 9 1
6 3 9 4 5 3 5 8 5 9
7 6 1 8 1 5 2 4 8 9
9 3 1 6 1 9 1 9 4 4
8 6 7 3 2 6 8 2 9 2
2 1 10 8 9 7 6 10 5 8
7 1 10 10 8 9 8 9 6 9
5 6 2 6 9 4 8 5 2 1
6 5 4 8 3 4 7 3 10 2
9 8 5 8 4 4 1 10 4 9
6 2 5 2 1 10 1 9 8 6
2 7 3 9 5 2 7 7 2 6
7 9 5 2 10 2 2 4 9 3
5 10 8 3 5 10 4 2 7 8
1 5 9 6 2 6 5 8 10 3
1 5 3 9 5 3 6 5 8 9
3 1 10 7 5 4 9 3 5 7
6 1 7 5 4 6 4 4 1 10
5 1 5 5 7 3 4 1 3 4
5 2 9 2 5 2 6 4 4 7
1 3 8 3 1 1 1 1 2 7
8 10 1 8 7 6 2 10 2 2
10 3 2 10 1 8 3 6 1 10
3 2 10 3 6 8 4 1 7 10
6 9 7 8 10 3 3 3 5 7
5 6 7 10 4 7 4 4 9 2
7 6 6 6 3 8 4 8 3 6
6 6 3 2 9 3 4 3 9 10
8 9 3 8 10 8 3 8 6 7
3 1 7 10 10 10 6 2 7 8
9 4 1 9 10 3 8 6 6 4
4 10 9 9 10 3 5 9 2 10
1 6 5 6 6 4 10 8 6 1
6 1 10 9 6 6 7 4 10 6
6 7 3 8 2 4 8 6 8 10
9 7 7 8 8 5 7 4 9 3
7 2 7 9 9 10 4 10 10 10
