n 100
m 10
cap 50
Processing
48 42 9 96 63 59 33 44 64 29
7 8 100 7 12 85 84 78 88 90
84 7 53 79 18 65 47 24 23 62
39 1 49 14 7 15 69 67 50 93
26 77 68 2 84 78 73 38 51 38
26 71 80 34 94 19 72 58 97 64
67 12 51 12 96 93 65 91 66 82
51 50 60 11 29 50 26 79 47 39
100 49 62 95 14 41 10 39 74 49
69 4 77 50 25 16 3 48 84 34
71 10 16 22 65 7 49 7 47 38
9 59 75 19 54 52 8 48 49 27
73 83 41 1 65 51 18 62 8 67
49 59 25 31 6 90 44 39 85 56
24 24 18 77 100 41 16 58 84 86
17 32 19 86 29 22 60 84 89 13
67 8 65 66 90 91 22 91 62 38
25 54 17 15 79 39 54 25 6 36
21 49 91 15 74 33 55 35 28 61
20 6 71 15 37 90 12 41 35 74
13 56 54 26 32 58 23 40 69 77
97 33 26 35 39 54 54 57 30 75
76 51 36 15 15 25 92 84 15 2
85 54 87 78 59 2 85 38 27 12
14 25 37 25 66 50 88 71 100 98
42 91 22 86 41 69 96 23 58 98
17 4 76 82 18 36 70 90 39 81
22 98 34 73 51 47 11 73 92 49
54 93 44 67 21 89 45 88 97 56
33 89 1 16 47 97 88 1 47 22
81 12 68 89 64 5 59 83 8 100
68 57 99 3 58 61 64 32 61 14
42 61 31 1 54 18 97 54 34 60
7 87 6 60 87 55 47 15 49 47
58 74 98 50 99 77 74 58 13 48
37 86 8 76 76 22 16 58 58 1
37 7 83 86 73 80 82 26 69 97
71 61 55 89 45 94 95 41 8 1
22 86 6 34 61 54 92 35 64 31
80 76 17 98 87 86 82 11 60 62
85 31 12 74 50 26 15 67 67 69
94 88 45 71 63 30 26 53 97 28
86 57 47 89 53 85 15 85 70 88
74 50 26 48 95 67 94 60 88 38
56 21 39 47 11 55 61 59 63 15
98 48 52 87 88 63 59 91 54 87
76 58 60 23 24 92 39 69 72 59
78 78 52 86 69 1 70 53 36 48
56 91 55 8 70 64 94 50 26 61
66 2 64 52 74 11 96 8 13 90
92 6 10 21 21 6 82 89 62 38
62 20 65 13 66 50 29 34 93 33
42 37 77 83 3 79 54 93 98 39
60 52 34 73 93 73 54 20 36 85
91 48 48 22 33 20 6 60 99 55
33 38 11 73 20 13 11 87 62 22
2 67 36 37 59 86 18 13 60 39
61 63 31 89 64 82 18 72 47 63
68 56 23 8 81 60 27 88 58 46
39 77 36 19 43 1 33 52 65 41
77 65 83 74 15 83 22 68 10 43
62 78 66 51 27 53 20 4 68 14
77 18 98 78 45 40 64 50 43 82
25 24 43 33 62 87 49 72 94 68
29 70 40 48 33 41 58 2 62 93
66 31 17 89 9 86 40 41 96 50
96 90 42 69 77 75 4 67 54 81
31 27 37 62 68 7 58 40 86 95
28 22 51 1 30 46 2 18 73 90
47 14 42 55 49 59 89 89 13 23
87 38 49 43 4 69 18 6 32 89
71 94 50 48 26 39 31 5 95 77
90 64 19 88 100 12 6 89 94 20
67 28 16 70 75 32 85 64 18 8
68 47 85 42 4 51 31 60 46 93
54 16 49 99 41 42 34 47 99 30
11 24 47 74 25 60 89 78 3 79
60 7 33 51 97 43 57 55 52 43
97 44 64 96 68 23 90 92 85 98
30 73 17 99 22 27 31 31 22 39
37 20 7 93 77 74 76 4 54 83
8 100 53 65 55 52 45 5 20 43
40 98 66 47 30 18 33 55 83 70
90 27 64 6 51 58 59 3 89 89
2 41 37 85 15 11 25 76 1 84
72 98 22 85 20 3 85 12 44 86
24 95 69 1 35 76 89 66 62 52
72 1 67 87 64 63 59 31 30 10
43 40 80 20 7 90 63 13 81 26
62 28 87 69 38 30 96 52 19 83
4 41 83 41 46 91 25 62 84 75
51 100 70 31 90 96 21 15 99 38
46 17 38 39 98 20 77 49 2 13
71 86 30 37 50 49 85 87 97 48
43 17 56 97 35 6 12 69 25 20
38 37 67 11 21 33 93 21 4 81
76 77 66 67 32 3 100 50 57 23
61 33 30 92 80 99 100 64 11 35
32 98 48 96 42 43 13 78 18 37
17 3 17 73 35 78 47 52 70 77
Size
10 5 8 1 8 8 1 2 3 5
9 1 1 9 1 6 3 6 3 1
3 5 7 3 10 10 5 9 4 6
4 3 10 2 8 7 9 10 6 7
5 3 5 6 10 7 3 1 10 3
1 9 3 8 9 5 6 1 7 9
1 6 2 3 2 4 4 9 7 8
2 10 3 4 8 5 8 7 4 9
6 10 6 8 4 6 9 4 8 3
1 9 7 1 1 6 7 1 10 1
5 1 5 7 2 2 2 8 1 4
5 4 1 2 10 7 10 4 8 10
8 5 3 3 7 10 8 4 10 10
5 6 10 3 4 8 6 2 2 2
4 10 8 5 8 10 5 9 10 9
1 2 8 7 10 6 6 6 9 7
6 5 9 8 1 7 6 6 1 4
10 7 10 6 5 4 2 5 3 5
3 9 5 6 5 9 4 6 1 6
2 4 10 10 1 1 2 3 9 10
8 6 9 7 7 7 2 5 5 2
7 9 4 1 4 7 6 9 4 5
6 4 2 4 5 4 10 7 5 10
7 7 7 9 4 1 2 8 10 4
4 1 8 2 5 8 7 4 9 8
8 3 2 4 5 8 10 3 3 4
1 1 1 3 3 4 6 1 7 2
9 7 1 6 2 2 6 4 1 1
7 2 5 3 1 6 2 2 9 2
10 3 6 2 8 1 5 2 8 8
8 2 1 4 4 10 6 1 3 9
7 1 3 3 8 9 1 8 3 1
3 6 7 7 9 6 3 9 8 7
4 5 1 1 10 2 9 6 2 6
3 2 5 3 1 3 8 5 3 3
8 2 8 4 2 8 1 6 5 9
2 5 1 9 1 9 6 10 1 3
10 4 3 2 5 9 5 4 4 4
3 4 1 2 5 9 7 2 10 4
4 3 6 1 7 10 1 10 9 10
1 3 7 9 6 6 10 5 3 6
10 9 9 5 5 3 3 10 2 4
7 6 10 5 8 1 8 7 2 6
4 4 2 10 5 7 10 3 10 4
2 10 10 1 5 2 4 1 8 7
10 8 10 3 6 5 5 1 1 2
6 2 10 5 6 10 7 5 9 6
2 2 3 1 6 1 9 10 9 2
6 6 1 2 4 5 9 3 7 4
2 9 7 3 8 5 3 10 10 4
7 2 9 9 9 5 8 3 1 1
10 10 5 4 5 2 8 7 3 7
6 4 10 8 10 8 10 8 4 6
3 8 4 10 1 5 6 6 1 3
8 8 7 4 9 5 7 1 6 8
3 8 4 10 2 7 2 10 2 7
6 5 1 5 7 5 1 5 3 9
1 10 9 4 9 1 6 4 10 4
2 10 8 5 3 4 7 6 6 10
3 9 8 9 5 3 6 4 3 2
9 3 7 7 1 7 10 9 2 4
1 7 5 7 3 9 8 10 10 7
4 1 10 3 3 6 9 8 2 1
6 3 3 1 5 2 1 3 2 5
5 7 6 2 2 5 9 10 6 3
9 6 4 1 3 5 4 2 1 4
8 3 7 8 7 7 10 6 4 7
5 3 3 8 7 1 5 2 4 9
8 7 3 7 5 6 2 7 3 3
8 9 1 1 9 9 6 7 5 2
10 7 2 6 10 7 1 7 2 6
7 3 3 9 7 10 3 2 10 9
5 10 2 5 1 6 6 10 7 3
10 6 9 9 7 3 8 9 1 3
10 9 4 4 10 3 3 5 1 6
3 7 4 5 4 6 8 6 9 10
8 3 3 10 4 9 1 1 5 3
4 2 6 8 10 5 10 10 6 9
2 10 7 8 7 7 7 3 1 8
7 10 4 3 6 1 6 6 6 6
6 8 3 9 10 10 6 10 5 10
3 6 2 1 10 3 1 5 1 7
4 2 6 5 7 7 1 5 4 1
5 3 7 5 2 8 8 5 8 2
5 8 6 10 3 2 1 9 5 6
2 7 4 6 6 9 2 7 10 10
5 10 4 9 2 7 1 5 4 9
7 8 9 3 9 7 1 6 4 3
6 2 10 4 3 4 3 5 5 6
9 2 2 9 10 3 3 6 8 8
1 5 8 2 6 1 1 6 3 9
7 8 4 8 8 5 3 10 2 8
5 10 1 10 7 6 9 6 6 6
1 1 7 8 7 5 6 10 4 7
4 1 10 10 3 4 1 10 7 2
5 4 6 5 10 1 7 6 6 8
5 2 3 6 4 5 10 10 10 6
6 4 3 7 8 8 4 4 2 5
4 1 1 7 2 9 6 4 6 8
2 8 6 3 9 5 8 7 1 5
