n 100
m 10
cap 50
Processing
21 4 89 79 96 62 67 87 66 62
80 21 68 95 40 20 11 23 83 48
30 66 54 67 15 95 71 64 32 100
57 57 92 2 27 87 44 59 23 77
10 20 4 34 11 46 1 8 22 96
41 79 17 45 12 7 65 60 59 9
77 11 32 92 48 13 12 4 59 38
20 51 70 79 35 69 63 13 54 36
21 1 68 88 79 17 100 25 9 23
22 86 61 22 76 35 80 68 53 37
51 26 70 66 63 47 30 86 71 83
20 75 21 72 60 17 27 42 65 93
100 5 65 55 36 31 38 33 40 7
19 53 31 90 35 45 54 61 45 4
76 5 44 82 47 64 55 19 71 93
5 12 89 57 100 22 31 78 21 9
80 35 82 52 72 96 63 34 8 16
100 83 10 36 50 81 66 50 81 56
89 61 5 97 7 90 61 54 17 2
97 16 63 9 81 20 62 51 5 41
79 18 46 73 5 78 77 38 39 97
1 25 99 9 59 31 9 100 59 3
13 16 7 50 73 86 12 28 9 3
5 25 79 94 63 56 39 22 25 92
85 79 80 23 36 97 58 16 3 23
76 14 29 87 36 81 71 93 25 1
29 85 54 3 23 100 95 74 41 89
23 16 14 81 17 15 2 48 93 62
53 22 15 5 28 12 66 38 34 24
41 48 39 6 12 57 45 33 72 46
28 91 54 22 88 75 13 45 41 96
28 26 25 3 11 24 30 20 98 77
89 47 10 18 37 22 29 17 8 76
79 6 9 27 11 71 7 32 16 50
15 75 16 69 31 91 49 79 100 95
70 37 21 51 58 44 25 91 41 65
28 100 8 14 61 17 60 86 95 92
37 53 91 94 68 12 31 49 14 5
22 51 53 85 94 37 51 18 52 74
48 52 37 32 51 57 34 2 32 99
12 13 35 41 29 42 88 18 67 16
45 82 79 48 63 95 61 34 72 47
41 53 5 19 86 67 89 8 26 64
5 80 49 73 70 15 80 80 78 25
51 86 74 79 49 75 68 65 16 88
49 46 86 90 36 15 6 85 27 44
75 15 38 57 3 56 90 70 50 88
83 84 29 54 38 84 56 98 57 53
26 47 3 7 22 68 3 12 61 76
55 35 9 54 57 89 4 68 86 49
100 53 19 11 79 4 3 98 80 41
7 37 72 68 10 19 56 85 2 98
22 49 53 7 23 28 59 20 23 15
40 49 93 37 67 95 67 57 60 89
12 83 27 84 35 36 69 98 80 8
9 12 87 68 38 58 10 49 87 69
67 8 84 29 82 50 25 34 93 48
38 48 4 44 94 2 95 9 86 15
12 50 70 24 95 16 56 68 36 94
64 96 97 27 48 16 21 26 4 49
42 25 96 30 24 7 53 83 80 34
27 30 90 70 60 25 40 20 83 36
15 33 30 10 3 73 87 45 63 27
6 3 6 89 43 48 80 55 21 8
89 96 22 82 3 52 26 60 79 71
53 21 66 33 60 10 34 92 14 15
58 33 3 23 47 23 23 83 39 50
31 88 78 67 98 61 61 53 100 63
39 79 94 99 43 33 62 56 9 25
70 33 56 84 78 46 6 25 79 26
15 13 58 83 37 94 96 83 85 95
76 91 56 60 61 75 19 68 85 15
7 81 62 14 26 31 54 87 33 7
5 15 8 57 91 35 85 61 36 81
59 11 99 36 76 35 19 49 11 7
33 77 6 1 13 86 18 51 74 1
27 76 100 31 81 5 35 71 25 40
12 8 74 22 92 67 56 25 6 34
9 34 44 76 33 22 36 13 94 58
1 65 6 3 17 85 94 22 38 74
40 8 41 92 51 48 7 93 7 89
14 63 56 19 49 61 37 26 97 53
52 54 81 90 82 53 30 59 87 96
38 41 100 83 13 5 40 68 77 34
56 18 2 49 25 85 29 14 54 88
96 2 86 2 74 95 13 42 59 88
47 18 69 18 86 60 90 100 12 53
54 92 29 96 20 82 69 39 45 35
67 66 9 67 47 76 88 32 17 61
99 74 70 43 55 93 76 89 61 97
77 91 60 74 3 64 48 92 76 17
61 55 47 94 29 8 53 19 10 19
99 2 74 73 78 91 46 97 27 89
74 12 3 72 76 41 31 14 4 73
78 2 86 56 86 20 30 48 81 75
68 61 53 86 64 25 91 96 11 79
64 59 29 96 98 8 64 11 29 23
69 89 8 36 5 72 17 26 8 48
73 67 12 1 28 84 42 97 33 94
38 39 88 62 64 36 73 27 23 56
Size
2 10 8 2 3 10 4 1 9 3
5 3 10 3 2 5 8 10 8 4
9 6 8 10 7 10 8 10 10 4
1 6 3 3 8 6 10 1 3 10
7 8 2 3 1 10 7 5 4 5
4 6 3 5 8 9 9 3 7 6
9 8 1 3 1 6 5 7 3 1
8 1 4 8 2 1 10 5 6 8
8 5 2 6 8 9 5 8 3 5
10 5 2 9 6 6 6 1 7 7
8 10 10 8 8 2 9 6 5 9
10 6 3 2 4 6 7 2 5 5
2 3 7 7 9 6 3 7 9 6
2 1 4 6 7 4 3 8 4 4
9 3 2 8 9 6 1 9 5 3
7 7 10 9 5 3 2 2 8 7
9 1 2 4 6 1 9 6 3 2
9 1 6 6 8 2 2 2 1 8
2 3 2 7 9 1 7 1 4 7
7 4 5 1 4 5 8 10 6 1
5 9 6 9 1 9 3 1 2 6
1 10 6 2 8 6 8 4 3 1
3 7 3 10 5 1 1 1 8 3
10 6 2 1 10 10 2 10 4 3
4 10 4 7 10 7 9 8 7 4
6 2 10 5 4 9 9 5 6 4
5 9 8 5 6 4 9 5 3 9
6 5 7 9 3 9 3 6 6 7
2 10 7 6 10 6 2 1 9 8
2 8 10 4 4 9 5 4 9 10
7 4 1 5 5 3 3 8 1 2
1 8 4 8 4 6 8 4 1 2
9 4 2 4 3 7 7 2 6 8
2 2 9 7 5 10 3 8 4 1
10 1 7 4 3 1 5 6 4 2
10 6 10 3 4 3 5 9 3 2
3 8 7 6 9 1 7 7 8 7
8 2 6 6 5 1 7 10 4 7
8 1 9 3 9 10 8 5 1 1
2 6 1 4 9 10 1 3 8 1
7 7 9 2 6 10 9 8 10 8
10 7 1 2 4 8 9 6 7 4
3 5 1 6 2 7 3 6 7 6
6 10 10 4 8 4 8 5 9 10
3 7 6 10 1 7 3 10 7 8
8 5 4 4 1 9 9 10 5 3
7 2 9 2 8 1 8 6 1 3
2 7 9 7 4 6 6 1 2 9
2 3 8 7 10 8 6 5 9 4
10 7 9 1 4 6 8 4 3 5
8 7 10 7 8 2 1 1 3 10
1 10 2 8 7 9 9 6 1 6
1 1 8 6 3 10 2 7 7 9
8 1 1 9 3 2 1 4 3 3
8 5 8 6 1 9 4 10 7 2
1 4 5 1 4 9 4 9 9 5
8 7 3 8 5 2 8 10 1 10
6 5 4 5 3 3 7 5 9 5
5 7 10 1 2 6 7 7 4 6
7 3 7 10 4 1 7 3 5 10
10 5 8 9 7 4 2 4 8 2
6 7 7 1 10 1 6 9 7 10
4 8 7 9 8 8 3 3 3 3
8 9 1 9 3 3 1 4 9 10
7 1 3 1 6 2 8 10 3 8
1 7 3 3 5 3 6 6 8 2
9 2 10 10 4 5 3 10 2 2
8 9 8 1 10 5 2 5 8 9
5 10 4 4 9 7 1 3 9 4
2 10 8 4 3 7 8 6 2 9
3 8 3 5 4 4 1 8 8 1
7 4 1 8 4 10 4 2 8 4
2 4 10 9 7 3 4 3 6 6
7 8 7 2 8 5 1 6 10 3
3 5 4 2 6 6 6 4 2 10
4 7 7 5 10 6 3 2 6 3
8 5 6 3 3 2 4 10 8 8
4 4 6 10 4 10 2 10 3 2
4 6 10 1 6 9 5 3 8 4
3 9 1 6 2 3 2 3 7 2
8 9 3 10 6 7 10 2 7 5
1 7 4 6 2 6 9 1 9 6
5 6 2 8 3 8 6 2 7 5
10 3 8 7 5 8 4 10 7 2
7 5 8 7 6 10 1 10 9 7
10 4 3 1 7 9 4 9 4 3
8 7 7 1 8 5 7 3 5 7
2 10 1 9 2 2 10 2 10 7
3 8 3 5 3 10 6 9 10 9
6 7 4 2 4 8 9 6 7 9
2 8 5 9 4 5 5 6 2 1
4 1 3 10 8 8 6 5 6 2
1 9 8 2 6 1 6 10 2 4
4 7 3 10 5 5 7 3 6 9
5 1 1 3 5 6 9 10 2 4
4 6 7 3 10 10 7 4 1 10
7 1 8 6 10 9 8 5 7 5
9 9 8 9 4 6 9 5 8 2
2 4 7 5 10 6 5 7 10 7
4 8 1 8 3 1 1 10 1 2
