n 100
m 10
cap 50
Processing
66 17 13 71 82 6 9 16 66 49
78 31 92 3 53 38 85 52 81 37
51 20 30 17 7 79 59 53 3 4
29 88 4 19 47 5 6 84 43 42
39 77 26 34 60 90 3 38 20 99
41 79 12 98 18 96 50 92 86 84
71 14 23 85 16 90 98 55 84 37
30 22 4 56 80 55 91 72 62 34
69 59 9 37 22 33 82 23 2 98
10 16 97 82 46 64 75 99 41 100
69 95 7 37 71 55 38 87 52 22
73 27 53 19 18 3 97 11 58 90
6 71 91 39 74 82 98 35 62 25
67 10 80 18 61 66 92 57 49 49
96 93 2 92 11 10 35 88 85 75
90 9 80 61 65 19 98 13 23 56
90 98 41 76 6 71 90 36 72 42
91 7 84 99 73 15 40 48 20 44
37 14 34 93 20 12 11 53 63 27
24 84 11 21 38 28 22 77 73 21
54 72 25 8 51 8 18 17 38 31
4 72 28 75 52 15 10 8 53 24
35 92 90 21 26 28 99 95 79 53
33 7 27 15 93 33 95 38 63 5
41 57 88 81 12 49 6 84 17 43
26 26 4 3 58 73 66 92 93 83
97 20 41 44 3 84 16 7 75 7
7 84 36 79 93 73 72 68 10 23
93 89 45 62 90 53 30 65 78 31
76 44 73 62 22 85 35 44 39 5
36 100 76 77 22 88 6 91 49 8
37 7 74 22 4 51 93 21 11 6
6 82 20 97 73 57 61 20 27 22
25 3 12 76 25 90 20 78 67 11
77 69 23 71 95 37 47 52 24 83
17 49 71 45 94 70 88 33 55 79
63 42 48 30 27 8 61 61 79 44
53 57 4 26 56 13 32 56 10 11
85 60 45 53 2 72 94 19 23 40
91 10 71 24 35 51 53 35 72 30
28 67 96 36 39 38 35 27 5 13
66 56 47 50 31 84 28 93 39 79
28 91 1 36 43 54 5 56 14 22
87 69 68 66 62 66 93 9 80 94
7 67 97 27 83 22 88 51 11 96
44 30 57 62 22 53 50 22 80 1
69 84 23 13 81 66 24 46 14 62
80 71 73 16 61 13 64 83 24 91
53 100 13 29 86 68 13 39 67 84
86 29 48 69 99 32 95 40 38 55
87 4 87 42 21 67 40 66 4 49
57 74 10 48 84 16 53 83 87 12
90 28 95 81 90 22 94 42 53 91
66 1 65 11 30 43 78 99 77 8
62 53 18 25 41 74 39 56 84 72
85 75 11 44 39 40 46 70 1 19
5 35 83 34 42 45 5 25 47 87
21 26 9 69 99 46 26 19 77 20
92 54 19 11 59 39 9 70 36 93
49 18 100 42 96 7 78 13 10 33
81 72 96 20 8 92 4 87 31 18
19 33 18 79 71 38 68 58 62 29
1 41 63 98 14 17 42 80 58 27
85 60 13 11 72 10 81 78 60 78
47 16 13 65 81 18 85 16 3 72
35 91 65 29 11 13 25 55 94 76
25 92 35 75 80 14 36 7 14 3
20 50 72 2 36 42 40 39 29 99
47 3 38 2 66 62 31 61 28 58
56 95 15 80 16 9 60 56 94 93
83 13 62 54 29 12 93 13 45 33
14 83 50 3 57 22 54 72 84 30
93 24 55 40 11 70 56 83 70 65
23 72 16 51 24 46 50 52 26 14
17 46 30 38 13 63 71 23 46 48
69 50 61 19 29 75 22 89 90 60
53 84 15 15 65 90 59 91 91 2
23 86 11 30 98 11 99 23 65 83
62 63 84 53 24 68 88 58 2 42
29 99 53 41 85 31 32 41 89 28
1 49 74 38 18 17 99 64 73 5
38 97 97 21 8 55 99 91 28 48
16 50 61 64 23 25 36 33 74 81
69 14 76 34 3 6 64 57 26 3
93 35 69 99 71 31 19 26 25 28
65 34 70 10 35 72 25 31 17 56
56 26 61 52 12 27 96 35 49 60
74 27 98 68 22 50 86 43 59 9
75 75 81 43 4 72 31 47 55 16
50 5 51 59 52 30 15 82 98 76
38 47 18 37 45 68 70 48 82 71
52 3 97 81 49 20 3 3 23 30
75 50 9 40 73 100 99 40 97 52
3 57 100 53 89 5 75 76 32 24
37 77 7 58 16 56 14 33 58 43
18 75 74 97 31 53 58 66 28 31
45 22 24 50 66 42 7 39 84 55
63 8 46 68 67 78 23 52 11 19
97 78 28 33 11 9 10 15 62 72
61 33 48 59 82 90 29 38 67 49
Size
6 5 4 7 6 2 2 3 6 7
10 2 8 1 8 2 8 8 8 1
1 5 1 6 9 8 4 8 2 10
8 1 10 3 5 6 9 3 4 8
6 5 4 8 3 5 2 1 2 4
4 10 1 1 10 6 5 8 7 3
5 2 1 7 10 7 1 3 7 7
9 7 5 3 1 5 5 6 7 5
1 7 5 5 5 2 1 3 7 3
5 6 3 10 6 2 5 7 10 3
5 3 9 4 9 4 5 10 2 7
8 7 10 5 7 9 10 7 8 9
4 6 7 1 1 5 8 10 3 1
8 2 7 2 7 3 8 6 1 4
5 8 2 7 3 7 8 9 10 2
10 2 7 5 8 3 3 1 3 10
3 10 9 9 10 8 1 6 4 4
9 2 8 6 1 9 5 4 10 1
9 5 9 5 2 3 10 9 10 2
4 1 9 5 5 9 9 3 9 8
6 10 3 2 6 8 4 2 10 10
10 4 7 9 4 6 1 2 5 9
1 2 2 6 6 5 2 10 9 3
5 2 7 3 3 3 7 8 8 4
6 1 1 5 10 2 3 5 7 3
3 8 8 10 4 3 6 8 4 10
10 9 10 6 2 6 5 3 6 8
2 8 10 9 7 5 7 7 3 6
3 9 10 5 4 7 4 6 10 10
8 6 8 4 7 3 1 8 2 7
8 8 2 2 2 3 10 5 5 1
1 5 3 10 9 5 3 3 4 1
1 2 6 4 6 10 9 9 5 2
6 3 2 6 10 4 8 1 7 1
8 7 9 10 2 6 5 10 3 8
7 6 1 7 6 5 10 3 6 3
9 10 10 8 7 4 5 7 6 2
9 3 10 2 3 3 2 3 2 6
1 5 6 5 6 2 6 6 10 1
9 7 7 4 1 7 4 8 3 1
5 1 9 7 3 5 7 7 4 4
2 9 4 10 9 7 2 10 9 10
7 1 3 7 8 9 5 7 4 5
9 10 2 7 7 10 1 10 6 6
3 9 10 7 7 9 8 10 7 2
7 9 5 8 2 3 9 1 5 2
6 4 5 8 2 1 6 4 3 4
6 2 8 2 10 3 6 5 3 6
1 2 9 6 7 1 10 6 2 4
5 1 8 7 4 7 2 10 10 3
3 5 7 7 6 9 8 6 10 9
7 3 10 8 4 1 5 7 7 4
3 2 8 8 9 5 6 4 4 4
6 9 9 8 10 1 10 3 10 2
3 7 7 4 4 2 1 8 3 1
1 4 8 8 2 8 9 5 1 1
10 3 8 9 7 3 6 6 3 1
10 2 9 9 10 4 7 3 2 6
8 2 3 4 4 10 7 1 3 1
8 7 4 3 10 5 4 4 9 7
2 4 1 8 1 9 4 5 7 3
5 5 10 4 3 3 3 7 2 6
10 7 3 1 8 1 10 5 1 7
8 9 3 5 8 8 7 5 7 6
7 2 2 9 4 7 9 3 8 2
5 1 8 9 7 4 9 5 2 1
3 9 2 10 1 6 10 2 4 6
4 4 4 9 7 9 10 3 4 3
4 8 1 2 9 4 6 6 6 7
6 5 2 2 9 6 9 3 3 2
6 7 7 8 5 7 8 5 9 8
4 10 10 7 5 4 3 7 5 8
1 5 7 2 2 6 4 6 5 8
7 7 10 7 10 6 9 5 4 6
7 10 5 10 3 6 7 9 5 5
5 7 3 4 9 4 8 1 1 6
2 3 1 7 2 8 1 4 1 9
5 7 10 9 5 3 10 3 8 4
2 10 4 9 3 3 4 8 5 9
3 10 9 4 3 2 3 5 8 9
3 4 9 8 2 8 10 8 6 3
2 6 7 1 4 5 4 5 8 7
7 5 1 2 4 9 6 10 10 6
3 4 7 3 1 6 7 4 10 7
4 9 5 1 6 6 7 10 6 10
10 2 7 8 2 8 3 5 9 7
6 6 6 1 2 3 2 8 9 4
6 8 5 10 1 4 8 4 1 9
3 2 7 6 3 6 7 9 8 10
5 5 8 4 5 2 1 2 2 1
9 4 10 1 5 4 1 7 6 1
9 2 7 8 6 10 6 8 3 8
8 1 10 1 3 6 9 1 8 3
5 6 9 10 2 9 4 8 7 10
7 5 10 4 7 6 6 6 8 7
3 1 7 4 5 3 3 2 4 7
2 3 1 10 4 8 2 7 7 9
9 3 1 6 2 9 5 3 9 5
9 10 4 2 4 3 5 2 6 1
8 8 10 4 1 7 9 5 10 6
