n 100
m 10
cap 50
Processing
48 62 23 77 62 51 46 83 60 56
17 81 45 13 93 43 24 97 24 69
93 38 97 64 50 33 36 6 25 22
16 42 71 46 67 69 98 34 10 23
86 54 65 100 5 54 27 34 3 96
92 26 6 19 10 64 54 19 55 87
53 8 74 15 73 47 49 22 87 81
65 21 89 34 20 45 84 22 46 78
21 95 64 5 54 32 27 7 47 44
95 48 79 33 41 19 35 59 17 31
12 68 91 93 86 55 51 56 59 38
9 88 90 12 50 15 90 14 83 38
70 52 13 57 23 1 26 61 90 4
91 93 61 2 74 70 64 72 43 6
30 47 54 90 14 89 48 58 1 42
56 85 5 28 51 75 21 61 43 41
55 76 83 41 24 6 57 13 17 2
98 69 10 52 71 7 94 33 41 15
2 44 69 89 67 4 86 99 97 60
63 39 67 70 91 63 71 69 2 96
21 31 58 25 63 88 32 44 61 16
24 22 80 44 20 72 36 11 24 79
51 38 10 98 67 30 38 81 8 53
60 63 75 63 25 57 51 90 96 87
35 66 34 26 11 89 48 29 73 51
94 41 96 15 35 89 69 66 91 3
33 84 29 55 74 57 75 61 9 87
1 99 38 70 63 77 37 16 69 13
23 12 4 71 80 93 47 48 39 32
84 58 26 22 77 6 11 87 94 3
23 73 4 93 62 20 11 97 69 1
27 68 47 64 63 74 5 86 8 73
71 49 3 91 71 94 40 99 33 87
78 67 30 44 30 9 64 62 98 91
22 23 26 66 88 27 12 37 1 15
28 23 10 46 68 64 89 71 88 11
49 74 22 91 19 84 5 77 69 62
78 7 10 2 9 83 99 20 53 6
89 62 76 1 96 83 18 27 93 43
38 21 35 50 52 75 84 50 12 63
97 99 15 32 73 91 51 60 40 4
79 21 50 41 75 70 75 26 64 18
69 30 13 94 53 25 10 92 66 85
99 68 12 21 90 45 58 64 83 52
71 5 39 53 86 53 14 74 58 94
80 13 67 51 30 12 44 90 19 39
54 59 63 71 72 91 19 77 66 48
88 59 54 69 96 78 65 49 64 96
97 80 70 62 92 66 15 14 58 98
86 35 78 26 29 11 42 44 21 14
30 71 66 62 32 29 75 84 31 54
18 10 50 66 44 90 13 11 100 8
21 88 6 43 28 6 16 86 82 95
67 43 46 72 74 92 47 56 76 1
93 58 28 50 10 68 68 36 73 28
27 46 55 97 42 61 51 25 77 87
50 23 19 28 31 83 46 78 3 13
70 83 24 44 11 51 80 72 49 52
21 21 6 24 66 79 98 1 66 1
99 71 14 35 6 5 61 23 66 65
83 71 54 34 85 33 88 80 69 4
98 21 14 16 9 3 2 94 61 44
32 52 46 24 69 3 43 83 45 79
23 9 69 24 66 23 60 77 14 23
8 6 67 40 19 41 53 39 95 50
47 99 73 2 70 36 3 99 28 27
33 87 48 85 46 69 24 46 44 3
30 54 78 65 74 43 67 65 77 36
60 19 100 38 45 91 100 94 41 16
89 20 84 6 91 37 50 33 68 5
90 20 32 98 7 64 46 59 36 60
35 30 13 36 14 29 22 56 99 100
26 20 60 11 66 72 63 90 22 81
17 25 40 83 100 28 78 66 5 19
62 78 75 43 77 85 53 40 16 14
79 81 39 2 8 27 87 90 27 78
49 41 13 56 15 27 47 34 99 61
25 30 100 1 26 44 42 49 51 25
34 46 40 43 77 90 35 89 96 47
65 10 95 79 20 68 63 97 63 94
65 42 22 88 81 55 38 52 62 94
89 71 66 71 91 44 43 32 24 43
94 85 23 55 47 68 22 90 83 29
42 36 27 9 55 35 39 1 37 18
18 60 44 5 68 56 38 59 10 91
79 7 3 58 63 8 91 39 50 9
98 61 25 19 94 11 36 74 30 18
74 13 5 76 18 57 90 30 18 25
50 6 71 19 92 27 63 70 62 95
61 12 25 79 68 60 47 79 45 58
54 40 22 76 19 80 21 41 58 30
16 30 73 6 3 68 38 50 36 83
95 78 41 74 9 98 24 27 55 37
23 47 87 38 14 42 56 76 61 45
41 33 78 28 16 77 1 1 69 33
89 50 33 63 83 21 30 5 36 91
15 6 100 73 35 99 48 8 54 75
6 41 19 14 85 62 20 37 50 71
74 16 48 52 55 72 44 100 58 39
18 64 12 93 33 65 37 66 28 57
Size
9 3 6 7 10 7 7 7 7 8
10 1 10 7 9 6 10 2 8 1
4 5 3 7 1 5 4 6 5 8
9 8 3 10 4 9 3 5 10 7
8 7 3 9 4 10 5 8 8 7
10 8 6 2 4 7 3 6 7 6
5 10 7 7 10 1 6 3 5 3
7 2 6 3 4 6 6 7 5 5
7 8 9 6 2 9 5 9 4 8
9 10 1 5 5 7 6 4 10 10
2 3 8 10 9 8 2 6 7 7
6 7 2 5 8 8 4 8 4 5
3 2 5 10 7 2 9 1 2 10
8 4 5 7 10 6 9 1 2 6
1 9 4 4 8 4 9 9 9 9
6 10 2 1 8 5 7 1 1 5
7 5 1 3 9 5 1 1 9 2
5 2 9 3 5 2 2 8 5 7
8 4 7 7 9 4 6 10 7 4
7 4 5 1 7 4 4 8 10 3
8 3 9 9 4 10 10 8 9 3
1 4 7 7 4 8 7 10 6 2
6 6 7 6 9 9 9 9 8 3
7 2 9 8 10 7 6 8 9 6
3 5 4 10 4 1 9 7 9 9
8 5 4 3 9 7 10 10 4 1
4 7 2 6 7 2 7 8 8 1
7 4 1 3 8 7 6 10 5 6
1 2 4 7 7 10 5 8 9 1
8 9 8 8 9 3 10 7 8 3
7 9 5 8 10 7 1 6 2 7
9 6 8 2 9 10 4 4 2 8
6 6 8 2 10 4 6 6 6 5
6 6 3 10 10 5 1 6 10 10
9 6 9 7 3 4 7 5 4 3
4 1 10 2 3 5 5 8 7 2
2 1 9 6 5 2 4 2 8 2
5 3 3 4 6 6 7 9 6 7
9 6 10 1 9 1 7 3 9 3
8 10 10 8 3 2 4 8 10 5
10 10 8 4 8 5 3 4 8 1
1 10 2 7 7 3 3 10 5 1
9 4 7 2 4 3 2 1 5 9
9 7 9 7 4 6 1 5 5 9
5 5 10 10 6 2 5 10 9 3
6 9 10 3 7 9 8 8 6 4
1 7 6 3 6 9 7 9 7 6
7 9 3 2 1 2 2 10 9 8
10 3 7 6 10 3 9 2 1 5
2 4 9 7 5 6 9 8 2 9
4 2 4 6 4 7 10 7 4 3
2 3 9 6 9 9 6 10 10 2
7 4 5 7 9 3 4 4 7 9
7 7 5 2 5 8 4 8 2 6
2 2 9 1 1 9 8 2 6 8
5 8 6 8 3 6 7 1 8 5
1 10 6 3 6 9 6 2 5 7
8 2 4 10 9 6 2 10 4 2
2 7 4 9 2 8 2 4 2 8
1 4 2 4 1 6 3 7 8 3
8 2 2 1 8 3 1 2 1 6
4 10 5 9 2 5 5 8 9 10
5 5 5 7 5 1 3 10 3 7
6 4 6 5 2 6 10 6 10 1
8 3 10 9 8 4 4 9 8 9
2 1 6 7 9 10 10 9 9 3
10 9 5 9 9 1 9 4 4 10
9 5 6 5 2 4 7 1 4 7
1 1 9 3 6 7 1 4 1 10
4 5 4 6 5 8 10 10 7 10
3 5 3 7 6 8 10 6 3 9
3 9 1 5 6 2 8 7 10 1
1 3 1 10 3 2 5 3 10 8
7 1 8 10 2 7 6 3 10 4
10 8 5 4 6 4 5 3 4 3
8 9 4 3 2 9 5 9 9 10
9 10 5 1 9 9 8 2 2 3
3 8 9 3 4 10 6 1 6 2
1 6 8 5 8 4 2 10 6 3
4 1 4 9 5 8 9 6 2 8
6 1 1 1 9 7 5 4 10 2
5 5 6 4 8 2 10 6 10 9
8 6 2 6 10 5 5 2 3 5
7 3 7 9 1 2 9 8 3 1
9 8 5 10 10 9 8 3 5 10
9 5 10 10 7 7 2 7 5 10
6 2 7 6 1 6 3 9 9 5
10 9 1 2 4 9 2 9 7 1
1 7 1 2 9 7 6 5 10 1
6 9 8 9 4 2 8 1 5 7
6 1 3 4 7 1 2 10 8 8
2 6 5 1 9 4 9 9 7 1
7 9 9 4 5 3 6 4 5 4
4 1 2 3 6 2 8 1 7 4
6 2 1 5 5 8 7 8 10 1
1 2 1 5 8 4 9 4 8 4
5 10 6 8 4 9 3 1 7 2
6 2 10 4 10 6 8 9 8 8
2 4 10 3 6 7 1 4 6 6
6 3 5 8 10 1 7 2 6 7
