n 100
m 10
cap 50
Processing
55 31 95 63 46 15 19 51 6 6
49 51 64 49 85 39 52 34 59 41
39 19 45 48 67 98 82 17 24 12
67 16 29 67 15 92 1 7 54 50
65 83 53 81 82 26 35 64 59 1
64 57 44 62 30 91 42 22 21 89
72 33 31 71 85 48 5 27 80 11
48 4 94 99 99 65 5 37 36 96
29 6 10 10 76 100 67 55 11 29
59 32 1 52 79 45 35 7 83 3
89 87 18 94 80 100 55 78 100 16
26 54 73 99 33 89 23 87 94 85
72 34 29 95 46 44 26 1 27 76
15 22 38 95 68 5 92 28 73 6
3 21 7 49 95 55 97 36 84 54
12 22 90 40 33 43 72 96 97 9
49 3 16 7 24 70 49 44 97 95
85 63 85 22 97 27 7 59 11 63
63 7 64 21 67 62 71 90 77 29
51 100 68 37 52 88 96 19 87 24
57 43 62 71 58 1 39 23 74 91
96 59 6 93 68 86 73 5 90 14
22 16 6 38 8 71 26 98 11 19
23 51 10 53 21 16 67 35 27 12
12 99 66 24 92 3 52 89 44 41
100 42 1 9 64 39 62 97 100 9
67 92 31 8 17 8 67 88 24 97
51 10 11 89 31 5 95 28 66 47
48 87 68 25 93 6 46 21 32 32
49 37 79 50 94 52 70 76 37 31
84 64 87 2 65 67 54 66 5 86
35 6 48 70 49 67 20 58 44 55
26 88 100 35 98 51 62 13 2 43
50 32 15 18 54 25 6 73 28 14
39 15 2 86 99 20 80 95 74 90
82 83 43 62 91 77 7 11 16 25
51 78 1 67 55 61 35 73 56 98
69 89 94 8 35 47 65 1 37 18
78 63 15 13 55 37 51 87 96 93
13 68 95 42 86 83 24 78 25 72
48 93 19 49 29 26 29 3 38 1
50 61 7 16 57 10 84 67 73 49
79 59 59 7 66 30 61 28 64 67
63 78 70 48 65 97 78 56 37 88
16 61 20 75 37 71 79 96 39 82
8 5 21 16 77 38 9 71 31 79
13 29 31 26 91 46 17 64 51 97
4 13 36 8 88 85 27 90 28 49
94 45 42 11 32 93 13 34 5 8
23 91 98 78 28 7 4 57 44 99
29 48 98 95 58 60 32 17 99 90
70 12 76 86 22 57 80 91 9 11
91 18 5 74 3 20 64 16 93 33
10 81 69 89 52 26 69 85 44 68
89 6 21 17 26 87 28 78 27 88
1 97 22 1 72 42 12 5 13 87
36 64 4 71 96 23 73 78 56 76
8 55 8 18 91 70 59 60 75 34
51 32 96 62 82 59 66 26 42 4
36 50 44 37 33 33 75 36 3 84
25 88 47 69 74 28 56 26 92 100
51 13 55 2 57 97 79 54 26 12
2 84 74 94 6 74 40 69 97 13
34 32 37 78 61 53 19 13 49 94
45 10 60 78 37 49 64 8 45 69
43 11 57 86 15 8 20 56 75 29
80 84 69 75 19 66 88 91 5 44
18 16 93 19 33 19 14 40 71 48
20 63 54 36 52 25 44 66 51 60
45 20 92 28 11 36 92 71 74 99
22 95 30 55 8 60 45 25 46 17
72 97 80 99 53 21 62 23 76 23
47 17 63 7 55 67 39 41 100 80
42 86 83 53 71 49 71 54 28 99
8 19 100 86 70 50 65 10 18 40
37 1 43 15 42 86 66 50 72 50
32 74 10 88 100 83 100 34 31 6
11 76 67 47 68 91 55 61 22 51
31 83 66 61 20 9 49 67 32 26
83 52 82 72 37 29 29 7 48 33
83 97 45 83 36 100 79 85 37 83
25 60 9 51 6 17 29 12 94 46
43 41 85 11 37 17 26 50 79 89
37 94 42 91 73 14 56 80 87 55
9 60 97 87 65 83 43 27 13 70
91 57 3 33 94 15 33 6 90 15
85 2 52 49 52 23 36 86 79 7
36 57 60 62 86 61 90 79 75 36
32 95 35 65 20 3 29 72 29 13
25 89 64 92 57 75 2 1 99 36
40 37 53 65 56 64 90 30 17 20
39 13 99 29 91 51 76 16 75 17
71 49 30 59 25 83 75 74 99 81
100 11 2 53 39 33 89 66 15 48
70 91 42 87 10 45 54 100 58 99
93 57 83 79 92 54 12 89 85 97
27 5 29 50 30 61 20 63 31 67
55 57 38 38 7 98 9 26 11 41
10 3 71 3 64 81 1 90 71 99
45 65 9 45 99 58 58 54 39 63
Size
10 10 7 9 8 2 3 5 3 8
7 7 10 4 1 6 5 6 7 1
4 4 8 3 6 5 5 6 5 10
3 2 7 4 1 9 6 2 2 9
7 10 3 5 9 1 8 9 10 2
3 9 6 6 6 6 5 8 1 7
2 6 1 7 9 8 10 1 10 8
8 8 2 3 8 4 1 3 6 1
7 4 10 1 10 6 4 1 7 4
7 10 6 9 4 4 9 6 5 3
1 8 10 6 5 9 3 2 2 6
1 3 8 4 5 2 9 8 1 8
10 5 3 10 2 6 2 9 7 2
4 2 5 3 3 5 8 6 6 1
4 8 1 6 6 9 3 2 1 9
9 4 1 8 3 1 6 9 6 5
6 6 10 3 5 3 8 2 6 2
1 5 9 5 6 4 6 2 4 5
5 9 4 2 7 6 5 2 10 9
7 7 1 2 8 1 4 3 7 5
5 2 2 9 6 8 1 7 5 9
7 7 5 4 2 10 10 2 1 2
8 3 10 8 10 3 1 3 5 2
3 1 5 7 2 2 4 5 5 3
5 5 6 6 7 5 2 3 4 10
10 5 9 1 9 9 1 4 9 9
4 10 4 9 6 7 7 2 10 7
1 7 6 7 8 4 10 2 2 10
4 1 3 10 6 7 5 2 8 4
9 1 7 6 3 6 3 8 6 10
1 3 10 5 8 3 3 1 5 3
10 6 1 8 7 5 4 8 8 7
10 10 5 5 2 5 1 10 4 5
10 4 6 1 9 3 5 5 4 4
8 8 4 8 5 3 10 3 5 4
3 5 8 2 7 10 10 6 1 10
2 10 9 9 10 6 5 4 8 7
8 4 1 4 5 3 10 3 10 6
10 5 5 7 1 6 5 6 1 3
6 5 7 1 7 10 4 9 10 2
2 9 10 6 10 4 4 8 7 3
5 10 5 2 6 4 9 10 1 7
5 8 1 6 3 10 9 10 3 6
7 4 7 7 3 3 1 9 5 10
8 3 7 4 6 2 6 10 6 5
9 1 7 9 3 2 4 4 7 2
4 1 4 9 4 9 3 8 3 2
9 2 6 6 9 1 1 3 10 3
1 4 9 7 1 2 3 10 8 3
10 8 8 7 6 2 5 9 6 3
1 8 2 2 5 7 9 7 1 6
9 2 9 5 8 1 3 10 2 7
2 10 3 6 10 9 4 2 1 4
6 8 9 5 9 9 9 2 8 3
4 2 8 8 4 8 9 3 8 7
1 3 6 2 3 4 2 10 2 10
4 2 7 10 9 3 6 1 10 5
1 6 9 8 1 3 6 5 9 1
10 4 9 9 7 6 1 9 8 8
6 9 4 4 8 4 5 1 5 6
1 8 6 9 9 8 3 7 8 9
5 9 5 3 9 8 4 1 5 1
9 3 2 8 4 8 8 5 7 8
2 2 10 5 8 10 9 4 5 7
8 9 1 10 4 7 6 5 7 8
2 7 10 7 7 2 8 4 5 4
3 7 6 6 10 8 10 3 9 2
1 8 8 3 7 1 6 2 7 7
6 1 2 2 8 6 5 2 10 1
6 5 9 5 8 2 7 10 8 5
5 7 9 9 6 5 6 1 1 7
5 2 6 9 8 4 3 7 1 3
5 4 4 10 7 10 10 3 3 10
3 6 9 6 9 3 10 5 2 6
4 7 8 5 7 6 1 3 4 8
9 7 10 8 8 10 3 5 6 6
6 3 1 3 10 6 6 3 1 7
2 5 8 7 7 3 2 3 4 7
4 7 8 9 4 4 5 2 5 2
8 3 9 3 5 4 2 6 10 5
7 3 2 8 6 10 3 4 8 3
7 7 7 4 5 4 1 3 7 6
1 9 9 5 10 4 4 9 1 8
10 9 7 4 9 8 4 4 3 5
10 6 9 2 3 3 10 2 1 7
5 7 4 9 5 10 1 1 9 5
7 6 4 6 10 6 8 8 9 3
1 9 6 7 10 5 3 4 8 5
3 8 4 2 2 9 2 4 10 5
1 5 8 6 3 1 7 9 1 1
2 4 9 5 6 2 10 10 1 5
4 1 8 10 9 5 8 1 1 6
8 7 8 7 1 9 10 2 8 3
5 5 8 6 7 3 6 6 1 3
9 9 3 8 5 3 4 9 3 9
9 1 8 7 10 9 2 3 4 10
4 10 10 7 1 10 8 2 2 1
5 4 10 3 10 6 2 6 3 10
9 5 3 7 7 8 8 5 1 2
7 9 6 9 6 2 6 9 3 1
