n 100
m 10
cap 50
Processing
12 31 8 23 50 86 76 19 32 70
76 55 100 65 66 54 39 73 36 18
66 88 58 24 18 56 81 39 62 74
64 76 91 86 94 42 37 16 8 62
48 39 97 21 32 80 32 52 13 70
10 62 31 21 69 56 59 54 44 25
74 78 89 76 41 75 45 8 24 71
48 44 38 26 100 44 27 78 59 99
2 23 56 39 7 31 66 47 44 25
40 86 88 65 90 59 50 52 6 64
95 11 67 100 15 37 63 26 6 78
97 4 75 44 54 30 90 18 33 55
5 80 50 34 82 34 81 1 36 50
2 15 41 28 88 23 27 80 10 42
69 34 53 59 49 73 14 23 70 51
39 95 43 13 5 58 14 2 33 46
62 96 40 87 62 46 22 66 61 16
26 19 64 63 82 70 48 23 53 50
60 45 69 25 21 22 5 34 13 31
3 42 97 75 55 34 96 13 20 16
87 33 94 38 88 5 93 20 80 9
66 14 15 23 10 55 36 92 40 53
95 7 56 97 79 86 85 94 96 12
81 65 20 94 97 70 62 28 12 94
98 58 62 35 77 31 9 41 90 77
56 3 76 75 86 50 95 53 50 92
43 78 62 39 64 16 4 40 8 85
75 8 15 2 2 75 97 38 35 41
99 59 72 73 19 91 30 68 72 82
55 89 11 97 81 99 37 82 14 92
17 38 34 4 14 25 19 77 79 96
20 74 18 44 83 84 62 30 40 78
8 55 61 16 60 80 88 16 54 36
31 81 53 11 12 47 34 89 6 42
99 78 74 82 91 92 17 64 36 36
43 17 12 92 80 82 76 3 74 11
21 53 70 69 1 42 74 6 90 47
45 21 55 95 72 91 76 90 32 21
87 69 72 67 21 62 16 1 67 16
26 41 66 17 100 82 56 73 11 95
72 19 71 85 28 53 42 44 6 54
21 92 20 45 47 68 83 20 11 94
20 68 42 47 61 49 86 12 6 34
95 41 77 40 69 6 99 61 64 2
72 33 49 48 68 14 71 22 28 94
6 51 15 66 40 39 71 12 16 60
15 39 32 9 8 41 15 93 80 31
27 67 17 96 76 91 46 40 37 65
65 15 54 33 8 48 57 41 27 51
99 32 27 30 57 18 8 84 87 100
54 71 6 73 57 20 4 66 41 53
90 7 71 39 94 94 16 70 40 81
8 25 86 96 33 59 27 37 82 66
69 33 87 94 40 92 66 42 80 97
93 70 57 59 53 89 60 83 94 74
6 97 58 45 40 44 45 49 2 90
2 78 23 6 13 40 82 1 1 68
65 63 15 33 26 98 86 82 57 94
73 18 19 33 83 26 87 38 30 13
15 51 24 6 98 76 3 21 81 6
18 3 18 78 21 51 91 97 37 94
9 20 99 7 97 61 92 68 13 93
71 91 98 100 87 7 90 39 42 24
82 64 4 2 31 37 7 71 6 65
97 41 55 78 65 95 35 71 78 60
59 87 54 51 33 90 76 3 5 57
96 99 67 5 79 28 49 3 79 51
5 29 80 89 98 9 49 68 4 82
86 100 82 40 24 47 15 6 71 30
64 60 76 2 19 60 31 63 73 62
61 2 66 47 47 61 51 82 89 8
74 47 56 59 60 98 43 1 32 62
64 32 25 81 78 43 37 37 14 62
30 50 32 19 12 97 94 89 66 81
37 12 42 50 10 66 65 11 57 55
9 29 43 65 19 35 73 97 48 36
59 73 59 89 72 29 65 3 6 10
50 12 58 88 93 61 35 9 70 56
39 37 71 82 2 77 22 16 6 93
59 1 52 22 79 91 9 12 77 34
56 24 87 67 52 83 28 70 64 88
30 93 17 16 70 97 16 40 49 45
6 16 42 9 71 29 83 55 98 49
27 98 90 33 51 3 73 8 75 2
12 4 21 98 99 69 6 78 20 85
73 31 29 13 48 22 12 51 32 14
26 70 8 6 92 73 69 51 86 85
56 40 69 82 83 46 90 10 81 88
12 73 61 20 17 35 55 11 60 17
82 82 70 69 8 38 69 29 63 85
5 84 10 19 56 56 63 13 10 84
95 78 100 82 6 36 2 5 53 82
78 71 97 84 31 11 12 52 23 2
56 68 35 9 28 53 83 22 29 12
13 33 98 56 51 70 73 61 67 43
16 15 26 47 47 1 68 35 40 49
63 44 10 27 57 4 83 47 38 87
73 19 54 22 80 3 3 89 95 35
63 93 87 78 96 29 41 52 62 76
79 20 9 15 100 15 35 54 63 49
Size
7 3 3 8 8 8 7 2 8 10
2 1 7 3 1 10 10 6 1 1
8 3 3 9 5 7 9 3 3 4
5 9 9 4 8 8 6 3 1 10
10 7 2 5 4 5 10 8 10 7
6 6 2 7 1 2 7 10 6 9
10 2 4 8 10 8 9 8 10 7
4 3 7 6 9 10 7 3 8 1
4 4 8 9 4 9 6 4 6 4
6 3 6 10 10 8 7 4 7 3
10 4 4 3 3 1 2 2 8 6
2 6 1 6 5 1 5 8 3 4
9 8 8 6 8 5 1 6 9 3
8 7 1 4 6 8 2 8 2 4
2 10 5 1 8 8 10 1 6 9
9 7 2 10 8 1 5 10 3 6
4 10 4 4 8 4 2 8 1 10
6 10 3 2 10 5 3 10 8 4
10 3 5 4 7 2 6 1 10 10
8 8 2 3 7 3 8 6 4 8
4 7 7 1 4 3 6 1 5 4
3 4 6 5 3 7 5 10 6 7
2 5 4 10 9 8 8 7 10 4
2 3 6 9 2 9 7 10 10 10
6 1 3 5 5 4 1 1 7 2
8 2 1 5 8 7 9 9 5 6
7 9 10 4 2 7 2 1 7 2
9 1 10 1 4 6 10 1 6 1
4 9 4 10 2 3 1 7 2 2
3 4 6 7 1 9 2 6 10 1
5 9 5 10 7 3 6 9 8 4
6 5 3 4 2 4 2 9 2 3
7 2 8 5 7 3 6 8 6 5
4 4 9 3 7 5 8 10 2 2
1 3 1 1 7 5 2 7 4 4
7 6 10 1 10 1 5 5 4 9
3 5 7 7 10 6 9 1 7 10
5 6 5 7 2 10 9 6 10 4
9 3 7 4 7 6 7 10 4 2
4 10 4 5 8 4 8 10 10 5
9 5 8 4 5 9 6 6 6 8
5 5 10 8 3 3 5 4 7 1
9 2 5 7 3 9 6 3 3 8
10 8 4 9 1 8 9 9 7 3
9 8 5 1 9 3 3 9 3 2
9 10 3 5 5 9 9 9 6 10
10 3 8 7 7 7 8 8 8 6
1 5 7 7 5 1 3 2 2 7
10 8 6 2 8 4 7 1 10 8
5 2 9 2 1 9 3 3 9 3
9 1 10 6 6 6 4 3 5 2
3 7 3 2 4 2 9 8 7 3
7 2 10 9 5 2 2 2 10 2
4 5 4 4 2 4 2 1 4 5
9 10 7 7 8 10 4 3 2 1
3 9 3 2 5 10 5 8 2 1
8 6 3 3 7 8 1 2 3 6
10 8 6 5 3 8 3 9 1 1
9 6 7 7 1 9 1 6 10 4
4 4 6 3 2 8 1 10 1 5
7 8 9 8 4 5 4 4 1 6
10 10 4 4 1 9 1 8 2 1
7 8 1 4 10 4 6 7 6 1
10 9 10 7 10 6 4 8 9 3
8 10 1 5 3 9 1 9 8 3
3 2 2 9 10 10 4 10 9 3
8 4 8 6 2 7 6 2 7 6
1 9 2 7 9 2 4 10 8 8
7 9 1 4 6 3 9 4 6 8
9 4 9 9 3 10 6 10 9 5
7 9 3 7 1 5 9 2 7 3
9 3 3 10 4 6 9 6 10 10
2 2 7 4 4 8 6 7 9 5
6 8 9 4 7 9 1 4 5 5
2 1 10 2 4 2 7 4 8 8
2 7 7 8 6 4 3 7 10 9
5 9 2 4 2 10 10 9 7 5
3 6 4 8 6 1 6 2 6 3
5 9 5 10 3 5 6 9 8 3
10 1 8 4 6 10 3 10 9 1
6 1 8 1 2 4 10 3 3 6
3 10 9 7 4 4 7 10 9 1
5 8 1 6 8 5 9 7 9 2
8 3 8 2 9 5 4 2 1 10
9 6 6 4 5 2 3 6 2 7
6 1 3 1 9 4 10 8 5 6
3 8 5 6 7 5 1 10 8 10
10 1 4 5 10 3 1 7 5 3
3 9 5 6 3 9 5 1 8 4
5 10 10 10 4 8 10 9 1 7
5 1 1 6 3 3 10 9 10 10
9 10 5 6 7 9 7 2 7 5
7 3 2 3 4 6 1 10 10 2
5 1 1 5 4 8 8 5 9 8
10 3 5 7 9 3 5 1 3 1
5 7 6 2 3 9 6 8 6 1
9 2 7 10 6 4 7 1 1 1
3 6 2 7 2 10 8 7 8 5
2 4 8 3 9 6 7 7 10 6
6 3 6 8 6 8 4 8 1 10
