n 100
m 10
cap 50
Processing
79 99 29 6 98 61 9 25 33 12
34 80 9 25 22 91 47 64 91 46
59 22 41 97 34 12 61 36 61 99
86 43 50 19 31 4 52 77 97 46
72 30 7 86 56 14 50 32 60 97
94 58 100 1 25 14 80 23 46 68
69 16 46 93 43 39 33 20 52 66
18 33 34 12 67 36 16 51 29 66
36 72 89 6 27 58 55 76 93 50
7 23 13 32 33 93 56 3 57 29
27 43 1 92 89 30 6 55 82 32
94 22 23 100 39 18 49 81 47 70
16 74 63 52 40 67 71 41 89 49
83 86 26 87 91 13 14 97 34 5
69 98 26 46 2 57 75 75 68 88
43 27 16 13 86 92 5 58 87 55
12 74 12 70 66 78 1 61 81 76
6 50 49 26 82 11 3 32 57 80
16 12 52 83 76 79 93 50 57 78
5 13 45 93 32 98 17 100 65 63
67 4 84 3 98 70 54 70 62 53
59 1 45 20 19 32 72 28 41 58
55 64 84 100 77 11 39 47 62 8
97 84 42 9 75 79 50 20 32 31
45 21 28 72 26 88 30 37 36 29
24 72 41 41 99 77 75 10 68 39
86 42 20 29 69 53 87 71 11 73
50 65 17 21 78 72 99 100 48 11
9 87 95 77 37 45 7 57 35 25
59 85 40 73 23 49 22 50 36 4
92 53 51 28 70 3 59 88 4 89
81 69 54 23 13 90 67 44 58 84
64 44 70 22 69 65 28 69 71 97
18 30 46 7 17 10 94 52 92 30
4 24 64 80 49 10 86 34 41 30
89 18 98 36 79 53 29 50 40 94
23 33 41 71 62 73 27 16 97 93
84 46 40 83 68 55 5 64 18 50
14 75 34 100 51 69 92 22 54 50
92 24 2 11 56 49 7 8 40 86
80 54 99 51 60 88 55 59 40 36
2 46 22 51 45 6 6 97 73 80
30 87 56 82 59 7 32 60 7 64
44 8 92 87 9 64 24 89 61 65
21 31 34 68 62 40 76 47 33 54
74 38 70 7 97 94 85 97 68 2
79 96 99 96 19 12 10 55 80 14
23 58 85 80 29 54 10 58 27 77
7 22 61 80 64 31 61 23 52 72
44 13 89 65 34 23 56 32 82 13
84 43 35 22 12 53 5 13 89 56
16 51 13 65 89 12 74 93 18 37
17 12 7 40 84 45 69 58 1 6
3 76 10 77 53 51 6 54 49 16
7 7 20 71 71 80 56 99 62 73
72 3 38 21 82 81 19 53 6 44
17 99 52 20 20 22 72 96 92 72
76 99 59 79 37 40 92 65 79 52
85 67 46 11 15 10 30 5 40 80
81 79 9 31 87 59 85 58 73 81
11 70 12 52 68 34 68 12 85 38
11 59 37 88 42 38 85 8 89 83
39 5 91 23 48 73 96 62 35 16
81 22 61 52 11 59 68 17 83 45
1 26 12 2 92 54 30 66 28 64
61 77 29 40 20 18 81 97 3 37
71 69 49 88 57 1 72 68 28 97
16 12 9 33 83 36 75 15 60 10
19 93 21 80 2 1 51 9 80 49
34 11 94 51 42 93 50 4 43 68
62 11 72 22 36 92 51 47 13 75
2 72 10 41 49 36 99 68 11 5
48 24 29 77 74 76 1 79 3 48
51 41 72 81 39 96 77 63 50 91
33 72 94 22 18 9 86 74 55 86
27 46 24 80 34 63 20 84 85 20
47 90 87 71 62 7 18 44 42 8
95 95 67 24 88 13 11 29 32 6
72 10 96 21 54 16 78 28 73 87
43 80 32 62 18 69 42 90 54 29
68 38 97 31 30 21 60 84 9 43
42 51 69 1 35 19 96 50 38 15
58 24 70 62 18 67 51 24 14 75
98 80 38 45 19 62 37 48 17 3
38 24 82 22 49 73 55 88 39 3
6 28 53 59 4 1 58 53 26 89
18 79 86 91 36 10 66 98 73 78
39 54 25 75 34 51 83 37 20 100
71 33 36 16 35 100 64 80 98 84
73 70 54 5 71 18 44 37 61 80
33 8 34 98 82 100 41 97 43 80
81 34 45 15 67 55 70 82 53 65
87 21 31 54 3 68 35 63 66 19
43 15 70 86 100 22 69 95 80 38
49 14 65 39 10 92 48 22 6 11
53 86 62 78 30 78 17 29 76 46
65 76 6 92 78 74 29 62 66 39
48 13 28 71 82 95 81 61 75 34
9 51 23 12 28 94 35 69 70 57
96 32 10 62 100 16 24 48 26 78
Size
4 1 2 4 8 6 1 8 3 3
9 10 10 5 9 1 8 5 6 3
4 6 5 8 10 8 6 9 10 4
8 10 4 8 5 7 4 9 7 6
3 8 3 6 2 1 9 5 2 6
6 9 2 7 2 9 8 4 7 9
6 3 7 3 8 6 3 3 2 5
6 3 7 8 3 6 5 5 6 3
2 4 4 5 10 5 4 7 1 9
5 7 2 2 4 2 4 10 5 10
2 6 4 10 7 10 4 9 7 7
1 3 3 1 2 10 6 1 4 8
3 1 8 1 8 8 2 1 7 7
7 4 10 5 6 5 1 7 1 6
7 2 3 1 3 8 2 7 5 8
3 1 1 4 9 6 4 2 7 3
6 4 5 1 2 1 3 2 3 10
10 2 3 9 1 8 9 9 5 1
9 3 4 10 6 3 6 9 6 4
9 10 8 9 6 4 5 5 7 1
6 8 4 6 2 5 9 7 4 8
8 7 2 4 9 1 10 3 7 7
10 8 9 2 5 2 1 10 2 8
6 7 3 2 10 4 7 4 2 7
10 5 9 6 9 4 3 3 1 5
4 9 8 5 6 8 10 9 4 9
8 9 8 7 7 4 10 3 6 3
9 7 1 1 9 4 7 2 9 9
4 2 9 6 8 7 9 4 7 5
6 7 4 9 10 2 2 6 8 1
5 7 5 3 3 3 3 3 9 6
8 4 10 9 5 2 6 7 6 8
5 9 6 4 4 1 6 3 2 6
4 1 6 7 8 2 2 9 5 3
6 6 5 3 10 5 1 1 10 10
10 7 4 6 5 10 6 7 8 9
1 2 7 9 3 7 2 7 9 5
6 7 3 1 6 10 9 8 5 7
8 9 9 6 1 10 5 1 5 10
7 1 4 4 4 9 3 2 1 2
3 2 9 7 8 4 5 9 8 6
2 1 1 8 8 3 8 10 2 10
7 1 10 7 9 6 8 7 7 8
8 8 4 5 10 1 4 10 1 3
7 1 6 4 10 9 4 7 1 1
2 5 10 4 5 1 9 4 4 3
4 10 2 5 2 4 6 3 7 1
2 6 10 3 4 4 7 8 4 8
5 6 6 10 4 4 4 4 10 1
4 5 10 7 8 1 8 2 5 7
3 3 1 4 3 8 3 5 6 5
3 5 2 10 5 10 5 8 10 6
1 1 9 1 4 4 4 3 3 4
3 7 8 2 8 6 7 5 8 2
4 8 8 8 8 1 9 4 9 6
8 5 10 1 2 3 5 10 6 2
10 10 3 8 1 9 4 4 6 9
2 6 1 10 4 5 7 3 7 2
4 2 6 1 4 1 3 1 10 7
5 2 6 7 4 4 2 4 10 2
10 7 7 9 1 4 2 2 6 4
6 9 3 5 2 4 2 9 7 4
8 7 5 8 7 2 8 1 1 9
4 8 6 9 3 8 4 10 1 2
2 7 8 1 6 9 1 4 7 3
8 9 3 5 8 10 5 6 4 2
5 9 7 10 10 5 6 4 6 7
10 10 10 4 3 1 7 2 1 10
9 8 5 10 9 6 8 8 5 6
2 10 1 6 5 1 7 3 9 5
2 7 3 10 7 1 1 9 5 9
6 1 3 10 2 6 4 9 4 6
5 3 8 9 5 3 1 9 8 6
1 5 9 7 1 5 5 7 7 2
2 3 9 3 9 8 3 5 8 5
9 3 9 5 4 2 3 1 10 2
9 2 1 6 3 9 6 1 3 5
5 5 5 9 8 4 2 9 9 2
5 4 2 5 5 4 3 4 5 3
1 9 2 3 4 9 1 3 2 7
9 5 10 7 2 10 9 1 9 8
3 6 8 10 5 1 3 10 7 6
1 8 10 6 9 10 1 8 5 9
3 10 8 3 1 6 5 3 9 5
3 3 10 7 10 6 5 6 7 9
3 9 9 2 5 9 7 7 8 8
4 2 5 6 10 2 8 4 2 2
1 4 3 7 3 8 9 9 3 10
4 6 10 4 4 8 4 2 9 7
3 6 3 3 8 6 8 3 7 5
9 6 4 5 9 3 5 9 10 9
5 1 2 2 2 9 3 6 9 1
10 5 10 8 1 10 5 4 4 3
9 4 1 10 2 7 6 8 10 1
4 8 2 7 10 5 9 5 4 10
5 7 1 3 8 9 7 3 5 6
9 8 6 4 9 7 8 7 5 2
9 2 1 6 7 5 8 5 1 8
7 5 2 4 10 2 1 2 7 10
8 2 8 8 10 6 6 7 1 7
