n 100
m 10
cap 50
Processing
9 60 72 71 93 53 92 21 43 44
57 24 11 97 34 31 40 33 13 45
29 29 9 88 76 52 86 33 23 48
87 16 19 20 30 15 53 54 69 29
9 56 2 66 42 63 79 70 97 33
68 16 54 13 79 55 91 68 49 91
31 75 100 78 13 29 53 18 77 1
53 60 79 53 44 28 33 44 89 94
77 4 1 53 18 27 46 46 93 74
80 11 89 91 88 65 89 50 55 19
20 22 34 99 78 58 91 25 68 10
20 64 31 34 43 4 95 14 5 77
67 12 15 8 81 50 22 52 4 56
39 74 70 92 34 34 96 91 15 61
61 17 47 35 64 20 30 93 78 38
42 6 79 70 37 64 37 51 1 37
54 41 24 16 27 60 15 8 95 19
60 91 94 96 78 51 88 98 1 48
9 41 6 89 79 35 47 34 1 60
4 68 62 47 72 46 53 1 62 50
32 64 29 72 4 65 47 23 47 99
16 90 63 71 62 25 53 88 32 86
49 65 64 63 87 13 38 76 61 76
96 46 5 66 45 17 65 36 10 43
59 47 23 66 23 50 41 56 77 33
23 8 51 50 99 50 92 73 12 17
31 80 64 14 15 51 80 94 59 55
30 8 34 30 6 12 77 85 86 51
25 44 73 88 11 78 52 11 50 85
50 24 74 59 94 43 50 63 6 46
52 23 78 47 35 32 57 64 55 46
97 66 58 17 94 11 73 58 87 75
65 71 19 70 11 42 63 68 13 66
26 15 38 8 93 100 92 58 31 35
95 28 38 18 84 75 91 85 91 48
7 82 87 15 28 60 95 50 49 100
74 87 65 65 31 17 78 18 58 74
38 51 50 50 69 1 85 32 20 95
39 4 22 62 87 86 87 36 9 46
26 81 83 43 12 86 53 49 74 61
26 60 31 66 69 83 90 24 10 76
48 47 57 33 88 36 81 25 62 43
18 6 79 22 13 54 28 49 28 71
9 29 75 6 10 55 67 20 34 19
48 53 42 84 18 36 67 100 37 89
48 81 56 4 17 72 47 57 22 2
77 28 82 95 26 5 18 25 92 7
40 67 70 33 64 66 9 42 44 86
30 99 87 91 27 10 59 60 31 83
47 43 94 54 89 96 30 95 81 98
45 49 9 5 39 4 59 69 80 66
98 92 8 91 12 11 100 15 49 92
78 94 30 7 9 3 38 1 98 17
72 43 71 70 66 43 55 94 31 87
66 81 33 3 58 37 73 98 90 57
27 21 4 34 44 86 30 61 51 35
71 51 85 98 34 98 64 62 96 58
11 43 28 39 38 30 68 93 9 98
64 77 81 45 85 83 34 46 99 96
31 68 6 77 43 37 52 33 89 52
64 54 45 40 42 37 90 38 100 24
2 45 42 100 98 91 64 98 94 17
39 13 39 90 12 87 23 68 89 26
30 63 13 8 55 66 8 4 54 31
54 100 61 90 49 49 11 69 6 67
59 40 18 4 57 17 1 69 65 50
41 48 11 1 60 90 95 61 14 31
28 68 19 10 42 36 91 99 90 76
38 39 84 38 13 100 58 66 26 76
36 57 58 4 94 55 21 13 94 36
9 71 81 51 72 67 85 68 6 83
82 66 62 91 37 40 69 14 58 53
81 88 71 94 91 81 10 92 10 42
49 68 24 93 2 39 59 6 65 82
35 3 68 92 1 24 56 57 52 87
74 26 5 15 88 95 6 98 43 93
81 8 49 95 92 80 68 83 76 44
34 76 85 77 83 13 38 88 15 24
64 67 27 7 70 70 58 68 66 70
15 68 71 32 22 87 58 97 43 79
67 62 73 68 2 81 50 53 92 46
98 100 11 5 88 53 38 80 63 96
42 67 39 73 39 2 57 26 38 84
89 45 76 21 65 39 34 9 93 6
92 100 62 100 82 7 90 16 93 38
62 49 24 73 62 81 99 23 31 77
41 62 16 30 55 38 76 73 18 32
47 70 13 60 97 94 24 69 85 50
51 39 91 60 7 31 84 92 74 87
91 32 87 21 30 89 59 56 61 46
54 2 40 61 94 22 96 19 91 72
14 41 17 43 83 24 84 9 23 94
16 32 41 48 69 76 48 63 43 73
31 25 32 3 28 67 77 98 28 31
88 8 22 23 26 97 18 89 64 42
2 1 1 6 38 77 79 24 82 98
29 68 73 99 2 39 57 93 84 61
12 44 29 28 100 26 18 32 98 89
90 25 24 58 36 15 27 8 40 19
98 81 30 99 6 19 51 9 23 59
Size
8 2 1 1 1 10 8 9 9 2
9 5 8 7 3 3 6 9 10 7
5 10 10 1 2 1 4 6 6 9
3 6 5 4 3 4 10 10 5 8
2 6 5 8 5 10 7 7 9 9
1 5 9 8 6 9 5 8 4 10
2 4 3 9 7 4 2 1 7 3
4 1 4 9 3 8 10 4 8 6
6 2 9 7 6 1 9 1 3 8
5 1 2 5 8 9 1 8 1 2
8 8 6 10 1 3 5 8 1 1
10 7 7 5 6 3 8 3 10 1
2 1 7 7 7 7 2 7 4 3
6 10 3 6 8 7 2 1 5 2
4 9 2 3 8 5 9 3 1 3
9 1 3 8 8 8 5 2 7 9
6 4 1 5 8 7 8 3 9 5
3 10 4 1 8 7 1 4 1 7
3 7 8 7 2 10 6 3 9 6
5 1 2 4 10 1 6 7 7 4
10 10 2 4 1 6 8 7 4 8
4 1 5 9 1 1 7 3 3 6
9 2 8 3 9 6 7 5 7 3
10 2 6 9 1 8 4 6 1 3
3 8 9 9 5 10 10 3 9 8
3 10 2 2 4 5 3 2 10 8
3 2 2 8 8 10 9 7 8 4
1 4 5 10 8 10 5 5 4 6
7 9 8 2 2 1 1 4 1 8
5 5 1 8 4 3 5 9 2 5
7 4 7 2 8 7 2 7 7 10
6 6 2 8 7 10 8 5 4 1
5 7 8 5 4 3 6 2 4 9
10 9 6 6 1 1 3 8 2 3
10 3 2 5 7 10 3 7 8 9
10 8 3 4 10 7 5 5 10 8
5 6 8 1 2 1 7 1 3 4
8 9 2 1 10 3 1 6 2 1
3 4 9 2 10 4 10 7 7 3
3 7 3 4 9 4 10 4 8 6
4 9 4 3 1 7 9 3 10 8
1 8 6 2 6 4 10 5 3 8
9 8 9 2 6 1 8 2 9 3
4 5 10 1 3 5 1 1 3 1
2 1 1 10 1 9 3 6 6 2
10 6 2 6 8 1 2 8 10 2
7 2 6 8 5 2 10 9 3 7
10 10 6 3 3 4 7 2 9 8
9 9 4 6 5 1 7 5 2 3
4 3 2 1 6 1 7 8 3 4
9 3 2 4 2 10 9 1 4 10
10 8 2 7 5 3 1 6 6 8
2 5 1 8 8 9 3 1 2 2
7 9 2 10 2 10 9 5 6 4
5 8 5 5 3 1 1 8 7 10
7 4 9 7 6 4 5 10 8 8
7 4 5 4 4 7 1 1 5 2
6 6 1 7 10 2 10 1 9 2
10 8 10 8 9 1 1 4 8 2
6 4 3 1 5 8 3 8 1 7
9 9 9 4 9 4 10 10 1 8
6 4 5 9 5 10 10 1 5 2
3 7 9 3 3 10 6 4 7 8
2 6 2 10 2 6 8 5 7 7
3 7 4 10 5 10 3 6 9 5
7 6 5 8 9 9 10 6 6 6
6 5 4 9 5 8 4 6 5 5
7 7 7 10 7 7 8 2 8 5
9 5 2 9 3 3 8 1 6 10
8 6 8 1 6 9 7 1 3 2
8 5 4 9 10 9 9 4 7 7
1 3 5 1 2 9 3 8 5 5
10 8 10 6 4 5 6 8 2 9
2 10 6 2 2 6 10 5 10 8
3 1 10 6 8 2 2 2 6 2
5 2 4 3 6 9 3 4 2 4
2 5 3 9 2 1 8 8 6 3
5 1 1 10 9 2 9 5 9 5
7 6 3 1 3 9 8 9 2 8
5 7 2 10 1 10 2 8 3 8
2 1 4 5 2 8 2 5 3 1
6 5 3 4 10 1 6 5 7 6
10 9 9 3 8 4 8 10 8 9
6 10 2 8 5 3 7 3 7 7
5 5 1 1 1 5 4 8 7 4
10 10 8 2 9 7 4 8 10 6
5 2 8 8 1 4 5 1 9 2
8 1 4 5 4 6 7 9 3 8
1 3 2 3 1 4 6 7 5 10
1 5 2 6 10 10 5 6 6 9
7 4 3 5 8 8 9 2 7 9
10 5 5 5 7 10 3 8 10 1
7 6 5 3 9 9 2 1 4 10
6 5 4 3 10 4 5 6 9 8
6 6 3 8 6 6 6 1 7 9
6 2 1 10 1 9 10 8 10 8
6 10 1 1 3 10 1 2 1 10
9 8 8 6 10 8 5 4 8 3
9 2 10 8 5 3 5 4 3 2
7 5 10 6 3 7 1 7 3 3
