n 20
m 5
cap 10
Processing
55 69 4 22 16
86 66 31 6 35
18 26 5 45 43
49 35 17 41 12
37 23 85 20 46
21 95 14 53 98
47 68 81 31 56
38 23 49 95 27
73 38 50 5 100
32 76 66 6 69
62 74 38 13 38
100 16 93 97 25
58 31 8 31 26
54 12 58 32 15
60 39 30 27 96
34 1 62 9 20
86 43 53 5 53
52 92 12 4 99
94 29 58 58 53
36 86 48 58 4
Size
2 6 1 5 10
1 8 9 6 9
10 2 9 3 8
6 7 9 9 4
9 4 7 5 5
10 3 8 10 6
9 6 6 5 4
4 5 5 3 5
1 10 2 4 5
6 1 1 9 7
7 4 10 2 7
3 4 9 9 4
1 1 7 7 4
2 10 7 4 8
1 7 10 6 4
6 6 4 5 8
7 1 2 10 5
4 3 10 8 1
4 10 1 3 3
8 8 4 9 3
