n 20
m 5
cap 10
Processing
4 90 25 83 5
50 66 98 61 54
81 55 33 7 89
59 69 16 77 8
10 63 79 34 48
92 34 17 69 36
28 51 83 82 15
27 58 32 35 49
97 88 3 56 29
19 17 16 48 10
97 85 61 55 9
69 89 44 70 23
46 98 4 33 33
94 52 32 49 55
40 58 56 6 28
66 46 100 93 53
16 93 53 57 7
91 73 39 42 11
12 63 15 67 46
17 20 54 96 14
Size
8 9 9 8 6
6 6 5 1 3
10 9 8 2 4
6 10 4 3 2
1 6 1 6 9
5 9 10 3 9
5 2 7 3 1
8 8 3 6 7
5 5 2 10 7
2 10 9 6 6
8 1 10 3 7
7 4 10 9 5
4 3 2 4 8
6 3 10 2 2
9 4 2 3 10
3 5 10 2 8
4 1 8 10 4
9 9 7 5 6
7 6 8 1 9
7 1 4 6 2
