n 20
m 5
cap 10
Processing
50 23 38 72 9
83 62 98 33 40
80 61 2 52 71
60 5 81 39 70
40 12 68 94 35
47 45 63 23 73
15 9 15 79 96
14 89 44 16 93
32 55 31 65 26
40 25 95 68 64
40 92 8 3 33
24 18 29 93 70
75 41 54 19 7
85 86 10 32 21
48 69 47 65 92
53 98 67 86 1
7 1 64 63 32
4 67 38 6 54
19 9 9 95 30
31 35 53 26 58
Size
2 3 4 3 3
5 6 5 3 7
7 7 3 3 10
5 3 1 8 4
10 4 2 3 10
6 4 9 3 8
5 1 4 9 8
1 8 6 8 8
1 10 7 6 7
4 3 4 5 3
3 5 6 3 6
4 1 9 5 8
4 7 3 8 2
7 4 8 9 8
7 3 2 6 3
8 10 5 6 10
10 1 4 2 2
4 4 10 3 1
6 2 5 3 8
8 10 8 9 8
