n 20
m 5
cap 10
Processing
4 86 38 72 90
16 1 60 23 43
72 20 85 6 33
25 63 84 14 62
34 26 81 12 53
67 25 38 87 94
97 14 74 75 27
27 61 65 33 80
38 3 32 91 37
76 88 3 11 6
50 15 9 90 44
64 73 3 38 13
2 51 62 72 93
12 32 85 100 21
16 43 29 19 86
19 2 71 56 31
9 26 31 93 21
93 40 84 70 86
98 93 28 87 12
7 86 100 60 47
Size
7 2 6 4 4
6 5 9 7 1
5 5 1 2 7
7 7 1 4 7
1 1 5 9 5
5 10 1 3 10
10 6 2 4 5
9 4 1 8 3
5 10 9 2 8
8 8 3 5 4
1 7 5 4 1
9 8 5 4 5
1 9 6 9 7
6 5 5 8 7
6 2 4 1 9
7 4 5 6 3
1 5 10 9 2
7 8 8 6 6
9 2 3 1 5
9 5 8 7 7
