n 20
m 5
cap 10
Processing
77 47 74 91 19
31 92 45 59 51
48 12 32 32 8
21 67 30 60 2
54 43 54 63 78
30 95 70 89 60
55 74 83 49 4
33 57 6 5 38
17 51 73 84 72
72 3 70 79 70
42 33 28 31 58
64 3 32 41 41
85 70 70 27 9
56 61 100 11 77
85 41 23 8 77
51 84 29 59 36
89 53 11 71 64
27 7 49 32 96
2 73 21 28 75
21 1 14 63 95
Size
2 6 8 6 8
6 2 2 3 6
3 5 5 1 8
5 7 5 5 2
2 5 7 1 8
8 4 4 6 7
10 4 2 8 6
2 7 6 6 8
8 4 5 3 8
10 5 8 1 4
1 10 6 2 5
7 3 2 9 10
2 3 3 8 1
7 3 6 7 10
4 4 2 3 7
10 10 4 6 4
8 4 1 2 7
3 8 2 5 3
7 1 5 9 1
1 5 5 10 3
