n 20
m 5
cap 10
Processing
50 8 70 49 98
24 55 68 100 65
5 50 90 11 21
9 77 89 31 64
63 77 52 41 40
73 90 83 12 84
24 53 88 79 71
63 91 83 45 41
49 73 50 44 60
87 89 31 91 19
39 56 20 60 82
39 35 73 54 41
99 28 27 99 50
67 51 80 56 94
83 37 50 47 21
25 16 98 56 32
46 55 74 10 48
36 5 33 50 47
35 48 8 50 98
15 45 39 36 24
Size
10 4 10 8 2
7 7 3 1 9
2 2 9 10 7
6 3 10 4 5
7 9 2 8 2
4 7 1 5 5
5 1 9 9 9
7 8 10 7 8
8 8 5 10 7
8 2 5 5 3
6 6 10 7 4
4 1 6 4 1
9 7 7 9 7
7 5 7 2 3
4 5 2 3 4
5 5 6 7 9
6 4 6 7 7
1 1 7 2 7
6 4 8 9 8
7 10 6 6 2
