n 20
m 5
cap 10
Processing
71 59 81 62 77
31 53 97 92 6
71 90 27 14 34
53 72 92 98 25
34 8 83 49 71
3 96 90 38 21
53 65 71 2 78
49 21 42 69 73
23 62 59 32 34
8 90 39 83 91
23 35 57 88 70
16 31 42 36 45
78 85 26 33 35
50 43 60 51 85
16 100 76 49 33
94 2 20 29 35
66 7 17 33 6
65 10 92 43 83
49 6 20 78 54
63 51 10 74 97
Size
7 9 5 3 1
1 10 3 7 5
5 10 2 9 6
2 2 2 5 4
10 4 7 3 4
1 2 8 2 7
3 5 9 2 1
8 8 3 5 3
1 8 4 1 4
5 3 4 10 9
8 4 2 1 8
1 6 9 1 3
2 4 6 9 2
1 3 2 5 10
3 8 4 2 4
2 5 4 7 4
1 6 1 9 9
3 5 5 4 5
6 1 7 1 9
4 6 6 10 5
