n 20
m 5
cap 10
Processing
85 34 28 78 94
7 72 5 57 13
28 83 68 46 46
93 75 2 37 58
45 90 61 84 77
65 35 82 76 71
27 25 22 66 12
4 23 67 75 2
37 62 85 61 41
90 42 85 47 62
2 62 85 59 11
65 28 24 52 22
49 89 12 40 55
86 39 22 79 33
24 52 14 70 63
68 70 57 24 18
2 16 61 19 76
74 34 32 97 71
79 3 43 7 63
33 52 60 21 79
Size
3 8 5 5 5
2 4 4 10 7
10 3 2 8 8
5 7 6 8 3
5 2 6 8 7
1 9 4 7 9
7 5 8 10 10
10 6 1 4 9
4 2 10 1 2
6 3 9 10 6
8 2 7 4 3
8 6 3 7 9
1 10 5 9 1
9 9 8 1 10
6 5 3 8 2
2 4 2 8 7
5 9 8 2 9
10 4 10 8 3
3 9 6 2 4
8 8 9 5 3
