n 20
m 5
cap 10
Processing
91 66 89 25 68
5 91 15 26 48
5 72 69 37 2
62 58 47 40 18
34 73 4 98 85
83 98 56 90 57
60 37 30 30 46
67 95 7 83 90
57 43 2 86 74
6 52 37 3 84
7 75 81 38 7
14 38 77 24 4
46 48 74 75 88
2 9 55 25 56
65 67 22 3 35
42 5 93 17 62
11 8 100 37 21
80 77 87 55 85
36 5 33 61 88
50 29 36 36 60
Size
9 3 8 9 9
5 3 8 4 1
5 7 1 8 6
1 7 3 10 3
4 6 3 4 1
4 7 8 6 7
2 7 10 2 6
3 10 8 2 10
2 10 10 3 1
4 6 6 7 4
6 10 1 1 9
4 9 3 7 5
7 10 9 8 2
5 4 2 7 2
8 1 9 8 4
10 1 2 6 8
1 4 5 4 1
5 10 1 1 9
7 6 7 9 2
2 2 4 2 4
