n 20
m 5
cap 10
Processing
98 24 54 46 43
61 26 9 70 37
30 49 40 52 13
6 20 60 67 5
53 60 30 78 67
54 51 13 84 48
95 81 69 88 33
96 95 36 38 36
58 63 66 38 87
100 21 39 85 3
13 20 81 96 59
69 50 94 67 93
64 24 93 95 4
44 65 50 67 84
14 25 57 99 84
38 86 43 78 38
79 90 72 35 97
3 73 88 100 4
16 49 94 76 9
59 13 90 93 68
Size
2 4 4 7 10
4 6 4 3 9
4 7 10 9 10
5 7 5 2 7
5 5 8 6 3
5 10 8 4 7
6 3 7 3 5
4 2 7 1 7
4 1 3 4 3
1 8 6 7 8
6 2 6 8 9
1 7 6 3 4
3 2 1 2 2
9 7 9 2 10
3 3 9 9 7
1 10 3 10 8
2 1 3 10 5
2 9 7 3 4
7 9 9 10 4
2 4 3 7 1
