n 20
m 5
cap 20
Processing
47 50 73 84 14
56 33 6 31 22
67 61 51 8 25
46 59 12 41 68
19 82 1 31 39
44 69 65 20 73
45 77 66 41 37
13 97 84 53 48
71 66 88 69 85
54 22 84 15 75
85 45 10 57 79
17 53 73 31 48
95 14 93 14 25
64 71 29 66 34
22 97 51 22 48
13 43 38 88 49
74 84 79 91 30
77 24 98 48 39
33 11 2 100 37
8 3 80 71 100
Size
3 8 4 3 3
7 8 5 8 6
8 9 4 7 4
10 4 6 6 10
4 10 7 3 10
2 10 7 4 3
5 3 6 10 10
8 5 9 5 3
7 4 2 3 7
10 5 4 5 8
5 7 6 3 2
6 7 6 9 2
8 5 7 4 7
7 10 5 10 3
6 6 2 6 9
3 4 3 6 10
7 3 6 2 3
1 5 3 3 7
8 4 1 3 3
7 3 4 9 5
