n 20
m 5
cap 20
Processing
2 52 52 62 94
14 49 21 17 99
47 79 24 69 51
29 74 35 53 34
81 53 84 81 44
46 39 93 35 48
38 23 19 49 62
73 45 95 58 44
16 75 35 37 56
90 12 13 3 88
47 99 62 59 97
37 65 35 22 27
63 72 95 40 76
30 89 78 29 60
71 97 44 41 67
100 53 51 66 61
8 58 3 30 32
68 46 88 83 57
1 18 40 5 70
27 64 25 32 82
Size
9 1 3 4 5
10 9 2 3 8
1 3 1 4 6
5 9 10 5 2
1 5 10 3 5
3 10 3 1 7
4 3 4 9 6
9 5 10 5 7
2 7 5 9 6
7 8 10 3 5
2 6 8 10 2
9 8 6 3 10
9 2 1 7 1
2 8 3 6 4
1 5 2 9 4
3 6 8 6 5
2 5 9 2 8
4 7 7 4 9
3 1 4 1 10
1 7 7 3 1
