n 20
m 5
cap 20
Processing
81 84 12 98 49
23 52 71 39 86
51 73 10 25 46
37 61 52 32 36
87 11 59 24 62
18 49 33 90 15
89 62 80 100 91
28 8 7 54 83
21 97 37 20 19
44 10 65 57 87
34 31 78 42 65
33 9 1 76 59
11 10 20 92 40
31 58 11 76 89
40 82 36 2 71
98 74 10 16 78
65 88 65 42 99
37 56 1 1 65
53 5 48 74 35
25 47 17 84 39
Size
6 8 8 3 3
7 5 9 3 8
4 10 1 5 5
9 2 8 1 6
8 10 6 8 5
6 4 1 9 10
6 6 2 8 10
7 7 2 5 4
6 8 6 6 5
6 6 10 4 1
8 5 3 2 5
4 6 6 3 7
4 9 10 2 5
5 6 6 9 10
8 2 3 9 8
9 8 9 8 7
2 7 4 1 2
7 3 3 9 10
5 4 5 9 1
10 2 7 5 10
