n 20
m 5
cap 20
Processing
25 33 44 54 96
82 17 79 58 5
5 64 16 9 77
42 94 63 66 22
75 93 59 8 33
97 83 58 52 79
68 65 52 91 59
98 2 39 33 18
56 83 90 85 74
44 71 48 5 18
4 1 3 57 57
85 93 80 14 2
73 72 56 61 68
52 51 39 8 38
89 68 30 58 45
49 69 41 2 9
36 49 13 91 57
99 96 1 54 9
29 15 60 36 50
14 2 79 16 89
Size
4 2 5 7 1
7 3 4 3 8
10 8 1 4 9
5 6 6 9 4
2 1 9 6 2
6 2 2 1 2
7 3 4 4 6
3 2 6 6 3
3 2 8 2 6
2 7 7 6 2
7 6 9 6 8
9 10 5 4 9
7 1 10 5 8
1 4 8 10 8
5 10 8 7 7
4 7 1 5 6
2 6 6 10 2
6 2 6 1 1
5 10 7 8 8
10 7 3 3 9
