n 20
m 5
cap 20
Processing
35 79 97 96 40
30 65 18 73 1
84 41 59 98 53
2 94 79 57 33
71 14 68 71 90
26 63 74 47 70
3 12 36 66 29
45 18 53 43 85
70 14 89 72 69
74 5 40 68 51
97 66 89 37 52
8 6 80 54 21
43 73 2 98 79
4 100 57 21 37
19 84 12 66 24
50 24 96 55 42
42 25 37 39 100
79 19 38 74 31
73 26 38 29 52
54 92 51 29 2
Size
8 1 7 10 4
7 1 10 10 4
7 7 9 6 10
9 9 9 1 10
4 3 7 10 7
9 3 5 2 8
8 10 8 5 9
10 6 5 10 5
10 10 4 4 10
4 2 1 4 5
8 8 1 6 1
8 4 1 3 10
8 1 7 10 3
5 2 1 6 7
8 2 2 10 4
6 6 9 2 9
2 9 1 8 7
5 4 6 9 8
10 1 1 9 10
1 4 7 2 8
