n 20
m 5
cap 20
Processing
40 18 22 10 26
59 7 94 100 99
48 87 3 9 94
63 41 41 78 54
73 40 89 43 41
4 41 9 12 17
51 6 56 38 15
99 39 24 100 7
92 9 54 46 45
87 78 97 33 62
98 78 35 19 10
78 91 86 18 23
55 46 13 16 23
77 48 73 35 24
48 66 79 10 47
9 84 91 76 86
68 91 9 50 48
4 49 53 66 53
70 27 86 44 94
35 84 60 43 32
Size
5 3 8 6 9
4 5 1 5 3
8 8 5 9 10
4 2 6 1 10
8 5 8 2 8
9 7 7 8 6
8 9 10 5 9
5 5 5 7 5
10 6 3 1 7
1 9 7 8 9
10 6 2 10 7
5 2 1 7 7
1 3 6 5 8
1 4 3 6 1
2 10 10 2 6
7 8 7 8 7
1 8 6 10 9
8 9 6 8 7
4 5 7 1 6
1 2 4 6 5
