n 20
m 5
cap 20
Processing
1 49 87 32 42
72 24 38 88 85
75 93 87 98 55
25 85 18 95 91
57 43 15 94 36
22 37 42 22 11
31 92 19 82 76
42 37 58 99 63
19 95 6 52 44
19 22 24 94 75
98 16 57 22 72
24 7 25 18 45
68 98 38 39 31
45 4 88 36 50
32 65 74 72 56
3 23 78 52 100
56 71 17 100 87
18 78 6 70 66
2 46 78 21 71
5 72 83 83 6
Size
8 6 5 9 8
4 4 7 5 9
6 7 3 5 10
2 3 7 4 6
5 10 10 9 8
2 7 9 6 9
8 3 5 2 8
2 9 4 10 9
10 4 6 6 7
10 2 4 4 7
8 8 2 1 3
5 8 9 9 9
7 6 4 9 1
7 4 5 2 8
9 8 8 1 6
7 7 5 3 3
6 10 8 1 5
10 4 7 6 9
8 7 10 3 6
5 7 4 10 8
