n 20
m 5
cap 20
Processing
40 43 100 7 90
32 98 1 42 88
84 84 89 28 47
78 63 54 81 42
38 45 56 9 79
2 54 12 62 77
37 49 74 64 88
54 9 16 32 13
13 83 29 31 69
91 65 25 7 30
90 38 45 2 76
1 85 29 37 86
32 3 65 57 42
31 60 59 41 78
95 35 17 66 43
84 87 4 39 23
41 57 34 21 40
3 63 79 21 93
44 36 85 99 75
28 68 51 52 57
Size
3 3 7 8 2
8 1 10 6 2
10 3 7 6 5
5 4 9 6 5
1 9 3 3 2
4 8 10 9 10
10 8 3 9 9
10 7 8 2 3
8 9 5 1 3
2 2 9 7 5
6 3 4 10 4
7 5 10 10 3
5 6 4 10 6
1 5 2 4 5
8 9 8 4 9
2 6 5 2 9
10 2 7 5 3
4 7 10 9 5
4 4 8 9 3
4 9 2 7 10
