n 20
m 5
cap 20
Processing
75 9 79 19 90
24 24 18 56 28
99 32 59 14 34
74 40 84 20 55
76 5 99 3 11
14 9 39 30 14
53 26 71 6 39
36 41 65 1 44
14 33 94 88 38
5 7 89 57 4
34 18 90 23 43
49 53 78 88 96
75 18 44 61 48
100 12 68 18 8
65 7 51 98 91
20 16 81 95 2
59 74 37 16 60
50 92 15 17 17
9 74 51 69 34
54 30 89 37 73
Size
7 4 6 1 9
1 6 10 3 9
4 4 1 3 9
8 7 4 3 2
4 3 5 2 1
6 5 6 2 2
8 4 10 3 10
1 1 4 1 2
4 2 4 2 2
3 8 8 1 6
6 9 7 2 5
8 5 2 9 6
4 2 9 10 7
5 7 10 6 1
4 9 7 10 1
7 8 5 6 7
5 7 6 4 6
9 7 2 2 1
7 5 7 10 5
8 7 3 3 10
